/*--------------------------------*- C++ -*----------------------------------*  =========                 |
  \      /  F ield         | OpenFOAM: The Open Source CFD Toolbox
   \    /   O peration     | Website:  https://openfoam.org
    \  /    A nd           | Version:  11
     \/     M anipulation  |
\*---------------------------------------------------------------------------*/
FoamFile
{
    format      ascii;
    class       volScalarField;
    object      U;
}
// * * * * * * * * * * * * * * * * * * * * * * * * * * * * * * * * * * * * * //

dimensions      [0 1 -1 0 0 0 0];

internalField   nonuniform List<scalar> 
2880
( 
0.07286452960307874
0.14335920741190383
0.22313469475325345
0.27029635847658123
0.34073695735353554
0.44779418315495684
0.10225810853212497
0.17355527534366755
0.24606016006841716
0.28927222752475584
0.35175043615043766
0.42150477872228254
0.1159536192852513
0.18398413190024848
0.24973569762071865
0.29202359904819214
0.3558205355686573
0.4304108434908433
0.12820692778285744
0.19149155283412714
0.2504475041038725
0.2924150160403236
0.3591721038800323
0.43939480256531216
0.14114390336326166
0.19774162689863645
0.2502825863598696
0.29254856143710467
0.36063071928461055
0.4435464717190564
0.15353586742794126
0.20265806704772532
0.24890078643576727
0.29223021028092777
0.3603697820378378
0.4431219299835324
0.16484096677376242
0.20616045315793036
0.2475748223180941
0.2914836151517919
0.35868492261471496
0.43954478790878354
0.1739790362748127
0.2085670119267199
0.24650196772262872
0.29055415252534766
0.356552508520985
0.43460259098256443
0.18153547639451525
0.21014439173856914
0.24520785014431443
0.2893938455807059
0.35402092490736825
0.4292548927577039
0.1874488229890789
0.21133584096620345
0.24397481309776944
0.288508042185565
0.3522485495810254
0.4253908693697832
0.1916561107954601
0.21242426947995868
0.24447783350282973
0.28875687896049695
0.3516523425054078
0.4233379123218807
0.19378313535314526
0.2135586174584168
0.2462163044856608
0.2902768967525917
0.3523002858921432
0.422265980013295
0.19412291713109872
0.21439937635895
0.2485009884085589
0.2934037610693752
0.3547959342475439
0.4236433733088156
0.19233951647421443
0.21483153384789375
0.2508957485389841
0.29774991044657806
0.35965893440146834
0.428295340954611
0.18844087836365872
0.21484277856073755
0.25320685253056047
0.30212181178420905
0.36513183015772327
0.4340027744610499
0.18278601099980357
0.21413750301399884
0.2555442991333924
0.30586851487306316
0.3701342339983437
0.43993845516002017
0.17553578720090846
0.2130805655928888
0.25771804560116907
0.3086191151705236
0.3746034681613344
0.44565328439795204
0.16638212490873353
0.21091498489042823
0.2588812551775819
0.31047060639583907
0.3778390076338126
0.45049522412633075
0.15505779674262699
0.20669685841476662
0.2595906593499423
0.311111638942333
0.37939509052400777
0.45398099503733386
0.14162884484631638
0.2001534679610099
0.25896907684921266
0.3096660758462039
0.3791466460223223
0.4549014705318431
0.12652974557420546
0.1911130490110767
0.256771206706037
0.3078715797794704
0.3767898309491705
0.4522719050436326
0.11146871671584137
0.17952263284728318
0.2524266356859937
0.304069901303225
0.3730874872066992
0.4446748890740589
0.09502556643966739
0.16471133913351782
0.2436175220040631
0.29635052399676154
0.370096880757098
0.4336099298416843
0.06458934004331651
0.13123720462114105
0.2174329273910518
0.2703706969644054
0.36330797937571796
0.4319647017604732
0.8251493518960816
0.9067538103507328
0.946749590273666
0.9701775676153519
0.9859944815763086
0.9970613666802738
1.007552391709294
1.0224769460203103
1.039144274023302
1.055670696160696
1.0714373331930458
1.0851916882418948
1.0953362615254987
1.1014267034593501
1.1043485115902918
1.1049605044958664
1.102992727484744
1.0987541573819293
1.0929505211098995
1.0853496669904572
1.0758757272177937
1.0645248924705333
1.0503796218816084
1.0341993495527264
0.7292878036650409
0.8742595831920147
0.9317689073741072
0.9616077173030565
0.9815761773600469
0.9962010267501034
1.0101793444886953
1.0282634055820281
1.0488245496423676
1.067353535228575
1.0830187289997948
1.0950270835257787
1.103509795037691
1.108286686106836
1.1092200652114266
1.1076466701888177
1.10447314275309
1.0994595991445182
1.0924043108037353
1.0842363413680456
1.0741758102114347
1.0623339169085977
1.0476684879347453
1.031431516853567
0.664068728536919
0.8271851048609582
0.9008781593042287
0.9435323902519092
0.9702809558663066
0.9912445519068314
1.010992873050634
1.034541865789011
1.057585219677211
1.0775262863092407
1.093303301485227
1.1036013629889825
1.109520143732057
1.111570692031409
1.1113386613919447
1.1086188601162814
1.1041347064214062
1.0978906913143207
1.090477368621
1.0813847497283096
1.0713501267416066
1.0590523122882487
1.0443272277152198
1.0278106392655368
0.6240352601736746
0.7776257505615067
0.8628649277505712
0.9154882941378155
0.9512173684943362
0.9802359865621925
1.010453110960459
1.0387320364817871
1.0634905252131808
1.084358403147638
1.0992139340976204
1.1079823878378277
1.1118338152182023
1.1124700800786191
1.1106299127008303
1.1067207593231059
1.1013553734365944
1.0946278535920477
1.0866146966214199
1.0777019882095662
1.0667516421036458
1.0549250395109344
1.0396735505742554
1.0236073831908732
0.5964009454143594
0.7347886544361591
0.8244054236536439
0.8847200130253567
0.9285514715490797
0.9665633609491744
1.0042812754023702
1.0383685517586079
1.0666151925717304
1.0869878147727285
1.1001315671271612
1.1076280501501128
1.110176293677539
1.1098452997039858
1.1072494830857984
1.1029475982493484
1.097319434040973
1.0902990403804411
1.082241907617985
1.0730437882686092
1.0627446253659039
1.0507698289810419
1.0355875972215773
1.019452087907286
0.574548555503953
0.6997349154512776
0.7892141189424474
0.8555004607342157
0.9066155722248397
0.9534251127600235
0.9979319173147069
1.0362111774389262
1.0653352598775476
1.0854617743902626
1.0968503293814258
1.1025506961545541
1.1046134088566746
1.1038911418660613
1.1009349844157557
1.096643196767195
1.0907839734437532
1.0846494821882788
1.076474647610991
1.0673534242306484
1.0571561105463196
1.0452560754330493
1.0306248086895005
1.0150922016387918
0.5560394172223296
0.6708767803409296
0.7596358083125238
0.829640733777525
0.8887996976838457
0.9440739242916697
0.9929192230716869
1.0326176286909838
1.062094605740243
1.080111437221343
1.0906425943213807
1.0956668440431652
1.0973771446985832
1.0964547006540244
1.0938182220254582
1.0895160700643955
1.0844758543110786
1.0781117230993125
1.0705108474648957
1.0620070737301082
1.0524943638187794
1.0409891195288248
1.0265683235256136
1.0123698344047236
0.5399602595711853
0.6472330507559072
0.7357849937361045
0.8095525799829875
0.875585542127138
0.9374674816601725
0.9898533715564637
1.0299580595123399
1.0569396357517797
1.07327005902812
1.0829815913312384
1.0873569508769778
1.0889485627807989
1.0882870241858058
1.0860317832522632
1.0821836763813966
1.0779241795390684
1.0721587769721235
1.0652017295390033
1.0568634833203843
1.047884263023137
1.037113271557207
1.0239486578150843
1.0100792840711952
0.5270687441548032
0.6297583602488163
0.7188469012531957
0.7952197442433104
0.868519341605648
0.935093506260657
0.9885058434157445
1.0262133959280992
1.0505294012473931
1.06561456907535
1.0739711608920053
1.0780893662526865
1.07992199181449
1.0794876813976415
1.0778853288346095
1.074771812275026
1.070688300278358
1.0650098186928776
1.0592108088955579
1.0521231524520918
1.0441361908560922
1.03457044337495
1.0219152334474275
1.0091786528060795
0.5184935024121581
0.6179343189977125
0.7078442515561554
0.7892570313964397
0.8682360254770396
0.9360598291774049
0.9877863293734965
1.0220347379592636
1.0436575795685128
1.0569554958390923
1.064927705917223
1.0689846905827975
1.0709499353174967
1.0711650012250442
1.0694917187845394
1.0669302130471228
1.0637263738242972
1.0596831178907469
1.0543860606891835
1.048442400973771
1.0416184038902077
1.0331913994722632
1.0222983054867145
1.0107635666397128
0.5128713310986933
0.6124910405334776
0.7035661742179893
0.7906721540484861
0.8729837439569637
0.940331104740406
0.9875816652481404
1.0178324000579697
1.0371532490576303
1.0492476231836734
1.0564966213198088
1.0607325858587473
1.0627873427976715
1.0633095364388343
1.0622594390080125
1.0606583880427947
1.0578873523850179
1.0547598140209589
1.0504557098533238
1.0460658964727543
1.0406489247544253
1.033795570256181
1.0244127227708213
1.0140545129103191
0.5106661388046099
0.6119151854800795
0.7053298446761073
0.799132741986935
0.8829450304363438
0.946302942278117
0.9884540567109218
1.0149315888216943
1.0316450242135706
1.042352852167933
1.0490013869867796
1.0533609084412516
1.0557990706784537
1.0565579075541625
1.0563019757596512
1.0546691473721568
1.0528567657930286
1.0508558707852889
1.0485931340624814
1.0457153212071315
1.0416033392270978
1.0364228498016532
1.0280792820986266
1.0185035165141754
0.5123763583331679
0.6150476887165661
0.7147648735538686
0.8139915533553512
0.8962804773728946
0.95321407810481
0.9899648034064056
1.012352908628306
1.0271571429546211
1.0369541167541094
1.0437126568405863
1.0477761330893351
1.0506537157072666
1.051295290659566
1.0511067370031877
1.0506791918413823
1.0504733362585066
1.049923056294331
1.0491320653480494
1.0475928436573356
1.0447335047094455
1.0401525286099744
1.03267624269136
1.0237300785551031
0.5172873060760242
0.6220224401737225
0.7299190160858678
0.832664323760677
0.9098508839844105
0.9600854117477214
0.9908474592024461
1.010840588762352
1.0240397086863167
1.0335969431340133
1.0397394819556685
1.0430444909072314
1.045880666445611
1.0479131113253306
1.0493357828582115
1.0503946028627251
1.0503209507044953
1.0504034966040163
1.0510606863278746
1.0505407181563875
1.0487981449237482
1.0450131738415
1.0377476651874362
1.029219838164952
0.5253126757325177
0.6340145323112831
0.7507534908289094
0.8534594383841579
0.9227686257846761
0.9656255129830781
0.9921617825204188
1.010400017945453
1.022285853703283
1.0300171248535324
1.0364195865454242
1.0409142251954409
1.04423897995475
1.0461492896984794
1.0475747625249199
1.050218324796287
1.052156291027226
1.0542771155560446
1.055159371902032
1.0550403589438109
1.053359384766862
1.0496450082968745
1.0428533225914018
1.0339694424899462
0.535617301048033
0.6537342613212733
0.777912634175351
0.8742199279360279
0.9350522809251202
0.9713985084809074
0.9946674435999868
1.0096365283672895
1.0211503779637352
1.029249088900894
1.0346102731169153
1.0385930139018031
1.0421147955281358
1.0455011261833862
1.0495198391279172
1.0527906385034065
1.0551021637240878
1.057407727247297
1.059474055505106
1.0596876245911446
1.0582703717943165
1.0544875469530153
1.0467489282835436
1.037683832490324
0.5475135576743183
0.6797098824204918
0.8084667987954176
0.8954772817785432
0.9462196939636085
0.9763380917011835
0.996889709899983
1.011157857388996
1.020748376712264
1.0275225410629314
1.0330752355897386
1.0381128352964206
1.042763505766338
1.0473320479666075
1.0518407075086398
1.0566048169331757
1.0603470324633768
1.0625730408859169
1.0639859554749072
1.0643948091419293
1.0622626953103926
1.0579344612780188
1.0500093171426623
1.0399137603509463
0.5607847795479426
0.7118745123017468
0.8403677006961104
0.9145030803121347
0.9558030609080653
0.9821139061341032
0.9992465637348307
1.0112581623470767
1.0205396997704557
1.0274551044300255
1.0334687784516152
1.0394723933153578
1.045359286842138
1.0508264675994723
1.0559953902012698
1.0606417527154481
1.0645284241213913
1.0674961889159373
1.068899137940857
1.0685311753479025
1.0661779611755016
1.0606250169773868
1.0515470227326569
1.0407323513034905
0.5778265182157417
0.751314053187931
0.8692012977362731
0.930116703568248
0.9642513298728198
0.9857623227195762
1.000765591021516
1.0119530151542666
1.0204989786775602
1.0276534339524817
1.0338914153335432
1.04100316902412
1.0476620986295986
1.0548134818437007
1.0611428776508074
1.0661333705908995
1.0692158480329519
1.0723036766840255
1.073435262727819
1.07246327137451
1.0686377183436782
1.0623441592052534
1.0522400655333957
1.0400037778442408
0.6004358396476527
0.7939677281909251
0.8942558472303385
0.9434185540170988
0.9712523216588674
0.9891545165141856
1.001895961626264
1.0120233357877022
1.020006914585791
1.0273717556878665
1.036201331381555
1.0446790753597643
1.0528789775993197
1.0600834476714955
1.0659245542870066
1.0714145591210618
1.074597895752653
1.0765945474156016
1.076934254720603
1.0746440896094085
1.0700658866645751
1.0626965714297385
1.0522802513409126
1.0392274121816656
0.6335762862949406
0.8351575038259103
0.9152587809255521
0.9536649760490918
0.9761483351561772
0.9916285718600487
1.0029343913600048
1.011876928537941
1.020909075755022
1.0304124553114418
1.0398081427804857
1.0491309182185904
1.0579886443972408
1.065692918558078
1.0717220720943386
1.0758308693763445
1.0792394778250256
1.0805189638223796
1.0798290376738282
1.0762509010958472
1.0706803614854141
1.0622223707670877
1.0510171704791853
1.0372221243887698
0.6844309172959532
0.8691759008047276
0.931091625909109
0.9612720400517952
0.9797303267728167
0.9926635661457964
1.003091136352311
1.0125058252813706
1.021952005019064
1.0321718664234936
1.0440445588976093
1.0547364248049174
1.0635655406903004
1.0711124916299983
1.0770589041714624
1.0810225397475086
1.0836726808612833
1.083598229093692
1.0816665173816467
1.077114017016071
1.0707271299187084
1.0613454857294935
1.0499828020955548
1.0359230138129611
0.7536131331578234
0.8941041511952759
0.9404861587360804
0.9652430813061605
0.9812711104208148
0.9929088015988862
1.0030213314551917
1.0125302326902241
1.0239269792883383
1.0367072020581733
1.0489946686366733
1.0605869194049697
1.0706235287717447
1.0776651214433208
1.0822276348908426
1.0857420420287067
1.086829784753296
1.0856092039531904
1.0826922963264354
1.077227094503641
1.070056958054682
1.0603820611219152
1.0480280551382897
1.0338006942648799
0.8293268813084635
0.9069415790812085
0.9425311761216696
0.9656132856799902
0.9806959016043306
0.9923980692519692
1.0020140390623837
1.014320495325676
1.0277897998207024
1.0418970835704655
1.055156338269705
1.06650672747751
1.0764028151823215
1.0832402486845039
1.0873371987731466
1.0898013643011992
1.0896835733456478
1.0872012808070322
1.0831798686412486
1.0769758896676298
1.069387477616784
1.0593793290386917
1.0465354084188152
1.0322426377080185
0.07138330350012807
0.14282729624481524
0.22400514836847463
0.27422886212238223
0.3433817796816627
0.4520646820855997
0.101713110418237
0.17393922324638508
0.2474014636662868
0.29189103532692495
0.3528198278626633
0.4212864421440901
0.11594199264938163
0.18496077575479367
0.2515198364500026
0.29430740823777846
0.35671073766966777
0.4281289627392545
0.1284055440530733
0.19308708927278648
0.2523936652307619
0.29446638286610216
0.35815797945392797
0.4351640105565469
0.14139905655719168
0.19956547531818258
0.251889278747692
0.2939324443311066
0.3581939906579492
0.4367217095287276
0.15393551790562476
0.2044118966857736
0.2512846531789265
0.29313500062682013
0.3571337276131901
0.43466700308842837
0.16553697339560328
0.207771660627269
0.24994172079275864
0.29191638515995794
0.3548621113176847
0.43007685849640936
0.17504866479237782
0.21059139093137133
0.24821865004074406
0.29029594477508674
0.35187511533908616
0.424073273424772
0.18272216401681257
0.21264995764672298
0.24752458876195987
0.2889738150261952
0.3489219534778383
0.4180024692252791
0.18876514852068507
0.21413434089319325
0.24745992565912378
0.28850651980693093
0.34689219989243536
0.41379811984229686
0.19301181893909047
0.21532494114049483
0.24800611460856353
0.2887632704313486
0.34643669655900955
0.4123279401128252
0.1951551351724077
0.21625328289395046
0.2492780593222522
0.29015648944877115
0.34793305671099833
0.4127959314140264
0.19528413147425136
0.2169168184017916
0.25125006654016235
0.29353312650767216
0.351421402300017
0.415162799315997
0.19336877142298034
0.2172525592528988
0.25363070091766754
0.2978863514077459
0.35640583489522637
0.4200104466068555
0.1894350374729143
0.21700965105995781
0.25603815040118805
0.30235012915265524
0.36206821085012103
0.42605379115797715
0.18366347377630632
0.21616805082507187
0.2580346995302671
0.3065440457454242
0.3675910185916063
0.4326017497984719
0.17634991021821395
0.2145442727805676
0.25934389473772923
0.30985213723857186
0.37249395142753217
0.4390155470562753
0.16704347826304933
0.21176051279458089
0.26072435402545435
0.31176972414774196
0.37639625529679294
0.4447115366545079
0.15565403866938954
0.20748124152095565
0.2608447607115544
0.3121640360948538
0.378817567709067
0.44912185916369884
0.14221766352544843
0.2009325397380339
0.2598408086859543
0.3114600536075504
0.3791114875388608
0.4512150362336465
0.12651333853894353
0.19134352249260747
0.2572746935437867
0.3089668566916516
0.37759669245380795
0.4502115439793018
0.11112722032664224
0.1792528820914473
0.2519215708294043
0.30477261048667587
0.37422324693220427
0.4448357723877867
0.0943947038614535
0.1640738294030537
0.24269460191733608
0.2964938961777628
0.37029077447088443
0.43655131846618594
0.06326183129659067
0.1300038612389221
0.21502524012990248
0.26980258000664725
0.360955956602118
0.43755168684611695
0.8136560296729165
0.896979485322957
0.9364293823338985
0.9613379851674381
0.9769263543108383
0.9898986733732064
1.002169443309877
1.0155102786331365
1.0315760327574837
1.0478435634961913
1.0621589716903328
1.0735539506784624
1.0818768561172478
1.0881130656327922
1.0919485626824423
1.092744260904147
1.0913722757154145
1.087838847643864
1.0831932113041018
1.0763527395507124
1.0681781694299213
1.0579194390792626
1.0449538700394514
1.0305256210010232
0.7152517579671559
0.8605506803207642
0.9185683448880139
0.9503532156616099
0.9700538276738866
0.9852439071015847
1.0004165659707687
1.0186541561915379
1.0366598884875768
1.0535504908966502
1.0686532455359259
1.0793514780270859
1.0875790904413447
1.092507362534264
1.0944180039264126
1.0942996400838452
1.0919528363688629
1.0877632367802803
1.0819317170881106
1.075100541485629
1.0663340940099606
1.0556326401769516
1.0428626706333974
1.028318440813154
0.6508251970058039
0.8112991814023272
0.8866634202576833
0.9292634741481757
0.9566501701181543
0.9765724549038848
0.9980506616905349
1.0200533996674759
1.040862956006151
1.058915156033402
1.0734605097602967
1.0839234030595297
1.0909017297160963
1.094535095346517
1.0955392983365688
1.0942851069920132
1.0910237989472678
1.0863729996272076
1.0802185360526528
1.0731768735218574
1.064284097685937
1.0534907804491733
1.0404809442474097
1.0264753892822223
0.6103272054414316
0.7619763617387683
0.847044243788636
0.8999529265340994
0.9356065377456522
0.9647066039153303
0.9919367917744116
1.0185836272490392
1.0425702307215148
1.0621713071390466
1.0764186000899945
1.0862683349817663
1.0918912649742474
1.0943235250887753
1.094501119381709
1.092192604417918
1.0885106634873378
1.0837037626418153
1.0776545517974634
1.070147464406227
1.060701098694615
1.050436557458488
1.0372616484961041
1.0229798055573278
0.5819430390254009
0.7188975574296036
0.808020890860142
0.8681915809755546
0.911854371573271
0.9485041079240286
0.9838285491846855
1.0149876578226005
1.0409816023006577
1.061309482393528
1.0756109890327759
1.0843512565932802
1.0890352761577538
1.0906558568034315
1.0899248195651652
1.087627788423173
1.0837660589009475
1.07884200218923
1.072685028377573
1.065326253110905
1.0567565118324895
1.0463856395055564
1.0331419074898311
1.0196715095691833
0.559138518796434
0.6819640300027586
0.7725979100210898
0.8384009458747517
0.8884635649738555
0.9333787894742808
0.9740866414947201
1.0094063539570586
1.0372616509519952
1.0579812907296378
1.071172846152725
1.0790864624442795
1.0830772073781287
1.0844010687640793
1.0836104587982893
1.0813699161914105
1.0779216535737295
1.0733892691472895
1.0673397635117146
1.060145823234613
1.0519371288515154
1.0422749216675764
1.0294586055097523
1.0162301264325888
0.540009720996383
0.6525641497367854
0.7417803372013206
0.8119485142081135
0.8689289789604394
0.9204737465524031
0.9663604703426321
1.0043158995372852
1.032829539176476
1.052007781967568
1.0642521463066013
1.0714838334220853
1.07537689788821
1.0764152830556626
1.075999078582809
1.0742563090686192
1.070892407575287
1.066519285309555
1.0609919969084791
1.0545372417984047
1.0468550614468886
1.0372362397700303
1.0251908763835798
1.0127813026401757
0.5234882744545647
0.6287263669913543
0.7170366673865011
0.790293086259941
0.8535472062880707
0.9121266117180187
0.9613296267311313
1.0003837099986272
1.0276792885566146
1.045317715198476
1.0562588681901888
1.0630696241332764
1.0662993236885474
1.0680278085900095
1.0676953518638568
1.0663087243531078
1.0634554507122198
1.0600036015052734
1.0551382732131094
1.0492332514696805
1.041931980981612
1.0335514264988022
1.021784505924466
1.0098812406519442
0.5096631991489152
0.6095303982016581
0.6983861477337278
0.7742825019556467
0.8445764645990732
0.9082101153286107
0.9594272588925115
0.9973467062463203
1.022308363283287
1.0383697396930083
1.0483618171153934
1.0546866695992907
1.0580255167191384
1.059861123207686
1.0602143026008952
1.0593364769314197
1.0574389782534952
1.0542616381942347
1.0499593022922744
1.0445125625477458
1.0383249480336691
1.0299397043686978
1.0191018408037724
1.0079288101270996
0.5008177034315773
0.5974268315880297
0.6860303021120298
0.7651534212154589
0.8423413630157923
0.9092854190097609
0.960281282699681
0.9953318798890894
1.017721058211989
1.0323097115681763
1.0419026399030114
1.0477634907114963
1.0516746391581813
1.0534203739307733
1.0541423790051412
1.053553427122951
1.0518105004792822
1.0490237616055458
1.045660821662219
1.0410950612588907
1.035144516843171
1.0281826918916457
1.018022813504131
1.0075899571069034
0.4967594363244446
0.5922604898568401
0.6808125047850011
0.7657494401041998
0.8469650106666242
0.9141946047556302
0.9620459181617106
0.9938004567369292
1.0139581502461248
1.0274361553805844
1.0361966424043922
1.0421657266556303
1.0462428956627992
1.0485331457359346
1.0490816515470742
1.0493222454297417
1.04809421728446
1.0461828955962065
1.0433342705891815
1.0392437408961446
1.0343790719471195
1.0283804183627063
1.0192649118314727
1.0092457986029346
0.49564546100600854
0.5918317174548088
0.6830252158412308
0.7749528116600211
0.8581108795750445
0.9219159473001755
0.9652440481672803
0.9930596834780806
1.0115830150574048
1.0240772382466878
1.0326017707682322
1.0385613453885152
1.042772489940979
1.045270624501194
1.047001851703266
1.0469545282541644
1.046056160197946
1.0445905077941173
1.0424013582678204
1.0396330111007428
1.035571115925559
1.030353369211341
1.0219317092309435
1.0124193493897498
0.49675641032183043
0.5947135368091618
0.6912566070023869
0.7899622824266334
0.8719251622027356
0.9308977686640683
0.969067214683975
0.9935131528213477
1.0104342469543173
1.0229181556331164
1.0312360583740272
1.0371246392324982
1.0413120388143413
1.0441571821491236
1.0460691386610228
1.0467691260626895
1.0460681811808754
1.044813349279156
1.0436033590752944
1.0421871301049865
1.0387864979428476
1.034190368016427
1.0261523568892865
1.0170665270575716
0.5026943132124225
0.6014482797423107
0.7059930066721516
0.8083944935821356
0.8869809790866976
0.9389847711787502
0.9725055218685328
0.9953196990740172
1.011070699366935
1.0222077699259149
1.0307061378346303
1.0369904576154505
1.0419809195596836
1.045078584432048
1.046657426758531
1.0473168921145313
1.0481680994382672
1.0489889263026202
1.048219473771983
1.0469493392877622
1.0441252159922727
1.039356470908737
1.0311662420135232
1.0217575311983027
0.5114181015009668
0.6138953978025481
0.7265994685605811
0.8289355440781074
0.9007696583108545
0.94593334417707
0.9757904943144213
0.9963166410632387
1.0112895203222894
1.0229674268393456
1.032118896190917
1.0382275098677325
1.043025270710882
1.046650691577814
1.0494458590139808
1.0518215117593788
1.0532768403965942
1.0539935228259563
1.0540706210868573
1.053066686654509
1.0503396202629902
1.0455216997574535
1.0372134006927496
1.027303340381361
0.5216794175100091
0.6328896638827859
0.7535602916700128
0.850927301349952
0.9123480809541596
0.9521060688403069
0.9783220943245661
0.9977804538108954
1.0125839391779488
1.0238737575236718
1.0325681201369739
1.0403810404462142
1.0461159835957679
1.0501467106829299
1.053692271576494
1.0565027133933391
1.0593903893602974
1.0610943910647497
1.061098159955396
1.0599844451115479
1.0569300105369246
1.0518077085474957
1.0430517130461545
1.032525027839456
0.5332498391486015
0.6591204410519121
0.7856280601331821
0.8715583831866461
0.9236540105531403
0.9570118621531599
0.9809936802117948
0.999224345145832
1.013531753355029
1.025760425410493
1.0352452780589438
1.0425071188402746
1.048833643356035
1.0544364472082015
1.059883023351306
1.0633766140139114
1.0660677784283885
1.0678932786713937
1.0684285191979297
1.0668045522246634
1.0637103805303045
1.0576761331474496
1.048160549659179
1.0373805263237499
0.5470856924126497
0.692528515946212
0.8180300098053549
0.8914221586893939
0.93486163634411
0.9629452360766583
0.9836919228528929
1.0014772260375455
1.0155579415366198
1.0270248794065797
1.0374018568106325
1.0456196703447334
1.0532207815094714
1.0599733999440992
1.0658034678710302
1.0704787317597717
1.0741072322631942
1.0754977024137047
1.0753758965735523
1.0739262766813524
1.0693923855862038
1.063021178841045
1.052806867416148
1.0411668446337967
0.5649630172921211
0.7329957765942695
0.8485033806784263
0.909772927111192
0.9448055240202266
0.9692392460638176
0.9875749677017737
1.0034850378044962
1.0175193769570647
1.0297177758431149
1.0401922498602632
1.0497105970256433
1.0588351484299274
1.0665790635528258
1.0724490435628613
1.0766729898916187
1.0808735027474654
1.0821969664243034
1.0819573754241074
1.0795069149281074
1.0747277031536246
1.0672467870384583
1.0563576103739345
1.0435012480796029
0.5887884621467845
0.7777894375444756
0.8765125212753434
0.9253392212843895
0.9547021080821733
0.9757551368008138
0.9928486504618819
1.0077494533424798
1.0205280488962616
1.0330425833322952
1.044116703546145
1.0549137479419382
1.0640134514041537
1.0726648368727245
1.079051901530484
1.0839132489079937
1.0866920588584852
1.0879718002660794
1.0869169804232885
1.083882185131009
1.0782630281561492
1.0700020770931216
1.0585816920329705
1.0451229982903527
0.6237942634034953
0.8219242998175227
0.9007138797503408
0.9389505184766808
0.963983126450861
0.9827793671431347
0.9986244365116318
1.0127756002916533
1.0252644665383044
1.0361598775358474
1.0490775265648122
1.0606088868482182
1.0705137739769557
1.078241049506237
1.084570038760246
1.0894886388084895
1.0920395578249962
1.0923654631969484
1.0907699728585452
1.0866680630332095
1.0803303960662407
1.0713728891699896
1.0594067533182194
1.045118287419377
0.677345527381166
0.859951453355803
0.9201528203333011
0.9512132011043603
0.9727325931146636
0.9898636284008394
1.004838033247861
1.018394545289238
1.031342516626535
1.0435626746953075
1.055022088803506
1.0661716637853627
1.0765833020787903
1.0846355575445035
1.0903256713186227
1.094481412256139
1.0958571578825216
1.095434531538062
1.0926147624247968
1.0879658497304079
1.0808998900292077
1.0715222586332596
1.0585411825336761
1.0441923160988722
0.750162859934836
0.8885202866562947
0.9337757424962868
0.9607582628537666
0.9802990854017859
0.9969129590797275
1.0118410803357598
1.0247538993203626
1.0372643296434585
1.0506368099348367
1.063189422190661
1.073362044760947
1.0821337108162832
1.0899267340395622
1.0952497151760447
1.0979376855494707
1.0986238520922096
1.0971395355700633
1.0934591208451934
1.0880269929321322
1.080138518642069
1.070184162481567
1.0571318658058553
1.0421482416487786
0.8297631146756074
0.9045339583363216
0.9416242348376025
0.9672906479932274
0.9873690008447155
1.0032275227578986
1.0181081115783062
1.0310500314400304
1.0446713043247795
1.0582850373765094
1.0709447059514838
1.081527066305857
1.0889282786258276
1.0946727240560288
1.098623477328605
1.1003426134597118
1.1000510926107638
1.0972383158271597
1.0929969813152967
1.0864634363143593
1.0782893444410246
1.0678290423179781
1.0545252192625827
1.0386623302490678
0.07654080713783364
0.15559050393336898
0.24022431726653687
0.28807502257841405
0.35703860132632864
0.45450198667645736
0.10874796762882744
0.18782713937638526
0.26233782196305516
0.3052123319209583
0.3650775237091091
0.428286321718471
0.1246734328860702
0.1983931418682554
0.2647577707534276
0.3059606596149767
0.3663544964042861
0.4355996032577262
0.1386514319473794
0.20558657745759273
0.26425068445678845
0.3041789677200062
0.3673961707432693
0.44333587421931314
0.1528164165646498
0.21147390454608897
0.2627368912672972
0.30256928853768705
0.367060064519206
0.4465292619684329
0.16621272308450555
0.2161033366205015
0.2601887056708282
0.3004820648088566
0.36517434314249575
0.444979856540395
0.17823745238567862
0.21906288162006973
0.2579078367632537
0.298271782847185
0.3620927019141857
0.4404525742408028
0.18822776486176027
0.22095711510380223
0.2558944848808754
0.2961764832359092
0.358434368412203
0.43443345345635925
0.1964655235898534
0.2221892588683344
0.25379485401980334
0.2939572767779524
0.3547905000572523
0.4275635231542364
0.2029812818839288
0.22325824564665647
0.25196372550188495
0.2921076410133069
0.35152332890379484
0.4224731629397369
0.20759345165247153
0.224136584822331
0.25218899762286484
0.2915374474132792
0.3501389194423614
0.42061336821251283
0.20997740775821164
0.22504227763122603
0.25343248919637895
0.29274368794948147
0.35059977849381546
0.4204662752252623
0.21028443288758775
0.2258151371096479
0.25550415005241334
0.2959791755598906
0.3539807807655207
0.42363836700026297
0.20827767671614722
0.22615243612995906
0.25789565857840613
0.30052590586469946
0.36004645955762565
0.429623694917933
0.2039285905315244
0.2260136889822812
0.260535659588742
0.30538988809805895
0.36629414774318375
0.4368176607261341
0.19760716488875896
0.22556986200773133
0.2634390719749918
0.3099492095858759
0.3725633585313843
0.44418896829880194
0.18948816943317834
0.22454646255023847
0.2661749257695845
0.31367266261890053
0.3779740776005403
0.4512133198254788
0.1794270494283792
0.2225075723076807
0.26799481218892407
0.31677404034731527
0.3823564932473102
0.4568322973497004
0.16732012550648567
0.2186679329822972
0.26981469706092576
0.31860575956701903
0.38511348837006426
0.46079756495300106
0.15330352537032527
0.21275816270840503
0.27030888812641013
0.31875254912186507
0.3861351614776492
0.46189354488607626
0.13697546349541315
0.2043124321782448
0.2692918572957871
0.31816399781525717
0.3848983698531523
0.45945470605936567
0.12080943331670305
0.19274326349303902
0.26597826416028736
0.316146263905704
0.3819517387418024
0.4520617884866386
0.10309575721809036
0.177501920956277
0.25769004530909423
0.3099678393899507
0.37929545616488963
0.44110525475508433
0.07027011152430361
0.14129301705986022
0.23033247770411353
0.28520783495472773
0.37179846814548195
0.44010672525106365
0.8204067099174472
0.9000631987179151
0.9417035485822409
0.9696997951538336
0.9920774833293007
1.0088634023882304
1.0237794867398686
1.0392600022099392
1.0539059327768043
1.0668944963154507
1.0780148532692673
1.0883499961821734
1.0954057800583035
1.0996710849638562
1.1021226517213691
1.102051242689167
1.1003730138823304
1.096508007446751
1.091622011197265
1.0842362415676496
1.0755987812792966
1.064670290899721
1.0512322704962127
1.0352501688276676
0.7260534387966879
0.8694163603167941
0.9299150075628048
0.9657467755338874
0.9923842288644454
1.0125680295820185
1.028941703161868
1.0453642909898446
1.061528141323369
1.0753683476485563
1.0863803268399688
1.0943188159971415
1.1002197271048488
1.1035329696045157
1.1041772132674363
1.1031066158710356
1.1002982495753462
1.0954730876512702
1.0893677994501045
1.081772012353799
1.0723358713065545
1.061073858396478
1.0470746106814746
1.031097729676296
0.6623197253304314
0.8245031398943772
0.9028663393829194
0.9524751665545871
0.9857968024252751
1.011186056368629
1.0314659564099655
1.050653073507782
1.0673194951790597
1.081857769125394
1.0926119413166044
1.0994648043468749
1.1036294967805698
1.1053805026723613
1.1047573575358067
1.1022612793023234
1.0982528373666411
1.0928351594846688
1.0860912066481114
1.0782248759375388
1.0684886753056684
1.0567299963975654
1.0421151756963
1.0259493998756057
0.623057548038539
0.7776002107996788
0.868372757801578
0.9295392781104439
0.9712716547882474
1.0031298359835794
1.0297555150692659
1.0522041598130614
1.070347703505658
1.0844420013339222
1.095251649710778
1.1012646258375571
1.1041489107757831
1.1046002533486674
1.1030648491025963
1.0998032524737802
1.095209875326081
1.0892599005246029
1.082078508892959
1.0730224921502556
1.0631110188259063
1.0513901294495873
1.0367605378118583
1.0209100438233392
0.5959667077531948
0.7371922430982761
0.8341543955128506
0.9025795533847049
0.951693816547905
0.9888494132777601
1.0208801746486595
1.0478069404099422
1.0686009603666597
1.0833165301386611
1.0933767027826204
1.0985160366174698
1.1011176143627173
1.1010572417795301
1.098818221647872
1.0953518329999432
1.0901386797116925
1.084090552502412
1.0764933232798515
1.0677203179464672
1.0575966222083124
1.0463111515400798
1.0313475455026702
1.015578595054115
0.5745266481066373
0.7041593475898472
0.802704162400269
0.875871087771376
0.93020863617956
0.9735417914940523
1.0103699607074996
1.0400429277379646
1.0624286006098846
1.0779686588814215
1.0878171389794555
1.093053067283434
1.0945206625828992
1.0941952175952163
1.0922031900806708
1.0886261368234735
1.0841361929947533
1.0780277988291853
1.0704491967916159
1.0618014973348215
1.052025745932305
1.0406632533275317
1.0261384345069202
1.0109338994661912
0.5560980639760837
0.6777818211176079
0.7759203516504816
0.8515624445030652
0.9103033020938351
0.9594248746052527
1.0002683345829297
1.0318230497397831
1.0548380515961684
1.0702863808954988
1.0795350936400718
1.0849302441871251
1.087082667931163
1.0869165068519626
1.085117642879143
1.0820695197609247
1.0772146017560142
1.071565299556015
1.0644846241545385
1.0565456575024594
1.0467186277710718
1.0359206820514764
1.022283489664802
1.0077598619244106
0.5403202096864638
0.6562449904423784
0.7536516029189297
0.8306320153579085
0.8930659145990739
0.9473918975593812
0.9914003138121629
1.0243354905643585
1.0475407059767907
1.062322407313958
1.0714602143322365
1.0765383123389731
1.0790661133752784
1.0790282104832363
1.0777427178279246
1.0745218979689664
1.0705924956377961
1.06524652659927
1.0587780975871863
1.0509281586200596
1.0418701694323431
1.0315374947031175
1.0182924133643116
1.0049497688686342
0.5271510032110948
0.6398292461445594
0.7367253868819641
0.8139886665208113
0.881783879271252
0.9397922292250784
0.9854871421890407
1.0182910976437158
1.040093675617704
1.0539653944589393
1.0629638684910188
1.06787087785644
1.0703068713475448
1.0706476860890302
1.0696529698218733
1.0668607777003825
1.0635390993791976
1.058852807672566
1.0530750250752865
1.0454762048656066
1.0376898042001959
1.0279775994608515
1.0157132439523135
1.003740381155911
0.5194172247079233
0.6296590476714312
0.7256473462501849
0.8056891813245068
0.8771073928069429
0.9365974214982037
0.9813713982896325
1.012692461374797
1.0329917712464176
1.0460832057661558
1.0544792264710339
1.0594979985029296
1.0621390453633255
1.0625903535946188
1.0621373716386207
1.0602819752254267
1.0572443140664602
1.0525107156379743
1.047652989903872
1.0417446340443823
1.0347074577347561
1.0264518186820952
1.0155936499026894
1.004834635177867
0.5159542694620312
0.6258291948905805
0.7205428297997736
0.8044250290682358
0.8783709329528072
0.9372335816969796
0.980218034461134
1.0085675092966895
1.0271481344905808
1.0396404981163099
1.0472398254205468
1.0521163769938624
1.0545496360079991
1.0558749713124753
1.0556219470731254
1.0539254061937247
1.0510490953919187
1.047308686083373
1.0430682069123718
1.0382585854488426
1.0327726858229096
1.0262804467723923
1.017171139533145
1.0075428255377554
0.5160862207971665
0.6262770732030447
0.7211313455662792
0.809161244800223
0.8844501848936526
0.9418049897730822
0.9803577767706839
1.0056214310234546
1.022181145956617
1.0336105175926704
1.0410334917880792
1.0455972409109349
1.0484109794552574
1.049437508544355
1.0495402526325524
1.0481192892383182
1.0456765161589472
1.0425137470538068
1.0396615175487636
1.037025312755051
1.033708147801287
1.0288132710903561
1.0210377066813936
1.0123879907355195
0.5198459643419109
0.6301528116492205
0.7294002402265142
0.820854101243766
0.8946903113928908
0.9468109115851614
0.9814821743680568
1.0039751923860576
1.0191677999693871
1.0290108861670824
1.0360035822590186
1.040729901319021
1.0435901578335744
1.0446542750955696
1.044397533348898
1.0431295853707483
1.0420207592929018
1.0407476335398884
1.0400568211143144
1.0390781246635554
1.0367850679766784
1.0330430548808358
1.0262759923158127
1.018405211781061
0.5263203338074223
0.6373348717415056
0.7421342736065877
0.8359537887916756
0.9066014767768558
0.9537750330488192
0.9837278323819771
1.0033400157762662
1.0167331924385472
1.0268214610873607
1.0333103341317589
1.0374245299768616
1.0395698712343264
1.0411526355683596
1.0420244095628055
1.042018013168062
1.0419894642447658
1.0417507121197265
1.042119139027788
1.0426259196478591
1.041779762345549
1.0388769859884024
1.032503342195677
1.0248966831275723
0.5357858578071787
0.6492083033776399
0.7603414883590773
0.8543368577485451
0.9191189348543441
0.9605731989186305
0.9852638364009032
1.004062884386374
1.016623632911645
1.024840448560389
1.0304084894653487
1.0351589384112496
1.0382129006817216
1.0395983202738437
1.0399784814441955
1.0413064249851696
1.0437738299609776
1.0462467081718823
1.0479506605368158
1.0484702572854474
1.0476852781087376
1.0451603786620898
1.038890824545862
1.0311583055785611
0.5473205025857455
0.6681876424057496
0.7839295862509947
0.8736187136543656
0.9314072887732591
0.9662529674010426
0.9895549714254736
1.0046882964393637
1.0156288387122245
1.0244987305843962
1.030270496333843
1.0333257897417183
1.0355323862552297
1.0378739383640974
1.0413770528100224
1.0453795887945174
1.0481750223973063
1.0508910948789465
1.0537822004217428
1.0549561625619588
1.0542041740031223
1.051555097513156
1.0449318299471637
1.0363731465651567
0.5600308553622211
0.6918383909852877
0.8116613666240324
0.8939662623880106
0.9427486305850735
0.9725339021005277
0.9919271956886601
1.0065898634996076
1.0166796134088623
1.0234162643992926
1.028629208697008
1.0330344181616054
1.0367262940891082
1.0405486149128245
1.044683232085058
1.0499262783698207
1.054763042634501
1.058320214499479
1.0605156639518813
1.0617331421025862
1.0606586891597238
1.0571488536072373
1.0497609619726571
1.0404963804664138
0.5740631562868151
0.7206424231040316
0.8414365254201445
0.9122655351798877
0.9519660552472097
0.978121186045786
0.9952136714122441
1.007025949686409
1.016678259609466
1.0237102444689914
1.0291745031877333
1.0332070723694933
1.0388053624007394
1.0449892758555508
1.0508445461513733
1.0559737087047314
1.060259605588852
1.0647251707483416
1.0677374007808258
1.068334184108064
1.0665044590718828
1.0616578076341692
1.053104315974926
1.0424918072488008
0.5909123704799815
0.7569582140520541
0.8686372226335417
0.9271239062455556
0.9612919409098921
0.9824864425806218
0.9979707414701977
1.0086175541147235
1.0167084964031854
1.0233864796267302
1.0288716963749722
1.0350020464373177
1.042248672821526
1.0494407898974838
1.0573927803666499
1.0636685830373562
1.0683698271673545
1.072016522296884
1.073687541187853
1.0736683731316319
1.070774689069378
1.0646536038235137
1.0551682721929043
1.0434940443025147
0.6128070335661225
0.7968366318313028
0.8928734618196892
0.9408383177660671
0.9683840396873215
0.9866212487074051
0.999249397680981
1.009635841252465
1.0176255965254004
1.0234741650674772
1.0309606258241804
1.0400383687287285
1.049147019517504
1.0569577374967696
1.0630243037516716
1.0704693942238332
1.0758641580356112
1.079069818617918
1.0800138754997939
1.078418668603299
1.0742720213579713
1.0666644849250149
1.0561209786653367
1.0430198664652348
0.6432974320312483
0.8358996183957692
0.9137115592094458
0.9522983550241131
0.9743798083666964
0.9899224757238646
1.0013276665351185
1.0097502093656971
1.0181652313198206
1.0265493112812225
1.0356606009277292
1.0452632583198986
1.0556183115202376
1.0648132720949195
1.0726857004227164
1.0782545926702816
1.0823242919674985
1.0848508004471484
1.0844989217027639
1.0817250027672856
1.0757066600716212
1.067343049278863
1.056095257604812
1.0420895688464553
0.690736074818822
0.8695607931520397
0.9302547393692884
0.9605707787142334
0.9791200629574827
0.9917834972911552
1.002579013734673
1.0112638962247094
1.0185855568428213
1.0286143514001669
1.0412228205453407
1.0529207743376903
1.0631268422014162
1.0721648339309293
1.0805456357237184
1.0857884988504412
1.0891680075192753
1.0898405025635602
1.087887928711686
1.083609089293702
1.0768407026997313
1.0676806796448928
1.0555948081999227
1.0407107061623262
0.756686723004162
0.8947755854625398
0.9408546841209229
0.9656906058816358
0.9820456623842267
0.9936979949066951
1.0029087025330634
1.0118885277286054
1.0220126244403618
1.0345400712395119
1.0479644965373025
1.061132232973736
1.0723021296845683
1.0809728135936822
1.0872658499642849
1.0920631308215143
1.0941316513075527
1.0930428889111952
1.0899952655924143
1.08451384594478
1.0770284285520746
1.0668625241272252
1.0540766056340953
1.039296398742366
0.82838177778479
0.9080041114011376
0.9444639350009683
0.9675745711619023
0.9829189436332706
0.9945230051962178
1.003205314728853
1.013873220704181
1.0275557440809218
1.041996375373193
1.056252612700963
1.0695435208047577
1.0811282374037228
1.0896426175989293
1.0950530031367511
1.0974388319482726
1.0978678166298323
1.0952708459458842
1.0913632972498106
1.0847560934370377
1.076688229590843
1.0661366336875124
1.053108311990583
1.0379178431803062
0.07014180205740121
0.13940920521673236
0.2216410117996205
0.2696743054457979
0.34072852954957605
0.4497105906848182
0.09903057690881324
0.17122212539616066
0.2450860182603079
0.2885617709690735
0.3500940223104114
0.4197840582284632
0.11282897568394025
0.18252478078611356
0.24928006963762425
0.29164834834930115
0.3543840673760602
0.4261215019947617
0.12522730917013902
0.19082521952600692
0.2502263013804563
0.292153562148526
0.35593747534409625
0.4329004930328484
0.13854728502807573
0.19738482803195306
0.2498615124646826
0.2917337989242965
0.35591314209396296
0.43462743709597024
0.15139151989183514
0.2023911397094483
0.24924959481191586
0.29094533813575946
0.35466517703900813
0.4321396176023892
0.1631258342677921
0.20579336289762823
0.24770890101479806
0.2894903048914934
0.35233208724857207
0.4273162738579563
0.17241865143183013
0.2085887530275482
0.24580448944641958
0.2876390868300933
0.3490345535693213
0.4211284652058673
0.18009408136200888
0.21041938910465427
0.24474881862747994
0.28581143226199346
0.34564416911350837
0.4145747135045773
0.18637917932486292
0.21186870181762485
0.24443914167722103
0.28500318671133235
0.3430377995884086
0.41051113843551457
0.19080469757037358
0.2129808780235727
0.24485278725306267
0.2850778256594388
0.34296026613182373
0.40963792855664427
0.19326788138530535
0.21399770257893885
0.24612321789955738
0.28666783933445944
0.3449139097113271
0.410409256603174
0.1934804958550495
0.2148062463863042
0.24821347037373342
0.29019362666376547
0.3487046830119091
0.4133941221201232
0.1915948161632786
0.21525329931016432
0.2507722839601808
0.2948307373443018
0.35419646534100313
0.4187296788956296
0.1876636299614649
0.21529194722756412
0.25334202373559833
0.29948519971409915
0.36017750919257724
0.42538493752301765
0.18182839649746949
0.214694800609702
0.2555469452113441
0.3039128820052974
0.365995185915996
0.4325625564184142
0.17444893147087
0.2133228762947843
0.25718033534973705
0.3075119573673762
0.37124056693300017
0.4396750674067571
0.16519424044316144
0.2107507775884358
0.2589316685568662
0.30991645155396436
0.37556615895776646
0.44604704063269
0.153746913541943
0.20680719347709453
0.25942748482212896
0.31040049482611587
0.3782172260587168
0.4508035408434312
0.14021470946351888
0.20043241724223912
0.2591459241941582
0.3102557686174131
0.3787479254587616
0.4533594380258888
0.12448644212303428
0.19118741343920298
0.2571665434966641
0.3083787864301729
0.3772827207762841
0.45215918251709336
0.10933879719662576
0.17936696888843218
0.25270266981453443
0.3050101841563043
0.37436325015715805
0.446247114619161
0.09311367585487157
0.16418567768579453
0.24431924047445847
0.2978022565193926
0.3710146282172221
0.4367802442391637
0.06293910896236717
0.1295072591557631
0.2177231586862446
0.2728450928015859
0.3635595190612101
0.4378123711951215
0.8144255694403686
0.8989760960288008
0.9393937243342108
0.9651770254276708
0.9802951033459951
0.9934984693817065
1.0043921485156226
1.0157770733421614
1.0328462730566499
1.0508398106164845
1.0664200979869334
1.0793644054532436
1.0891627989410606
1.096458636415457
1.100687031747508
1.1019613377417934
1.1003166805003917
1.09671763113953
1.0914462789816322
1.0840663683264273
1.0753524077670873
1.064564146530072
1.0508840316074899
1.035410719468876
0.7169201786752166
0.8622803018591905
0.9223117750291099
0.9553978040076837
0.9750804889126949
0.9894926667724987
1.0038570849176718
1.0223726705452325
1.0409238824358724
1.0590635008198226
1.0760042927735238
1.0891576726098364
1.0974394365325182
1.1024698763997276
1.104719908820232
1.1037960643305054
1.1010431065679034
1.0964606199448974
1.0902280957122303
1.082655932092616
1.073448361770174
1.062244779960363
1.0479268016146122
1.0327228732131035
0.6504716377716983
0.8117897199572217
0.8886606704839396
0.933894729831533
0.9620859629127647
0.9821617766850215
1.0028808839550003
1.026045459500099
1.0487644458726346
1.0682494431865193
1.084118996478049
1.0959571956624325
1.1030955951518313
1.1062169191526716
1.1061692572983661
1.1041173484478706
1.100355163821743
1.0948684671801885
1.0878398106676261
1.079918184462737
1.0700626484810938
1.0589371906935128
1.044342994797903
1.0291837194437254
0.6090638183153916
0.7610495905391265
0.847227773697262
0.9021886797756674
0.9400546092176174
0.9690815009176723
0.9970610200933119
1.026916076321593
1.0531819752919247
1.0744697152142126
1.0895232380950797
1.0994752496824283
1.1041424075998998
1.1057787774058574
1.1049584295336776
1.1016594978517735
1.0971543486664843
1.0910593379657967
1.083704812031454
1.0751089965205725
1.0653854070110658
1.0536872711114649
1.039682074798841
1.0242887951821806
0.5798125012428661
0.7160399881306961
0.8062086836806008
0.867870918814831
0.9133032030444919
0.9514474348417743
0.98967042066812
1.0239165461756696
1.0526528070384342
1.074825949571232
1.0894179452116177
1.097160073462282
1.1007443733751558
1.1012982462582133
1.09937593358284
1.095953165529052
1.0908454996606585
1.0845862235246682
1.0773311640596068
1.068792396872902
1.0589173363481106
1.0475578084498016
1.0334551360730273
1.0180326516564215
0.556802930254435
0.6783206574167958
0.7688614546043124
0.8354295320310587
0.8875538794142656
0.9347933013843462
0.9797803218901452
1.0184984720548282
1.0489948706398646
1.0703436637901216
1.0835416236275046
1.0909898594744607
1.0937684734392759
1.0939550111994647
1.0919053891517625
1.088474308290408
1.083442646259588
1.0775449026561843
1.07031692295819
1.0620706340999773
1.0525168605324597
1.0416018824163271
1.027794187489238
1.013565762123942
0.5372018797911946
0.6480201275744171
0.7368724545687083
0.8070586432209671
0.8650593828962528
0.9208042656470617
0.9713154489655657
1.0127726324848083
1.0433973441328572
1.063019560155973
1.0749009956964282
1.0814392838424869
1.0844107271451955
1.084440466797316
1.0828624297884644
1.0796235620074301
1.0752765673937161
1.0692637277072594
1.062593829706191
1.054630179801233
1.0455536598921413
1.0352003409722172
1.0214422432258015
1.0079048785546447
0.5203860770821115
0.6239216668311606
0.7109384801710924
0.7839056104893513
0.8497389951161939
0.9121010721286315
0.9656239866056568
1.0071695743412574
1.0357850146246508
1.054098579476174
1.0646948963072467
1.0709166327652684
1.073622464095681
1.0738636731393274
1.0725774314759275
1.0702510757676473
1.0663646897113437
1.061176971292636
1.0549476172977157
1.04810753553124
1.0392838313802601
1.0293389159311617
1.0169406857483823
1.0041080967855134
0.5062248321083496
0.604687298004964
0.6919892642521317
0.767940282549407
0.8408233835800792
0.908075386098626
0.9624560843514167
1.0018775318052915
1.0278741576219759
1.0445466182755467
1.0545510299838794
1.0603996720362607
1.063250721258668
1.0641463169795289
1.0635558574402968
1.0613010557876683
1.0579959577471665
1.0537678780840225
1.048577738941942
1.0417651171414475
1.0344305445177704
1.0250193509390135
1.0137602539867512
1.0024679561875118
0.4977539185468266
0.5930410217175034
0.6804417793465795
0.7599959772830575
0.8389518461251492
0.9076169446052443
0.9609590951320899
0.9975837325126696
1.0207085872881043
1.0355338335403703
1.0449618712957205
1.0508021087695094
1.0538502364528495
1.0550028054487495
1.054520575766168
1.0527788308835002
1.0501777233971703
1.046761395865871
1.0420911826647028
1.0366285136950493
1.030152277504144
1.0228213192877833
1.0125847653552797
1.002737031475193
0.4942277858767757
0.5884551548595682
0.6759960400180701
0.7612982185042076
0.8440194294891149
0.9122366022986239
0.9612556600638312
0.9933961908777035
1.0138996486260237
1.0275062484221575
1.0360145879740408
1.0414074439574457
1.0450237409252834
1.0464970724824423
1.046351055143978
1.0453120682455905
1.0433155703896668
1.0401565688020495
1.036727800795926
1.0330968983449702
1.028515753369771
1.022920083993339
1.0146717993111956
1.0059011918830532
0.4933344408236515
0.5889395787076334
0.6798707548018055
0.771473334015162
0.8543806759773384
0.9184806505763088
0.962439457566912
0.99042402222497
1.0090453954832543
1.0207951893307012
1.0289789105889706
1.0340519934595687
1.03782064872246
1.03917767126801
1.0393654140778688
1.0387549805533678
1.0373613584397001
1.035263494278634
1.0337839417153354
1.0320824252785599
1.0296849928472074
1.025561728986482
1.018720476879051
1.0111788342112318
0.495271840306727
0.5933892120147873
0.6899249308170673
0.7870832420413608
0.8690411781319299
0.9274628050998216
0.9649548134072355
0.9886975722507579
1.005262835701707
1.0169594726384836
1.0244676953354146
1.0290807825228239
1.0321883536869234
1.0342335629346566
1.0353955238353794
1.0349475733427054
1.0339164058955623
1.0332390429405938
1.0340371365683771
1.0342017947378719
1.0334519895276661
1.0302708856787262
1.024793155369499
1.0176248713963407
0.5019656487091528
0.6020645243292632
0.7067465964720153
0.8080140040328955
0.8855796407699096
0.9361311092903047
0.9680463225055532
0.9896796371247556
1.0043650597710152
1.013665846054579
1.0206780652277299
1.0257642964714166
1.0296365415163697
1.0317592177493748
1.032003397910343
1.0318495920468378
1.0340226096760787
1.0365683260264282
1.038178621952609
1.0394326348080338
1.0390944286379211
1.0368702558089031
1.0317555567068653
1.0248426232732146
0.5122083703968437
0.616630846987289
0.729242691536005
0.8313207438857495
0.9013852600448764
0.9445848628481539
0.9728221082245493
0.9906355870662704
1.0031823648873353
1.0129311300097337
1.0197999298516907
1.0239049638942357
1.0264670197926302
1.0289382547514951
1.0319027577332567
1.035276299604038
1.0381517396314281
1.0409361275583464
1.0435843377691911
1.0456289024627683
1.045981170390484
1.044439801612044
1.0387012539501985
1.031731371278704
0.5236631503110425
0.636854441195049
0.7577549249719403
0.8553835260808161
0.9156430864859382
0.9530569057996892
0.9758735556302277
0.9932665730173681
1.004950208041984
1.0123416147954796
1.018404937862129
1.0235549040046124
1.0274091671491776
1.0309961158137133
1.033754690796625
1.0385072857323838
1.0437795631430835
1.0482082114762132
1.0514308260308165
1.0532172467364476
1.053179204417154
1.051133294940123
1.0451453296345272
1.0372039443547876
0.5367146528209601
0.6639963030426387
0.7917952759313819
0.8782297521434961
0.9293445092831844
0.9603848737754188
0.9815172103060897
0.9949047872205864
1.005613143004436
1.0141027262824338
1.0195724326858409
1.0237894977279245
1.0277447447062145
1.03367425353745
1.040151228332143
1.0458621855068626
1.050308192351765
1.0549135607040256
1.0585063490161883
1.0607745955981562
1.0601226964515795
1.0573692113077684
1.0501599157068426
1.0410502908310855
0.5517508384137096
0.6983058168869867
0.8250649193339461
0.8993202173033312
0.9418222051086118
0.9675513114906743
0.9852860882870942
0.9986547301801607
1.0073990683930847
1.014192574259558
1.0199725191793698
1.0252199746182693
1.0320201409297522
1.0388226483191643
1.0461665387362078
1.0536879121840725
1.0593481918945007
1.063605343651937
1.0665817976690668
1.0675306819562875
1.0664818166041887
1.0621794292005344
1.0538412653025058
1.0436234660148571
0.5703237263563631
0.7397544229237903
0.8566665317218549
0.9184254600783381
0.9524626107623799
0.9744720385609704
0.9895549051516813
1.0007157385187906
1.009766665223984
1.0161826508551006
1.0228504237355196
1.0304629124230413
1.0389726614449835
1.0475370840611156
1.0545458844477922
1.0603286598987927
1.0672609489773943
1.0718313629117657
1.0740674679329814
1.074085042763645
1.071083509748675
1.065259233169304
1.0555796730589742
1.043930704434322
0.5947755096475021
0.7849731898477454
0.8858365106770875
0.9347716564980881
0.9624856329716571
0.980565919000254
0.9935760160944198
1.00307985158737
1.0113175481522363
1.0191192420241915
1.027021577132272
1.0363659597058223
1.0458998257380068
1.055564576991335
1.0640510691411802
1.0704321343726444
1.0755118990656451
1.0791161564400111
1.08036960739161
1.0787726469103232
1.0744619575517138
1.0670920613140886
1.0567097005869504
1.0432604542555834
0.6298058756404203
0.8298851897924371
0.9098860697070829
0.948066000801229
0.971049744702568
0.9855925025195125
0.9967603525509973
1.0062951020580404
1.0136301031171606
1.0211975371418949
1.033156049618431
1.0448090931790954
1.0553609186401824
1.0639292861116216
1.0722368860392266
1.079526619556062
1.0839689894270623
1.0858320187111083
1.0850955102321513
1.0820929995286126
1.0762436223544045
1.0679713750162423
1.0562887989731684
1.042178677512848
0.68362414952625
0.8683762884138275
0.9292117020949053
0.9592428379398982
0.9774922168837036
0.9902740639893233
0.9997411318750045
1.0085019808432034
1.0179109594160105
1.0291892433607963
1.0408094697403132
1.0533983174778248
1.0650868673875489
1.0749165269952752
1.0816192731841694
1.0867230325273565
1.0903843142450471
1.0906899018833573
1.0889585532370651
1.0844640608019704
1.077144577981813
1.0679405417609602
1.0551655336666874
1.0402945805976171
0.7564433042038137
0.8968648418758
0.9422154347758214
0.9674156290760472
0.9822053532532751
0.9939111598964008
1.0029919060816535
1.0117857824888528
1.0227126327542235
1.0367850046466234
1.0505076814749694
1.0631211395692188
1.0746121857954896
1.0844600115535228
1.090940295068908
1.0949693524202195
1.0961289848623843
1.0948195562570613
1.0910033337527183
1.0854914269940101
1.0774600208554261
1.0672129319383077
1.0541088531245866
1.038929192647159
0.8359173852122036
0.9126101723983784
0.9488597123114156
0.9714740936612992
0.9855408112323947
0.9957427131170883
1.0057158962518196
1.0147276611958995
1.02950459839555
1.0453007032004058
1.0613491195319913
1.0742974293738032
1.0848317739943572
1.092749763559725
1.0982094633721755
1.1007554071787118
1.1001313338237182
1.09761684104759
1.0924456953101631
1.0857060661190976
1.0769672320891894
1.0660948339117362
1.0522380190460507
1.0361908634779686
) 
; 
boundaryField
{
    rotor
    {
        type            movingWallVelocity;
        value           uniform 0;
    }
        freestream
    {
        type            freestreamVelocity;
        freestreamValue uniform (1 0 0);
        value           uniform 0;
    }
    frontAndBack
    {
        type            empty;
    }
}    
