/*--------------------------------*- C++ -*----------------------------------*\
  =========                 |
  \\      /  F ield         | OpenFOAM: The Open Source CFD Toolbox
   \\    /   O peration     | Website:  https://openfoam.org
    \\  /    A nd           | Version:  11
     \\/     M anipulation  |
\*---------------------------------------------------------------------------*/
FoamFile
{
    format      ascii;
    class       surfaceScalarField;
    location    "0.64";
    object      phi;
}
// * * * * * * * * * * * * * * * * * * * * * * * * * * * * * * * * * * * * * //

dimensions      [0 3 -1 0 0 0 0];

internalField   nonuniform List<scalar> 
5640
(
-4.86059e-07
4.86059e-07
-1.43817e-06
9.52109e-07
-2.31225e-06
8.74081e-07
-2.61676e-06
3.04507e-07
-2.02239e-06
-5.94371e-07
-2.00955e-06
-1.28375e-08
-7.01422e-07
1.18748e-06
-1.5513e-06
1.80199e-06
-2.14914e-06
1.47192e-06
-2.26787e-06
4.23245e-07
-1.59979e-06
-1.26245e-06
-3.64809e-06
3.87557e-08
-7.14688e-07
1.90217e-06
-1.43335e-06
2.52065e-06
-1.88036e-06
1.91893e-06
-1.85655e-06
3.99432e-07
-1.18984e-06
-1.92917e-06
-5.0226e-06
1.84666e-07
-7.03312e-07
2.60548e-06
-1.29178e-06
3.10911e-06
-1.6186e-06
2.24575e-06
-1.50673e-06
2.87558e-07
-8.51698e-07
-2.5842e-06
-6.24241e-06
3.68114e-07
-6.82789e-07
3.28827e-06
-1.15054e-06
3.57686e-06
-1.37689e-06
2.47211e-06
-1.21285e-06
1.2352e-07
-5.76211e-07
-3.22084e-06
-7.3841e-06
5.6548e-07
-6.29063e-07
3.91733e-06
-1.00308e-06
3.95088e-06
-1.15209e-06
2.62112e-06
-9.62033e-07
-6.65421e-08
-3.48113e-07
-3.83476e-06
-8.48438e-06
7.52172e-07
-5.55469e-07
4.4728e-06
-8.50784e-07
4.24619e-06
-9.43542e-07
2.71388e-06
-7.47069e-07
-2.63015e-07
-1.61913e-07
-4.41991e-06
-9.55071e-06
9.04412e-07
-4.70132e-07
4.94294e-06
-6.96314e-07
4.47238e-06
-7.49751e-07
2.76731e-06
-5.63321e-07
-4.49445e-07
-1.86581e-08
-4.96457e-06
-1.05728e-05
1.0034e-06
-3.76511e-07
5.31945e-06
-5.41058e-07
4.63692e-06
-5.68782e-07
2.79504e-06
-4.07422e-07
-6.10805e-07
8.03341e-08
-5.45233e-06
-1.15288e-05
1.03634e-06
-2.77267e-07
5.59671e-06
-3.84791e-07
4.74445e-06
-3.98216e-07
2.80846e-06
-2.76103e-07
-7.32918e-07
1.35744e-07
-5.86418e-06
-1.23897e-05
9.96626e-07
-1.73637e-07
5.77035e-06
-2.27676e-07
4.79849e-06
-2.35216e-07
2.816e-06
-1.65528e-07
-8.02606e-07
1.48485e-07
-6.17819e-06
-1.3125e-05
8.83791e-07
-6.67505e-08
5.8371e-06
-6.96011e-08
4.80134e-06
-7.65812e-08
2.82298e-06
-7.04674e-08
-8.08719e-07
1.23633e-07
-6.37229e-06
-1.37046e-05
7.03255e-07
4.2102e-08
5.795e-06
9.03755e-08
4.75306e-06
8.17393e-08
2.83162e-06
1.6692e-08
-7.43672e-07
6.82499e-08
-6.42385e-06
-1.41016e-05
4.65305e-07
1.51011e-07
5.64399e-06
2.52669e-07
4.6514e-06
2.43876e-07
2.84041e-06
1.00342e-07
-6.00137e-07
-1.1681e-08
-6.31183e-06
-1.43008e-05
1.87485e-07
2.60044e-07
5.38394e-06
4.17118e-07
4.49433e-06
4.13537e-07
2.84399e-06
1.94109e-07
-3.8071e-07
-8.38716e-08
-6.03385e-06
-1.42671e-05
-1.1759e-07
3.67945e-07
5.016e-06
5.83497e-07
4.27878e-06
5.94486e-07
2.833e-06
3.08257e-07
-9.44809e-08
-1.4755e-07
-5.57804e-06
-1.39629e-05
-4.51731e-07
4.73967e-07
4.54203e-06
7.50709e-07
4.00204e-06
7.89249e-07
2.79446e-06
4.55314e-07
2.39454e-07
-1.77927e-07
-4.9448e-06
-1.3371e-05
-7.69845e-07
5.8565e-07
3.95638e-06
9.15096e-07
3.67259e-06
9.98329e-07
2.71123e-06
6.4789e-07
5.89893e-07
-1.51746e-07
-4.14516e-06
-1.24658e-05
-1.05697e-06
6.8089e-07
3.27549e-06
1.06618e-06
3.2873e-06
1.21946e-06
2.55794e-06
8.97296e-07
9.12058e-07
-5.43484e-08
-3.19352e-06
-1.12325e-05
-1.28762e-06
7.20899e-07
2.55459e-06
1.19468e-06
2.81353e-06
1.44878e-06
2.30384e-06
1.21239e-06
1.14845e-06
2.02458e-07
-2.18359e-06
-9.60995e-06
-1.42009e-06
7.30964e-07
1.82363e-06
1.30314e-06
2.24135e-06
1.68051e-06
1.92647e-06
1.58788e-06
1.24109e-06
6.19763e-07
-1.21547e-06
-7.59522e-06
-1.39497e-06
7.19814e-07
1.10382e-06
1.38733e-06
1.57383e-06
1.90392e-06
1.40988e-06
2.00835e-06
1.13665e-06
1.1969e-06
-4.0402e-07
-5.26061e-06
-1.13771e-06
6.70214e-07
4.33602e-07
1.42941e-06
8.14636e-07
2.08719e-06
7.52095e-07
2.44883e-06
7.75014e-07
1.89452e-06
1.50292e-07
-2.73591e-06
-6.30182e-07
4.33602e-07
1.24824e-06
2.00033e-06
2.77535e-06
2.92564e-06
1.89734e-07
1.32876e-06
-1.00373e-05
8.69571e-06
3.3536e-06
-1.49497e-05
1.29249e-05
6.13669e-06
-1.96587e-05
1.68756e-05
9.5192e-06
-2.4225e-05
2.08425e-05
1.33037e-05
-2.85026e-05
2.4718e-05
1.72915e-05
-3.24035e-05
2.84157e-05
2.12999e-05
-3.5906e-05
3.18977e-05
2.51621e-05
-3.90053e-05
3.51432e-05
2.87404e-05
-4.17063e-05
3.8128e-05
3.19377e-05
-4.40315e-05
4.08342e-05
3.46592e-05
-4.59606e-05
4.32391e-05
3.69337e-05
-4.75483e-05
4.52739e-05
3.88896e-05
-4.89214e-05
4.69655e-05
4.05544e-05
-5.01021e-05
4.84373e-05
4.19085e-05
-5.10744e-05
4.97203e-05
4.30142e-05
-5.18746e-05
5.0769e-05
4.39347e-05
-5.25271e-05
5.16066e-05
4.47195e-05
-5.30446e-05
5.22598e-05
4.54091e-05
-5.34347e-05
5.2745e-05
4.60316e-05
-5.36986e-05
5.30761e-05
4.6599e-05
-5.38189e-05
5.32515e-05
4.71166e-05
-5.37611e-05
5.32436e-05
4.75892e-05
-5.34467e-05
5.29741e-05
-5.27136e-05
5.2251e-05
1.69033e-06
-1.16889e-05
3.98363e-06
-1.7243e-05
7.02529e-06
-2.27004e-05
1.05806e-05
-2.77804e-05
1.43819e-05
-3.23039e-05
1.81999e-05
-3.62215e-05
2.18444e-05
-3.95506e-05
2.51746e-05
-4.23355e-05
2.81125e-05
-4.46443e-05
3.06048e-05
-4.65237e-05
3.26885e-05
-4.80443e-05
3.44786e-05
-4.93385e-05
3.59922e-05
-5.04349e-05
3.72325e-05
-5.13424e-05
3.82629e-05
-5.21048e-05
3.91359e-05
-5.27477e-05
3.98923e-05
-5.32835e-05
4.05643e-05
-5.37166e-05
4.11757e-05
-5.4046e-05
4.17395e-05
-5.42624e-05
4.22624e-05
-5.43418e-05
4.27484e-05
-5.42471e-05
4.32074e-05
-5.39057e-05
-5.31838e-05
1.98853e-06
-1.34927e-05
4.56448e-06
-1.9819e-05
7.8057e-06
-2.59416e-05
1.14008e-05
-3.13755e-05
1.50446e-05
-3.59477e-05
1.8508e-05
-3.96849e-05
2.16393e-05
-4.26818e-05
2.43674e-05
-4.50637e-05
2.66747e-05
-4.69515e-05
2.85998e-05
-4.84488e-05
3.02398e-05
-4.96843e-05
3.1615e-05
-5.07137e-05
3.2749e-05
-5.15689e-05
3.37021e-05
-5.22954e-05
3.45178e-05
-5.29205e-05
3.52295e-05
-5.34594e-05
3.58636e-05
-5.39176e-05
3.64407e-05
-5.42937e-05
3.69752e-05
-5.45805e-05
3.74745e-05
-5.47617e-05
3.79437e-05
-5.48109e-05
3.83874e-05
-5.46908e-05
3.88196e-05
-5.4338e-05
-5.36425e-05
2.31318e-06
-1.54378e-05
5.09393e-06
-2.25997e-05
8.41954e-06
-2.92672e-05
1.18939e-05
-3.48498e-05
1.52151e-05
-3.92689e-05
1.81994e-05
-4.26692e-05
2.07717e-05
-4.52541e-05
2.29321e-05
-4.72241e-05
2.47242e-05
-4.87437e-05
2.62259e-05
-4.99505e-05
2.7475e-05
-5.09334e-05
2.85081e-05
-5.17468e-05
2.93786e-05
-5.24394e-05
3.01246e-05
-5.30414e-05
3.07751e-05
-5.35711e-05
3.13533e-05
-5.40376e-05
3.18776e-05
-5.44418e-05
3.23616e-05
-5.47777e-05
3.28144e-05
-5.50333e-05
3.32409e-05
-5.51882e-05
3.36457e-05
-5.52158e-05
3.40355e-05
-5.50806e-05
3.44263e-05
-5.47288e-05
-5.40713e-05
2.63972e-06
-1.7512e-05
5.53162e-06
-2.54917e-05
8.79771e-06
-3.25333e-05
1.2003e-05
-3.80552e-05
1.48901e-05
-4.2156e-05
1.73571e-05
-4.51362e-05
1.94061e-05
-4.73031e-05
2.10871e-05
-4.8905e-05
2.24669e-05
-5.01235e-05
2.35998e-05
-5.10834e-05
2.4533e-05
-5.18667e-05
2.5315e-05
-5.25288e-05
2.59807e-05
-5.31052e-05
2.65574e-05
-5.36181e-05
2.70662e-05
-5.40799e-05
2.75236e-05
-5.4495e-05
2.79417e-05
-5.486e-05
2.83297e-05
-5.51656e-05
2.86934e-05
-5.5397e-05
2.90375e-05
-5.55324e-05
2.93675e-05
-5.55458e-05
2.96917e-05
-5.54048e-05
3.0027e-05
-5.50641e-05
-5.44533e-05
2.91831e-06
-1.96782e-05
5.82195e-06
-2.83953e-05
8.89457e-06
-3.56059e-05
1.17237e-05
-4.08843e-05
1.41348e-05
-4.4567e-05
1.61096e-05
-4.7111e-05
1.77006e-05
-4.88941e-05
1.89778e-05
-5.01822e-05
2.00064e-05
-5.1152e-05
2.08413e-05
-5.19183e-05
2.15288e-05
-5.25542e-05
2.21049e-05
-5.31049e-05
2.2597e-05
-5.35973e-05
2.30255e-05
-5.40466e-05
2.3405e-05
-5.44594e-05
2.37459e-05
-5.48359e-05
2.40561e-05
-5.51703e-05
2.4342e-05
-5.54515e-05
2.46085e-05
-5.56635e-05
2.48612e-05
-5.5785e-05
2.51066e-05
-5.57913e-05
2.53542e-05
-5.56524e-05
2.56211e-05
-5.5331e-05
-5.4774e-05
3.10862e-06
-2.18824e-05
5.92002e-06
-3.12067e-05
8.69805e-06
-3.8384e-05
1.10997e-05
-4.32859e-05
1.30457e-05
-4.65131e-05
1.45796e-05
-4.86449e-05
1.57773e-05
-5.00918e-05
1.67126e-05
-5.11176e-05
1.74482e-05
-5.18876e-05
1.80349e-05
-5.2505e-05
1.85122e-05
-5.30314e-05
1.89093e-05
-5.3502e-05
1.9247e-05
-5.39349e-05
1.95388e-05
-5.43384e-05
1.97938e-05
-5.47143e-05
2.00181e-05
-5.50602e-05
2.02168e-05
-5.5369e-05
2.03947e-05
-5.56295e-05
2.05572e-05
-5.5826e-05
2.07107e-05
-5.59385e-05
2.08628e-05
-5.59434e-05
2.10238e-05
-5.58134e-05
2.12112e-05
-5.55183e-05
-5.50211e-05
3.18447e-06
-2.40635e-05
5.81054e-06
-3.38328e-05
8.23117e-06
-4.08046e-05
1.01994e-05
-4.52542e-05
1.17171e-05
-4.80308e-05
1.2863e-05
-4.97907e-05
1.37207e-05
-5.09495e-05
1.43621e-05
-5.1759e-05
1.48455e-05
-5.23711e-05
1.52166e-05
-5.2876e-05
1.55086e-05
-5.33234e-05
1.57443e-05
-5.37377e-05
1.59381e-05
-5.41287e-05
1.60983e-05
-5.44986e-05
1.62299e-05
-5.4846e-05
1.63362e-05
-5.51664e-05
1.64202e-05
-5.5453e-05
1.6486e-05
-5.56952e-05
1.65391e-05
-5.58791e-05
1.65868e-05
-5.59863e-05
1.66379e-05
-5.59945e-05
1.67034e-05
-5.58788e-05
1.6801e-05
-5.56159e-05
-5.5185e-05
3.13283e-06
-2.61599e-05
5.50348e-06
-3.62034e-05
7.53887e-06
-4.284e-05
9.0932e-06
-4.68085e-05
1.0225e-05
-4.91626e-05
1.10288e-05
-5.05945e-05
1.15885e-05
-5.15092e-05
1.19719e-05
-5.21424e-05
1.22328e-05
-5.2632e-05
1.24109e-05
-5.30541e-05
1.25335e-05
-5.3446e-05
1.26173e-05
-5.38216e-05
1.26719e-05
-5.41833e-05
1.2702e-05
-5.45287e-05
1.27098e-05
-5.48538e-05
1.26965e-05
-5.51532e-05
1.2664e-05
-5.54204e-05
1.26152e-05
-5.56465e-05
1.25555e-05
-5.58194e-05
1.24926e-05
-5.59233e-05
1.24359e-05
-5.59378e-05
1.2397e-05
-5.58399e-05
1.23953e-05
-5.56143e-05
-5.52583e-05
2.95283e-06
-2.81161e-05
5.0236e-06
-3.82742e-05
6.67147e-06
-4.44879e-05
7.84185e-06
-4.79789e-05
8.62733e-06
-4.9948e-05
9.12697e-06
-5.10942e-05
9.42125e-06
-5.18035e-05
9.57376e-06
-5.22949e-05
9.63293e-06
-5.26911e-05
9.63279e-06
-5.3054e-05
9.59482e-06
-5.3408e-05
9.53106e-06
-5.37578e-05
9.44749e-06
-5.40997e-05
9.34661e-06
-5.44278e-05
9.22914e-06
-5.47363e-05
9.09522e-06
-5.50193e-05
8.94538e-06
-5.52706e-05
8.78162e-06
-5.54827e-05
8.60827e-06
-5.5646e-05
8.43251e-06
-5.57476e-05
8.26347e-06
-5.57688e-05
8.11059e-06
-5.5687e-05
7.99603e-06
-5.54997e-05
-5.5238e-05
2.65345e-06
-2.98858e-05
4.40203e-06
-4.00228e-05
5.67594e-06
-4.57618e-05
6.49481e-06
-4.87978e-05
6.96839e-06
-5.04216e-05
7.19417e-06
-5.132e-05
7.24824e-06
-5.18575e-05
7.18959e-06
-5.22363e-05
7.06132e-06
-5.25629e-05
6.89181e-06
-5.28845e-05
6.69752e-06
-5.32138e-05
6.48689e-06
-5.35472e-05
6.26369e-06
-5.38765e-05
6.02931e-06
-5.41934e-05
5.78397e-06
-5.4491e-05
5.52753e-06
-5.47628e-05
5.26012e-06
-5.50031e-05
4.98281e-06
-5.52054e-05
4.69859e-06
-5.53618e-05
4.41368e-06
-5.54627e-05
4.139e-06
-5.54941e-05
3.88407e-06
-5.54321e-05
3.6104e-06
-5.5226e-05
-5.51222e-05
2.25129e-06
-3.14338e-05
3.6716e-06
-4.14431e-05
4.59364e-06
-4.66838e-05
5.09179e-06
-4.92959e-05
5.28205e-06
-5.06119e-05
5.25791e-06
-5.12958e-05
5.09097e-06
-5.16906e-05
4.83547e-06
-5.19808e-05
4.52914e-06
-5.22565e-05
4.19511e-06
-5.25504e-05
3.84573e-06
-5.28644e-05
3.48678e-06
-5.31882e-05
3.12071e-06
-5.35104e-05
2.74847e-06
-5.38212e-05
2.37047e-06
-5.4113e-05
1.98703e-06
-5.43794e-05
1.59882e-06
-5.46149e-05
1.20734e-06
-5.48139e-05
8.15453e-07
-5.49699e-05
4.27628e-07
-5.50749e-05
5.30403e-08
-5.51195e-05
-2.74846e-07
-5.51042e-05
-4.42345e-07
-5.50585e-05
-5.46405e-05
1.76838e-06
-3.27369e-05
2.86552e-06
-4.25402e-05
3.4599e-06
-4.72782e-05
3.66444e-06
-4.95004e-05
3.59466e-06
-5.05421e-05
3.33941e-06
-5.10406e-05
2.96593e-06
-5.13171e-05
2.52374e-06
-5.15386e-05
2.04545e-06
-5.17782e-05
1.54928e-06
-5.20543e-05
1.04451e-06
-5.23596e-05
5.34898e-07
-5.26786e-05
2.19167e-08
-5.29974e-05
-4.93712e-07
-5.33056e-05
-1.01147e-06
-5.35952e-05
-1.53072e-06
-5.38602e-05
-2.05059e-06
-5.40951e-05
-2.56976e-06
-5.42947e-05
-3.0862e-06
-5.44535e-05
-3.59562e-06
-5.45654e-05
-4.08892e-06
-5.46262e-05
-4.56247e-06
-5.46307e-05
-5.0875e-06
-5.45335e-05
-5.43065e-05
1.22941e-06
-3.37788e-05
2.0147e-06
-4.33255e-05
2.30486e-06
-4.75683e-05
2.23857e-06
-4.94341e-05
1.92731e-06
-5.02309e-05
1.45556e-06
-5.05688e-05
8.86231e-07
-5.07478e-05
2.6437e-07
-5.09167e-05
-3.8238e-07
-5.11315e-05
-1.03878e-06
-5.13979e-05
-1.69929e-06
-5.16991e-05
-2.36146e-06
-5.20164e-05
-3.02445e-06
-5.23345e-05
-3.68782e-06
-5.26422e-05
-4.35111e-06
-5.29319e-05
-5.01374e-06
-5.31975e-05
-5.67489e-06
-5.34339e-05
-6.33346e-06
-5.36362e-05
-6.98772e-06
-5.37992e-05
-7.63497e-06
-5.39182e-05
-8.27303e-06
-5.39882e-05
-8.90344e-06
-5.40002e-05
-9.50641e-06
-5.39305e-05
-5.38211e-05
6.57741e-07
-3.45542e-05
1.14685e-06
-4.38146e-05
1.15452e-06
-4.7576e-05
8.35714e-07
-4.91153e-05
2.97134e-07
-4.96923e-05
-3.80597e-07
-4.98911e-05
-1.13732e-06
-4.99911e-05
-1.93325e-06
-5.01208e-05
-2.74479e-06
-5.032e-05
-3.56102e-06
-5.05816e-05
-4.37738e-06
-5.08827e-05
-5.19277e-06
-5.12011e-05
-6.00692e-06
-5.15203e-05
-6.81959e-06
-5.18295e-05
-7.63039e-06
-5.21211e-05
-8.43874e-06
-5.23892e-05
-9.2438e-06
-5.26289e-05
-1.00444e-05
-5.28356e-05
-1.08385e-05
-5.30051e-05
-1.16234e-05
-5.31332e-05
-1.23956e-05
-5.32161e-05
-1.31483e-05
-5.32475e-05
-1.38621e-05
-5.32167e-05
-5.31923e-05
6.97537e-08
-3.50756e-05
2.91853e-07
-4.40367e-05
3.19526e-08
-4.73161e-05
-5.26334e-07
-4.8557e-05
-1.28126e-06
-4.89374e-05
-2.15603e-06
-4.90163e-05
-3.09509e-06
-4.9052e-05
-4.06157e-06
-4.91543e-05
-5.03591e-06
-4.93456e-05
-6.00993e-06
-4.96076e-05
-6.98103e-06
-4.99116e-05
-7.94884e-06
-5.02332e-05
-8.91336e-06
-5.05558e-05
-9.87438e-06
-5.08685e-05
-1.08314e-05
-5.11641e-05
-1.17837e-05
-5.14369e-05
-1.27302e-05
-5.16824e-05
-1.36693e-05
-5.18965e-05
-1.45988e-05
-5.20756e-05
-1.55152e-05
-5.22168e-05
-1.64138e-05
-5.23174e-05
-1.72871e-05
-5.23742e-05
-1.81207e-05
-5.23831e-05
-5.24292e-05
-4.92324e-07
-3.53532e-05
-5.35769e-07
-4.39933e-05
-1.04288e-06
-4.6809e-05
-1.83128e-06
-4.77686e-05
-2.79629e-06
-4.79723e-05
-3.86322e-06
-4.79494e-05
-4.97974e-06
-4.79355e-05
-6.11321e-06
-4.80208e-05
-7.24771e-06
-4.82111e-05
-8.37753e-06
-4.84778e-05
-9.50146e-06
-4.87877e-05
-1.06197e-05
-4.9115e-05
-1.17324e-05
-4.94431e-05
-1.28393e-05
-4.97616e-05
-1.39397e-05
-5.00637e-05
-1.50326e-05
-5.0344e-05
-1.61168e-05
-5.05982e-05
-1.71903e-05
-5.08229e-05
-1.82507e-05
-5.10152e-05
-1.92944e-05
-5.11732e-05
-2.03163e-05
-5.12955e-05
-2.13095e-05
-5.1381e-05
-2.22629e-05
-5.14297e-05
-5.15375e-05
-1.01539e-06
-3.53947e-05
-1.30884e-06
-4.36998e-05
-2.05313e-06
-4.60647e-05
-3.06757e-06
-4.67542e-05
-4.23881e-06
-4.68011e-05
-5.49402e-06
-4.66942e-05
-6.78434e-06
-4.66452e-05
-8.08154e-06
-4.67237e-05
-9.37335e-06
-4.69193e-05
-1.06563e-05
-4.71948e-05
-1.19304e-05
-4.75136e-05
-1.31962e-05
-4.78492e-05
-1.44539e-05
-4.81854e-05
-1.57031e-05
-4.85125e-05
-1.69429e-05
-4.88238e-05
-1.81723e-05
-4.91145e-05
-1.93898e-05
-4.93807e-05
-2.05934e-05
-4.96193e-05
-2.17806e-05
-4.98281e-05
-2.29477e-05
-5.00061e-05
-2.409e-05
-5.01531e-05
-2.52016e-05
-5.02694e-05
-2.62734e-05
-5.03579e-05
-5.05214e-05
-1.46212e-06
-3.52202e-05
-1.99614e-06
-4.31658e-05
-2.98433e-06
-4.50765e-05
-4.22546e-06
-4.55131e-05
-5.60157e-06
-4.5425e-05
-7.04233e-06
-4.52534e-05
-8.50319e-06
-4.51843e-05
-9.96079e-06
-4.5266e-05
-1.14066e-05
-4.54735e-05
-1.28394e-05
-4.5762e-05
-1.42602e-05
-4.60929e-05
-1.56698e-05
-4.64396e-05
-1.70684e-05
-4.67867e-05
-1.84557e-05
-4.71252e-05
-1.98306e-05
-4.74489e-05
-2.1192e-05
-4.77532e-05
-2.25383e-05
-4.80344e-05
-2.38677e-05
-4.82899e-05
-2.51776e-05
-4.85182e-05
-2.64646e-05
-4.87191e-05
-2.77244e-05
-4.88933e-05
-2.89518e-05
-4.90421e-05
-3.01393e-05
-4.91704e-05
-4.93851e-05
-1.79107e-06
-3.48493e-05
-2.58002e-06
-4.23769e-05
-3.82414e-06
-4.38324e-05
-5.29754e-06
-4.40397e-05
-6.87935e-06
-4.38432e-05
-8.50369e-06
-4.36291e-05
-1.01319e-05
-4.35561e-05
-1.17462e-05
-4.36517e-05
-1.33423e-05
-4.38774e-05
-1.49208e-05
-4.41835e-05
-1.64839e-05
-4.45298e-05
-1.80329e-05
-4.48906e-05
-1.95678e-05
-4.52518e-05
-2.10883e-05
-4.56047e-05
-2.25933e-05
-4.59438e-05
-2.40818e-05
-4.62647e-05
-2.55523e-05
-4.65639e-05
-2.70029e-05
-4.68393e-05
-2.84313e-05
-4.70899e-05
-2.98343e-05
-4.73161e-05
-3.12081e-05
-4.75195e-05
-3.2548e-05
-4.77022e-05
-3.38476e-05
-4.78708e-05
-4.8133e-05
-1.95778e-06
-3.42865e-05
-3.0418e-06
-4.12928e-05
-4.56225e-06
-4.23119e-05
-6.2791e-06
-4.23228e-05
-8.06943e-06
-4.20529e-05
-9.87567e-06
-4.18228e-05
-1.16675e-05
-4.17643e-05
-1.34342e-05
-4.1885e-05
-1.51757e-05
-4.21359e-05
-1.68952e-05
-4.2464e-05
-1.85956e-05
-4.28294e-05
-2.02785e-05
-4.32077e-05
-2.19444e-05
-4.35859e-05
-2.35926e-05
-4.39565e-05
-2.52225e-05
-4.4314e-05
-2.68328e-05
-4.46543e-05
-2.84223e-05
-4.49744e-05
-2.99893e-05
-4.52723e-05
-3.15317e-05
-4.55475e-05
-3.30464e-05
-4.58013e-05
-3.453e-05
-4.60359e-05
-3.59781e-05
-4.62541e-05
-3.73857e-05
-4.64632e-05
-4.67697e-05
-1.91218e-06
-3.3512e-05
-3.36029e-06
-3.98447e-05
-5.19427e-06
-4.0478e-05
-7.17087e-06
-4.03462e-05
-9.17315e-06
-4.00506e-05
-1.11585e-05
-3.98374e-05
-1.31089e-05
-3.9814e-05
-1.50223e-05
-3.99716e-05
-1.69035e-05
-4.02547e-05
-1.8758e-05
-4.06096e-05
-2.05897e-05
-4.09977e-05
-2.24006e-05
-4.13968e-05
-2.41913e-05
-4.17953e-05
-2.59614e-05
-4.21864e-05
-2.77102e-05
-4.25652e-05
-2.94367e-05
-4.29278e-05
-3.11397e-05
-4.32714e-05
-3.28178e-05
-4.35942e-05
-3.44689e-05
-4.38964e-05
-3.60903e-05
-4.41799e-05
-3.76787e-05
-4.44475e-05
-3.92304e-05
-4.47024e-05
-4.07412e-05
-4.49524e-05
-4.53003e-05
-1.53672e-06
-3.26054e-05
-3.51617e-06
-3.78653e-05
-5.73186e-06
-3.82623e-05
-7.98416e-06
-3.80939e-05
-1.01976e-05
-3.78371e-05
-1.23556e-05
-3.76794e-05
-1.44569e-05
-3.77127e-05
-1.65094e-05
-3.79191e-05
-1.8523e-05
-3.82411e-05
-2.05053e-05
-3.86272e-05
-2.24613e-05
-3.90417e-05
-2.43934e-05
-3.94647e-05
-2.63022e-05
-3.98865e-05
-2.81875e-05
-4.0301e-05
-3.00489e-05
-4.07038e-05
-3.18854e-05
-4.10913e-05
-3.3696e-05
-4.14608e-05
-3.54794e-05
-4.18109e-05
-3.72335e-05
-4.21423e-05
-3.89559e-05
-4.24575e-05
-4.06435e-05
-4.27599e-05
-4.22932e-05
-4.30528e-05
-4.3902e-05
-4.33436e-05
-4.37301e-05
-5.11458e-07
-3.19043e-05
-3.55101e-06
-3.48257e-05
-6.22541e-06
-3.55879e-05
-8.74572e-06
-3.55736e-05
-1.11557e-05
-3.54272e-05
-1.34727e-05
-3.53624e-05
-1.57132e-05
-3.54722e-05
-1.78948e-05
-3.57374e-05
-2.00318e-05
-3.61041e-05
-2.21337e-05
-3.65253e-05
-2.42061e-05
-3.69692e-05
-2.62516e-05
-3.74192e-05
-2.82711e-05
-3.7867e-05
-3.02646e-05
-3.83076e-05
-3.22315e-05
-3.87369e-05
-3.41714e-05
-3.91515e-05
-3.60831e-05
-3.95491e-05
-3.79653e-05
-3.99286e-05
-3.98161e-05
-4.02914e-05
-4.16332e-05
-4.06405e-05
-4.34137e-05
-4.09794e-05
-4.51554e-05
-4.13111e-05
-4.68565e-05
-4.16425e-05
-4.20649e-05
-2.64734e-07
2.64734e-07
-6.25096e-07
3.60362e-07
-8.87077e-07
2.61981e-07
-8.10212e-07
-7.68652e-08
1.04695e-06
-1.85716e-06
-4.23113e-06
5.27808e-06
-2.99801e-07
5.64535e-07
-5.80927e-07
6.41488e-07
-7.04864e-07
3.85918e-07
-4.4063e-07
-3.41099e-07
4.91745e-07
-2.78954e-06
-6.20891e-06
2.46953e-06
-2.90865e-07
8.554e-07
-5.03678e-07
8.54301e-07
-5.66097e-07
4.48336e-07
-3.15463e-07
-5.91733e-07
1.9256e-07
-3.29756e-06
-6.9496e-06
9.33252e-07
-2.67979e-07
1.12338e-06
-4.35687e-07
1.02201e-06
-4.83831e-07
4.9648e-07
-3.25935e-07
-7.49629e-07
-1.48201e-07
-3.47529e-06
-6.94012e-06
-1.5769e-07
-2.37497e-07
1.36088e-06
-3.7808e-07
1.16259e-06
-4.41423e-07
5.59823e-07
-4.10749e-07
-7.80302e-07
-5.22996e-07
-3.36305e-06
-6.56063e-06
-9.02484e-07
-2.03565e-07
1.56444e-06
-3.28818e-07
1.28785e-06
-4.24401e-07
6.55406e-07
-5.27223e-07
-6.7748e-07
-8.66093e-07
-3.02418e-06
-5.84369e-06
-1.58303e-06
-1.6836e-07
1.7328e-06
-2.85199e-07
1.40468e-06
-4.20296e-07
7.90503e-07
-6.48619e-07
-4.49157e-07
-1.17872e-06
-2.49407e-06
-4.88271e-06
-2.1397e-06
-1.32947e-07
1.86575e-06
-2.44188e-07
1.51593e-06
-4.18469e-07
9.64783e-07
-7.5578e-07
-1.11846e-07
-1.44019e-06
-1.80967e-06
-3.74997e-06
-2.57292e-06
-9.74928e-08
1.96324e-06
-2.02652e-07
1.62108e-06
-4.09878e-07
1.17201e-06
-8.34235e-07
3.1251e-07
-1.63581e-06
-1.00809e-06
-2.49887e-06
-2.88692e-06
-6.16651e-08
2.02491e-06
-1.57809e-07
1.71723e-06
-3.8734e-07
1.40154e-06
-8.73489e-07
7.98659e-07
-1.75641e-06
-1.25168e-07
-1.17072e-06
-3.08456e-06
-2.4976e-08
2.04988e-06
-1.07442e-07
1.79969e-06
-3.45525e-07
1.63962e-06
-8.66319e-07
1.31945e-06
-1.79618e-06
8.04689e-07
2.00743e-07
-3.16764e-06
1.26256e-08
2.03726e-06
-5.01465e-08
1.86247e-06
-2.80999e-07
1.87048e-06
-8.08215e-07
1.84667e-06
-1.75158e-06
1.74805e-06
1.58626e-06
-3.13709e-06
5.05546e-08
1.9867e-06
1.45107e-08
1.89851e-06
-1.92247e-07
2.07723e-06
-6.97062e-07
2.35149e-06
-1.62083e-06
2.67182e-06
2.95858e-06
-2.99316e-06
8.90952e-08
1.89761e-06
8.60459e-08
1.90156e-06
-7.97296e-08
2.24301e-06
-5.33041e-07
2.8048e-06
-1.40361e-06
3.54239e-06
4.2904e-06
-2.73542e-06
1.27033e-07
1.77057e-06
1.62599e-07
1.86599e-06
5.40416e-08
2.35157e-06
-3.18667e-07
3.17751e-06
-1.10109e-06
4.32482e-06
5.55227e-06
-2.36296e-06
1.62867e-07
1.60771e-06
2.41303e-07
1.78756e-06
2.0439e-07
2.38848e-06
-5.91519e-08
3.44105e-06
-7.16056e-07
4.98172e-06
6.71038e-06
-1.87417e-06
1.94647e-07
1.41306e-06
3.18177e-07
1.66403e-06
3.64509e-07
2.34215e-06
2.37547e-07
3.56801e-06
-2.53433e-07
5.4727e-06
7.72378e-06
-1.26684e-06
2.20051e-07
1.19301e-06
3.88309e-07
1.49577e-06
5.25321e-07
2.20514e-06
5.59483e-07
3.53385e-06
2.78235e-07
5.75395e-06
8.54267e-06
-5.40647e-07
2.3653e-07
9.56477e-07
4.46133e-07
1.28617e-06
6.75626e-07
1.97564e-06
8.90484e-07
3.31899e-06
8.64768e-07
5.77966e-06
9.10614e-06
3.01293e-07
2.41542e-07
7.14936e-07
4.85806e-07
1.0419e-06
8.02209e-07
1.65924e-06
1.20857e-06
2.91263e-06
1.48798e-06
5.50026e-06
9.29469e-06
1.29943e-06
2.32937e-07
4.81999e-07
5.0165e-07
7.7319e-07
8.89944e-07
1.27095e-06
1.48362e-06
2.31895e-06
2.11152e-06
4.87236e-06
8.96095e-06
2.44527e-06
2.09639e-07
2.7236e-07
4.88484e-07
4.94345e-07
9.21742e-07
8.37689e-07
1.67274e-06
1.56794e-06
2.68293e-06
3.86218e-06
7.82305e-06
3.82082e-06
1.70543e-07
1.01817e-07
4.39571e-07
2.25317e-07
8.77169e-07
4.0009e-07
1.71055e-06
7.34558e-07
3.1674e-06
2.40533e-06
5.23498e-06
5.75547e-06
1.01817e-07
3.27134e-07
7.27224e-07
1.46178e-06
3.86711e-06
9.10209e-06
1.05784e-07
-2.6732e-05
-3.73671e-06
-3.09832e-05
-6.75378e-06
-3.25708e-05
-9.48793e-06
-3.28395e-05
-1.20615e-05
-3.28536e-05
-1.45156e-05
-3.29083e-05
-1.68797e-05
-3.31082e-05
-1.91781e-05
-3.3439e-05
-2.1428e-05
-3.38541e-05
-2.364e-05
-3.43134e-05
-2.58198e-05
-3.47894e-05
-2.79703e-05
-3.52687e-05
-3.00924e-05
-3.57449e-05
-3.21861e-05
-3.62138e-05
-3.42513e-05
-3.66717e-05
-3.62872e-05
-3.71156e-05
-3.82929e-05
-3.75433e-05
-4.02671e-05
-3.79544e-05
-4.22078e-05
-3.83507e-05
-4.41126e-05
-3.87357e-05
-4.59794e-05
-3.91127e-05
-4.78064e-05
-3.9484e-05
-4.95935e-05
-3.98554e-05
-4.03107e-05
-9.4958e-07
-2.33129e-05
-4.27657e-06
-2.76562e-05
-7.36814e-06
-2.94792e-05
-1.02294e-05
-2.99782e-05
-1.29226e-05
-3.01605e-05
-1.54869e-05
-3.03439e-05
-1.79564e-05
-3.06387e-05
-2.03578e-05
-3.10376e-05
-2.2709e-05
-3.1503e-05
-2.50205e-05
-3.20018e-05
-2.72982e-05
-3.25117e-05
-2.95444e-05
-3.30224e-05
-3.17604e-05
-3.3529e-05
-3.39461e-05
-3.40281e-05
-3.61014e-05
-3.45164e-05
-3.82256e-05
-3.49914e-05
-4.03178e-05
-3.54511e-05
-4.23765e-05
-3.58957e-05
-4.43997e-05
-3.63275e-05
-4.63853e-05
-3.67501e-05
-4.83313e-05
-3.71667e-05
-5.02362e-05
-3.7579e-05
-5.21005e-05
-3.79912e-05
-3.84713e-05
-1.83701e-06
-2.05426e-05
-4.94959e-06
-2.45437e-05
-8.03696e-06
-2.63919e-05
-1.09617e-05
-2.70535e-05
-1.37349e-05
-2.73872e-05
-1.63841e-05
-2.76946e-05
-1.8941e-05
-2.80818e-05
-2.14312e-05
-2.85475e-05
-2.38714e-05
-2.90627e-05
-2.62716e-05
-2.96017e-05
-2.86368e-05
-3.01466e-05
-3.09692e-05
-3.069e-05
-3.32697e-05
-3.12285e-05
-3.55385e-05
-3.17593e-05
-3.77753e-05
-3.22796e-05
-3.99795e-05
-3.27872e-05
-4.21499e-05
-3.32807e-05
-4.42852e-05
-3.37605e-05
-4.63833e-05
-3.42293e-05
-4.84425e-05
-3.46909e-05
-5.04611e-05
-3.51481e-05
-5.24379e-05
-3.56022e-05
-5.43723e-05
-3.60568e-05
-3.6557e-05
-2.6634e-06
-1.80369e-05
-5.65152e-06
-2.15555e-05
-8.71087e-06
-2.33325e-05
-1.16627e-05
-2.41017e-05
-1.44875e-05
-2.45624e-05
-1.72008e-05
-2.49814e-05
-1.98289e-05
-2.54537e-05
-2.23941e-05
-2.59822e-05
-2.49113e-05
-2.65456e-05
-2.7389e-05
-2.7124e-05
-2.98312e-05
-2.77043e-05
-3.22398e-05
-2.82815e-05
-3.46153e-05
-2.8853e-05
-3.69578e-05
-2.94167e-05
-3.92671e-05
-2.99704e-05
-4.15422e-05
-3.05121e-05
-4.37821e-05
-3.10408e-05
-4.59853e-05
-3.15573e-05
-4.815e-05
-3.20645e-05
-5.0275e-05
-3.2566e-05
-5.23591e-05
-3.3064e-05
-5.44018e-05
-3.35595e-05
-5.64021e-05
-3.40565e-05
-3.45777e-05
-3.40292e-06
-1.55364e-05
-6.32212e-06
-1.86363e-05
-9.34922e-06
-2.03054e-05
-1.23097e-05
-2.11412e-05
-1.51675e-05
-2.17047e-05
-1.79287e-05
-2.22201e-05
-2.06141e-05
-2.27684e-05
-2.32419e-05
-2.33543e-05
-2.58244e-05
-2.39631e-05
-2.83684e-05
-2.458e-05
-3.08771e-05
-2.51956e-05
-3.33517e-05
-2.58069e-05
-3.57923e-05
-2.64123e-05
-3.81991e-05
-2.70099e-05
-4.05714e-05
-2.75981e-05
-4.29083e-05
-2.81752e-05
-4.52086e-05
-2.87405e-05
-4.74708e-05
-2.92951e-05
-4.96936e-05
-2.98417e-05
-5.18763e-05
-3.03833e-05
-5.40186e-05
-3.09216e-05
-5.61207e-05
-3.14574e-05
-5.81825e-05
-3.19947e-05
-3.25439e-05
-4.05099e-06
-1.30685e-05
-6.92531e-06
-1.5762e-05
-9.92384e-06
-1.73069e-05
-1.28842e-05
-1.81809e-05
-1.57628e-05
-1.8826e-05
-1.85597e-05
-1.94232e-05
-2.12904e-05
-2.00377e-05
-2.39694e-05
-2.06753e-05
-2.6606e-05
-2.13265e-05
-2.92057e-05
-2.19803e-05
-3.17704e-05
-2.26309e-05
-3.43007e-05
-2.32766e-05
-3.67967e-05
-2.39163e-05
-3.9258e-05
-2.45486e-05
-4.1684e-05
-2.51722e-05
-4.40734e-05
-2.57857e-05
-4.64251e-05
-2.63889e-05
-4.87376e-05
-2.69826e-05
-5.10101e-05
-2.75692e-05
-5.32423e-05
-2.81511e-05
-5.54346e-05
-2.87293e-05
-5.75875e-05
-2.93044e-05
-5.97026e-05
-2.98796e-05
-3.04618e-05
-4.59688e-06
-1.06113e-05
-7.4409e-06
-1.2918e-05
-1.04157e-05
-1.43321e-05
-1.33719e-05
-1.52247e-05
-1.62634e-05
-1.59345e-05
-1.90865e-05
-1.66002e-05
-2.18522e-05
-1.72719e-05
-2.45718e-05
-1.79558e-05
-2.72521e-05
-1.86462e-05
-2.98969e-05
-1.93355e-05
-3.25072e-05
-2.00206e-05
-3.50832e-05
-2.07007e-05
-3.76246e-05
-2.13749e-05
-4.01309e-05
-2.20423e-05
-4.26011e-05
-2.2702e-05
-4.5034e-05
-2.33528e-05
-4.74281e-05
-2.39947e-05
-4.97824e-05
-2.46284e-05
-5.20962e-05
-2.52554e-05
-5.43697e-05
-2.58776e-05
-5.66035e-05
-2.64955e-05
-5.87985e-05
-2.71095e-05
-6.09561e-05
-2.7722e-05
-2.83386e-05
-5.0323e-06
-8.15193e-06
-7.85628e-06
-1.0094e-05
-1.08119e-05
-1.13764e-05
-1.37622e-05
-1.22744e-05
-1.66613e-05
-1.30354e-05
-1.95027e-05
-1.37588e-05
-2.22944e-05
-1.44802e-05
-2.50446e-05
-1.52055e-05
-2.77586e-05
-1.59323e-05
-3.04383e-05
-1.66558e-05
-3.30841e-05
-1.73748e-05
-3.56957e-05
-1.8089e-05
-3.82726e-05
-1.87979e-05
-4.08142e-05
-1.95008e-05
-4.33193e-05
-2.01969e-05
-4.57864e-05
-2.08857e-05
-4.82142e-05
-2.15669e-05
-5.06015e-05
-2.22411e-05
-5.2948e-05
-2.29089e-05
-5.52542e-05
-2.35714e-05
-5.75208e-05
-2.42289e-05
-5.97488e-05
-2.48816e-05
-6.19393e-05
-2.55314e-05
-2.61826e-05
-5.35279e-06
-5.68605e-06
-8.16339e-06
-7.28342e-06
-1.11038e-05
-8.43602e-06
-1.40477e-05
-9.33046e-06
-1.69503e-05
-1.01328e-05
-1.98035e-05
-1.09056e-05
-2.26129e-05
-1.16709e-05
-2.53846e-05
-1.24338e-05
-2.81223e-05
-1.31946e-05
-3.08269e-05
-1.39512e-05
-3.34981e-05
-1.47036e-05
-3.61354e-05
-1.54517e-05
-3.87381e-05
-1.61952e-05
-4.13053e-05
-1.69336e-05
-4.38357e-05
-1.76665e-05
-4.63279e-05
-1.83936e-05
-4.87802e-05
-1.91146e-05
-5.11916e-05
-1.98296e-05
-5.35622e-05
-2.05384e-05
-5.58923e-05
-2.12413e-05
-5.81828e-05
-2.19384e-05
-6.04346e-05
-2.26298e-05
-6.2649e-05
-2.3317e-05
-2.4003e-05
-5.55606e-06
-3.21455e-06
-8.35725e-06
-4.48223e-06
-1.12858e-05
-5.50744e-06
-1.42234e-05
-6.39289e-06
-1.71262e-05
-7.22994e-06
-1.99853e-05
-8.04648e-06
-2.28046e-05
-8.85164e-06
-2.55889e-05
-9.64954e-06
-2.83408e-05
-1.04427e-05
-3.10605e-05
-1.12315e-05
-3.37473e-05
-1.20168e-05
-3.64004e-05
-1.27986e-05
-3.90191e-05
-1.35765e-05
-4.16022e-05
-1.43505e-05
-4.41484e-05
-1.51203e-05
-4.66561e-05
-1.58859e-05
-4.91237e-05
-1.6647e-05
-5.15504e-05
-1.74029e-05
-5.39361e-05
-1.81528e-05
-5.62813e-05
-1.88961e-05
-5.85869e-05
-1.96328e-05
-6.08534e-05
-2.03633e-05
-6.30823e-05
-2.10881e-05
-2.18087e-05
-5.64087e-06
-7.41317e-07
-8.43497e-06
-1.68813e-06
-1.13546e-05
-2.58784e-06
-1.42861e-05
-3.46137e-06
-1.71863e-05
-4.32971e-06
-2.00458e-05
-5.18696e-06
-2.28677e-05
-6.0298e-06
-2.5656e-05
-6.8612e-06
-2.84129e-05
-7.68576e-06
-3.11381e-05
-8.50628e-06
-3.38307e-05
-9.32417e-06
-3.64899e-05
-1.01394e-05
-3.91146e-05
-1.09518e-05
-4.17038e-05
-1.17613e-05
-4.4256e-05
-1.25681e-05
-4.67696e-05
-1.33723e-05
-4.92433e-05
-1.41733e-05
-5.16761e-05
-1.49701e-05
-5.40679e-05
-1.5761e-05
-5.64192e-05
-1.65448e-05
-5.87308e-05
-1.73212e-05
-6.10034e-05
-1.80906e-05
-6.32381e-05
-1.88534e-05
-1.96092e-05
-5.60656e-06
1.72815e-06
-8.39506e-06
1.10036e-06
-1.13085e-05
3.25565e-07
-1.42343e-05
-5.35492e-07
-1.71295e-05
-1.43453e-06
-1.99844e-05
-2.33206e-06
-2.28019e-05
-3.21233e-06
-2.55859e-05
-4.07714e-06
-2.83387e-05
-4.93305e-06
-3.10598e-05
-5.78519e-06
-3.37483e-05
-6.63561e-06
-3.64034e-05
-7.48437e-06
-3.90239e-05
-8.33121e-06
-4.16091e-05
-9.17619e-06
-4.41575e-05
-1.00197e-05
-4.66678e-05
-1.0862e-05
-4.91385e-05
-1.17027e-05
-5.15684e-05
-1.25401e-05
-5.39575e-05
-1.33719e-05
-5.6306e-05
-1.41962e-05
-5.86147e-05
-1.50125e-05
-6.08841e-05
-1.58212e-05
-6.31154e-05
-1.66221e-05
-1.74134e-05
-5.45278e-06
4.18777e-06
-8.23709e-06
3.88468e-06
-1.11473e-05
3.23574e-06
-1.40684e-05
2.38561e-06
-1.69563e-05
1.45345e-06
-1.98017e-05
5.13322e-07
-2.26079e-05
-4.06198e-07
-2.53793e-05
-1.30568e-06
-2.81186e-05
-2.19377e-06
-3.08257e-05
-3.07805e-06
-3.35001e-05
-3.96131e-06
-3.61408e-05
-4.8436e-06
-3.87474e-05
-5.72467e-06
-4.13188e-05
-6.60471e-06
-4.3854e-05
-7.48445e-06
-4.63515e-05
-8.36447e-06
-4.88099e-05
-9.24434e-06
-5.12279e-05
-1.0122e-05
-5.36053e-05
-1.09946e-05
-5.59421e-05
-1.18594e-05
-5.82389e-05
-1.27157e-05
-6.04962e-05
-1.3564e-05
-6.27149e-05
-1.44034e-05
-1.52307e-05
-5.17937e-06
6.63172e-06
-7.96152e-06
6.66682e-06
-1.0872e-05
6.14619e-06
-1.37895e-05
5.30316e-06
-1.66684e-05
4.33229e-06
-1.94994e-05
3.34438e-06
-2.22873e-05
2.38165e-06
-2.50377e-05
1.44474e-06
-2.77542e-05
5.22722e-07
-3.04376e-05
-3.94626e-07
-3.30878e-05
-1.3111e-06
-3.57045e-05
-2.2269e-06
-3.82873e-05
-3.14192e-06
-4.08353e-05
-4.0567e-06
-4.33475e-05
-4.97224e-06
-4.58226e-05
-5.88939e-06
-4.82592e-05
-6.80776e-06
-5.06561e-05
-7.72511e-06
-5.30127e-05
-8.63795e-06
-5.53289e-05
-9.5432e-06
-5.76049e-05
-1.04397e-05
-5.9841e-05
-1.13278e-05
-6.20383e-05
-1.22061e-05
-1.30701e-05
-4.78647e-06
9.05523e-06
-7.56971e-06
9.45006e-06
-1.04849e-05
9.06138e-06
-1.34006e-05
8.21886e-06
-1.62685e-05
7.20021e-06
-1.90804e-05
6.15631e-06
-2.1843e-05
5.14422e-06
-2.4564e-05
4.16572e-06
-2.72485e-05
3.20723e-06
-2.98986e-05
2.25547e-06
-3.25149e-05
1.30524e-06
-3.50977e-05
3.5584e-07
-3.76466e-05
-5.92989e-07
-4.01612e-05
-1.54211e-06
-4.26405e-05
-2.49289e-06
-4.50836e-05
-3.44638e-06
-4.7489e-05
-4.40236e-06
-4.98555e-05
-5.35856e-06
-5.21823e-05
-6.31117e-06
-5.44688e-05
-7.25665e-06
-5.67151e-05
-8.19342e-06
-5.89213e-05
-9.12157e-06
-6.10882e-05
-1.00392e-05
-1.09405e-05
-4.27465e-06
1.14557e-05
-7.06425e-06
1.22397e-05
-9.9899e-06
1.1987e-05
-1.2906e-05
1.1135e-05
-1.57614e-05
1.00556e-05
-1.85494e-05
8.94431e-06
-2.12797e-05
7.87447e-06
-2.39627e-05
6.84878e-06
-2.66059e-05
5.85042e-06
-2.92129e-05
4.86251e-06
-3.17854e-05
3.87773e-06
-3.43241e-05
2.89451e-06
-3.68291e-05
1.91204e-06
-3.93003e-05
9.2903e-07
-4.17369e-05
-5.62386e-08
-4.41382e-05
-1.04514e-06
-4.65028e-05
-2.03767e-06
-4.88297e-05
-3.0317e-06
-5.11175e-05
-4.02333e-06
-5.33655e-05
-5.00865e-06
-5.55733e-05
-5.98564e-06
-5.77408e-05
-6.95409e-06
-5.98685e-05
-7.91155e-06
-8.85097e-06
-3.64547e-06
1.38343e-05
-6.44953e-06
1.50437e-05
-9.39296e-06
1.49305e-05
-1.23122e-05
1.40542e-05
-1.51534e-05
1.28968e-05
-1.79124e-05
1.17033e-05
-2.0603e-05
1.05651e-05
-2.32395e-05
9.48518e-06
-2.58317e-05
8.44271e-06
-2.83857e-05
7.41646e-06
-3.09041e-05
6.39617e-06
-3.33885e-05
5.3789e-06
-3.58395e-05
4.36303e-06
-3.82572e-05
3.34671e-06
-4.06413e-05
2.32782e-06
-4.2991e-05
1.30461e-06
-4.53054e-05
2.76753e-07
-4.75832e-05
-7.53898e-07
-4.9823e-05
-1.78356e-06
-5.20235e-05
-2.80812e-06
-5.4184e-05
-3.82515e-06
-5.63041e-05
-4.83401e-06
-5.8384e-05
-5.83167e-06
-6.81002e-06
-2.90247e-06
1.61962e-05
-5.73259e-06
1.78738e-05
-8.70279e-06
1.79007e-05
-1.1628e-05
1.69793e-05
-1.44528e-05
1.57217e-05
-1.71772e-05
1.44277e-05
-1.98203e-05
1.32082e-05
-2.24008e-05
1.20658e-05
-2.49323e-05
1.09741e-05
-2.74228e-05
9.90703e-06
-2.98768e-05
8.85019e-06
-3.22966e-05
7.79866e-06
-3.46833e-05
6.74975e-06
-3.70375e-05
5.70089e-06
-3.93591e-05
4.64941e-06
-4.16476e-05
3.59316e-06
-4.39023e-05
2.53139e-06
-4.61217e-05
1.46552e-06
-4.83043e-05
3.99043e-07
-5.04485e-05
-6.63917e-07
-5.2553e-05
-1.7206e-06
-5.46172e-05
-2.76989e-06
-5.66407e-05
-3.80811e-06
-4.82612e-06
-2.05142e-06
1.85489e-05
-4.92409e-06
2.07465e-05
-7.93205e-06
2.09086e-05
-1.08653e-05
1.99126e-05
-1.36702e-05
1.85266e-05
-1.6353e-05
1.71104e-05
-1.89396e-05
1.57948e-05
-2.14544e-05
1.45806e-05
-2.39146e-05
1.34342e-05
-2.63311e-05
1.23236e-05
-2.87101e-05
1.12292e-05
-3.10548e-05
1.01433e-05
-3.33669e-05
9.06193e-06
-3.56475e-05
7.98147e-06
-3.78968e-05
6.89866e-06
-4.01145e-05
5.81084e-06
-4.22998e-05
4.71675e-06
-4.44516e-05
3.61729e-06
-4.6568e-05
2.51546e-06
-4.86471e-05
1.41519e-06
-5.06871e-05
3.19438e-07
-5.26868e-05
-7.70272e-07
-5.46454e-05
-1.84946e-06
-2.9072e-06
-1.09636e-06
2.09447e-05
-4.03978e-06
2.36899e-05
-7.09924e-06
2.39681e-05
-1.00404e-05
2.28537e-05
-1.28189e-05
2.13052e-05
-1.54508e-05
1.97423e-05
-1.79704e-05
1.83145e-05
-2.04086e-05
1.70187e-05
-2.27864e-05
1.58121e-05
-2.5118e-05
1.46551e-05
-2.74111e-05
1.35223e-05
-2.967e-05
1.24023e-05
-3.18973e-05
1.12892e-05
-3.40942e-05
1.01784e-05
-3.62613e-05
9.06575e-06
-3.83985e-05
7.94805e-06
-4.05052e-05
6.82348e-06
-4.25802e-05
5.69228e-06
-4.46216e-05
4.55681e-06
-4.6627e-05
3.42061e-06
-4.85942e-05
2.2866e-06
-5.05209e-05
1.15649e-06
-5.2405e-05
3.46671e-08
-1.05983e-06
2.83248e-08
2.33616e-05
-3.10612e-06
2.68244e-05
-6.23264e-06
2.70946e-05
-9.17477e-06
2.57959e-05
-1.19151e-05
2.40455e-05
-1.44831e-05
2.23103e-05
-1.6923e-05
2.07544e-05
-1.92721e-05
1.93678e-05
-2.1556e-05
1.80959e-05
-2.37911e-05
1.68903e-05
-2.59872e-05
1.57184e-05
-2.81497e-05
1.45648e-05
-3.02817e-05
1.34212e-05
-3.23849e-05
1.22815e-05
-3.446e-05
1.11409e-05
-3.65072e-05
9.99527e-06
-3.8526e-05
8.84226e-06
-4.05151e-05
7.68139e-06
-4.24725e-05
6.51425e-06
-4.43956e-05
5.34374e-06
-4.62816e-05
4.17253e-06
-4.81273e-05
3.0022e-06
-4.99294e-05
1.83684e-06
7.10044e-07
1.05138e-06
2.61311e-05
-2.19505e-06
3.00708e-05
-5.37366e-06
3.02732e-05
-8.29694e-06
2.87191e-05
-1.0978e-05
2.67266e-05
-1.34638e-05
2.47961e-05
-1.58081e-05
2.30987e-05
-1.80542e-05
2.16139e-05
-2.02314e-05
2.02731e-05
-2.23583e-05
1.90172e-05
-2.44462e-05
1.78063e-05
-2.65015e-05
1.66201e-05
-2.85278e-05
1.54475e-05
-3.05272e-05
1.42809e-05
-3.25007e-05
1.31143e-05
-3.44484e-05
1.1943e-05
-3.637e-05
1.07639e-05
-3.82643e-05
9.57563e-06
-4.01291e-05
8.37904e-06
-4.19616e-05
7.17628e-06
-4.37586e-05
5.96954e-06
-4.55167e-05
4.76023e-06
-4.72321e-05
3.55226e-06
2.39308e-06
2.0728e-06
2.98137e-05
-1.37918e-06
3.35228e-05
-4.58261e-06
3.34766e-05
-7.44232e-06
3.15788e-05
-1.00287e-05
2.9313e-05
-1.24066e-05
2.71739e-05
-1.46359e-05
2.5328e-05
-1.67633e-05
2.37414e-05
-1.88203e-05
2.23301e-05
-2.08269e-05
2.10238e-05
-2.27954e-05
1.97748e-05
-2.47329e-05
1.85576e-05
-2.66435e-05
1.7358e-05
-2.85293e-05
1.61668e-05
-3.03917e-05
1.49767e-05
-3.22308e-05
1.37822e-05
-3.40463e-05
1.25794e-05
-3.58371e-05
1.13664e-05
-3.7601e-05
1.01429e-05
-3.93351e-05
8.91043e-06
-4.1036e-05
7.67047e-06
-4.27e-05
6.42415e-06
-4.43227e-05
5.17503e-06
3.98171e-06
3.10605e-06
3.58098e-05
-7.99674e-07
3.74285e-05
-3.93659e-06
3.66136e-05
-6.64801e-06
3.42903e-05
-9.08651e-06
3.17515e-05
-1.1323e-05
2.94103e-05
-1.34145e-05
2.74196e-05
-1.54063e-05
2.57332e-05
-1.73294e-05
2.42531e-05
-1.92037e-05
2.28981e-05
-2.10419e-05
2.1613e-05
-2.28514e-05
2.03671e-05
-2.46364e-05
1.91431e-05
-2.63995e-05
1.79298e-05
-2.81417e-05
1.67189e-05
-2.98635e-05
1.5504e-05
-3.15645e-05
1.42804e-05
-3.32436e-05
1.30454e-05
-3.48987e-05
1.17981e-05
-3.65271e-05
1.05388e-05
-3.81251e-05
9.26844e-06
-3.96885e-05
7.98762e-06
-4.12127e-05
6.69925e-06
5.46928e-06
1.32396e-06
-1.32396e-06
2.81901e-06
-1.49505e-06
3.77497e-06
-9.55963e-07
4.65317e-06
-8.78195e-07
4.69292e-06
-3.97526e-08
2.54131e-06
2.15161e-06
1.66299e-06
-2.98695e-06
3.11921e-06
-2.95127e-06
4.13578e-06
-1.97253e-06
4.62791e-06
-1.37033e-06
3.98057e-06
6.07589e-07
5.03996e-06
1.48192e-06
1.6808e-06
-4.66775e-06
2.99138e-06
-4.26185e-06
3.89432e-06
-2.87547e-06
4.11272e-06
-1.58872e-06
3.23356e-06
1.48675e-06
7.43997e-06
8.33544e-07
1.59276e-06
-6.26051e-06
2.74445e-06
-5.41354e-06
3.49033e-06
-3.62135e-06
3.48963e-06
-1.58802e-06
2.5007e-06
2.47569e-06
9.64696e-06
2.93711e-07
1.44763e-06
-7.70814e-06
2.43256e-06
-6.39847e-06
3.00988e-06
-4.19867e-06
2.85964e-06
-1.43779e-06
1.82854e-06
3.50679e-06
1.15764e-05
-1.00871e-07
1.2726e-06
-8.98074e-06
2.08276e-06
-7.20863e-06
2.50616e-06
-4.62207e-06
2.25651e-06
-1.18813e-06
1.24143e-06
4.52187e-06
1.32263e-05
-4.08522e-07
1.07511e-06
-1.00559e-05
1.72933e-06
-7.86284e-06
2.01195e-06
-4.90469e-06
1.70092e-06
-8.77109e-07
7.64323e-07
5.45846e-06
1.45277e-05
-5.37087e-07
8.69687e-07
-1.09255e-05
1.37473e-06
-8.36788e-06
1.53954e-06
-5.06949e-06
1.20263e-06
-5.40208e-07
3.91226e-07
6.26987e-06
1.54804e-05
-5.61412e-07
6.58533e-07
-1.15841e-05
1.02374e-06
-8.73308e-06
1.09455e-06
-5.14031e-06
7.63402e-07
-2.09063e-07
9.97954e-08
6.93348e-06
1.60925e-05
-5.12357e-07
4.44218e-07
-1.20283e-05
6.80188e-07
-8.96905e-06
6.79012e-07
-5.13913e-06
3.80787e-07
8.91618e-08
-9.39953e-08
7.40826e-06
1.64096e-05
-4.11064e-07
2.29e-07
-1.22573e-05
3.46605e-07
-9.08666e-06
2.92229e-07
-5.08475e-06
4.77645e-08
3.33626e-07
-2.35149e-07
7.69118e-06
1.64483e-05
-2.73817e-07
7.06158e-09
-1.22644e-05
2.18733e-08
-9.10147e-06
-6.87735e-08
-4.99411e-06
-2.5118e-07
5.16033e-07
-3.47067e-07
7.78706e-06
1.6216e-05
-1.14766e-07
-1.90596e-07
-1.20738e-05
-2.85633e-07
-9.00643e-06
-4.06137e-07
-4.8736e-06
-5.20074e-07
6.2997e-07
-4.3995e-07
7.70694e-06
1.57343e-05
4.16754e-08
-3.90508e-07
-1.16833e-05
-5.84957e-07
-8.81198e-06
-7.27424e-07
-4.73114e-06
-7.70988e-07
6.73534e-07
-5.27782e-07
7.46373e-06
1.50425e-05
1.64083e-07
-5.83325e-07
-1.10999e-05
-8.7516e-07
-8.52015e-06
-1.03755e-06
-4.56874e-06
-1.01398e-06
6.49961e-07
-6.22667e-07
7.07242e-06
1.41555e-05
2.64287e-07
-7.67342e-07
-1.03326e-05
-1.15784e-06
-8.12965e-06
-1.34254e-06
-4.38405e-06
-1.25883e-06
5.66251e-07
-7.37178e-07
6.55077e-06
1.30983e-05
3.19999e-07
-9.40933e-07
-9.39165e-06
-1.43466e-06
-7.63592e-06
-1.64862e-06
-4.17009e-06
-1.51501e-06
4.32643e-07
-8.82818e-07
5.91858e-06
1.18988e-05
3.16729e-07
-1.10187e-06
-8.28978e-06
-1.70685e-06
-7.03094e-06
-1.96212e-06
-3.91482e-06
-1.79189e-06
2.62415e-07
-1.06915e-06
5.19584e-06
1.05846e-05
2.45027e-07
-1.24685e-06
-7.04292e-06
-1.97479e-06
-6.30301e-06
-2.28927e-06
-3.60035e-06
-2.09978e-06
7.29312e-08
-1.30649e-06
4.40255e-06
9.17804e-06
1.00073e-07
-1.37098e-06
-5.67194e-06
-2.23733e-06
-5.43666e-06
-2.63566e-06
-3.20203e-06
-2.45024e-06
-1.12481e-07
-1.60495e-06
3.55726e-06
7.68985e-06
-1.16762e-07
-1.464e-06
-4.20794e-06
-2.49401e-06
-4.40664e-06
-3.00508e-06
-2.69096e-06
-2.85587e-06
-2.61694e-07
-1.97407e-06
2.67546e-06
6.13917e-06
-4.23391e-07
-1.51021e-06
-2.69773e-06
-2.7442e-06
-3.17265e-06
-3.39852e-06
-2.03664e-06
-3.33097e-06
-3.29244e-07
-2.4229e-06
1.76739e-06
4.45179e-06
-7.35515e-07
-1.49306e-06
-1.20467e-06
-2.95726e-06
-1.70845e-06
-3.80734e-06
-1.18657e-06
-3.87658e-06
-2.59995e-07
-2.95933e-06
8.50129e-07
2.46044e-06
-9.6797e-07
-1.20467e-06
-2.91312e-06
-4.09969e-06
-4.35968e-06
-3.50956e-06
-1.04912e-06
2.60007e-06
3.53613e-05
-7.86513e-07
4.08151e-05
-3.49655e-06
3.93236e-05
-5.93234e-06
3.67261e-05
-8.15983e-06
3.3979e-05
-1.02183e-05
3.14688e-05
-1.21486e-05
2.93499e-05
-1.3988e-05
2.75725e-05
-1.57637e-05
2.60289e-05
-1.74944e-05
2.46287e-05
-1.91921e-05
2.33107e-05
-2.08641e-05
2.20391e-05
-2.25147e-05
2.07937e-05
-2.41462e-05
1.95613e-05
-2.57599e-05
1.83326e-05
-2.73562e-05
1.71003e-05
-2.89348e-05
1.5859e-05
-3.04946e-05
1.46053e-05
-3.20338e-05
1.33372e-05
-3.35494e-05
1.20544e-05
-3.50378e-05
1.07569e-05
-3.64948e-05
9.44454e-06
-3.79147e-05
8.1192e-06
6.84977e-06
1.0181e-06
3.58251e-05
-1.02879e-06
4.2862e-05
-3.17318e-06
4.1468e-05
-5.26676e-06
3.88196e-05
-7.23814e-06
3.59504e-05
-9.08878e-06
3.33195e-05
-1.08378e-05
3.1099e-05
-1.251e-05
2.92447e-05
-1.41268e-05
2.76456e-05
-1.57039e-05
2.62058e-05
-1.72521e-05
2.48589e-05
-1.87781e-05
2.35651e-05
-2.02861e-05
2.23016e-05
-2.17782e-05
2.10535e-05
-2.32557e-05
1.98102e-05
-2.47191e-05
1.85636e-05
-2.6168e-05
1.73079e-05
-2.76016e-05
1.60388e-05
-2.90179e-05
1.47536e-05
-3.04144e-05
1.34508e-05
-3.17872e-05
1.21297e-05
-3.31318e-05
1.07891e-05
-3.4442e-05
9.42944e-06
8.11776e-06
2.09415e-07
3.64493e-05
-1.20498e-06
4.42764e-05
-2.8615e-06
4.31245e-05
-4.59978e-06
4.05579e-05
-6.29764e-06
3.76482e-05
-7.92407e-06
3.49459e-05
-9.47838e-06
3.26533e-05
-1.09725e-05
3.07389e-05
-1.24211e-05
2.90942e-05
-1.38364e-05
2.76211e-05
-1.52275e-05
2.625e-05
-1.66003e-05
2.4938e-05
-1.79586e-05
2.36599e-05
-1.93045e-05
2.23993e-05
-2.06391e-05
2.11447e-05
-2.19628e-05
1.98874e-05
-2.32755e-05
1.86207e-05
-2.45764e-05
1.73397e-05
-2.58637e-05
1.60409e-05
-2.7135e-05
1.47221e-05
-2.83865e-05
1.33812e-05
-2.96133e-05
1.2016e-05
-3.08087e-05
1.06248e-05
9.26841e-06
-3.39954e-07
3.70829e-05
-1.23768e-06
4.51741e-05
-2.48589e-06
4.43727e-05
-3.8889e-06
4.19609e-05
-5.31556e-06
3.90749e-05
-6.71295e-06
3.63433e-05
-8.06554e-06
3.40059e-05
-9.37467e-06
3.2048e-05
-1.06485e-05
3.03681e-05
-1.18958e-05
2.88684e-05
-1.31239e-05
2.7478e-05
-1.43377e-05
2.61518e-05
-1.55405e-05
2.48627e-05
-1.67343e-05
2.35931e-05
-1.79201e-05
2.23306e-05
-1.90984e-05
2.10657e-05
-2.02691e-05
1.97913e-05
-2.14314e-05
1.8502e-05
-2.2584e-05
1.71936e-05
-2.37245e-05
1.58626e-05
-2.48494e-05
1.45061e-05
-2.59535e-05
1.31201e-05
-2.70292e-05
1.17005e-05
1.02975e-05
-6.2454e-07
3.76066e-05
-1.12439e-06
4.56739e-05
-2.02325e-06
4.52716e-05
-3.11421e-06
4.30519e-05
-4.2774e-06
4.02381e-05
-5.44706e-06
3.75129e-05
-6.59576e-06
3.51546e-05
-7.71629e-06
3.31685e-05
-8.81134e-06
3.14631e-05
-9.88651e-06
2.99436e-05
-1.09472e-05
2.85387e-05
-1.19977e-05
2.72022e-05
-1.30406e-05
2.59057e-05
-1.40777e-05
2.46302e-05
-1.51099e-05
2.33628e-05
-1.61378e-05
2.20935e-05
-1.71612e-05
2.08148e-05
-1.81799e-05
1.95206e-05
-1.91925e-05
1.82062e-05
-2.0197e-05
1.68671e-05
-2.11902e-05
1.54992e-05
-2.21669e-05
1.40968e-05
-2.31184e-05
1.2652e-05
1.12014e-05
-7.00303e-07
3.78984e-05
-8.83863e-07
4.58575e-05
-1.46887e-06
4.58566e-05
-2.26874e-06
4.38518e-05
-3.17698e-06
4.11463e-05
-4.12247e-06
3.84584e-05
-5.06777e-06
3.60999e-05
-5.99849e-06
3.40993e-05
-6.91272e-06
3.23774e-05
-7.81327e-06
3.08441e-05
-8.70397e-06
2.94294e-05
-9.58814e-06
2.80864e-05
-1.04681e-05
2.67856e-05
-1.13451e-05
2.55073e-05
-1.22202e-05
2.42379e-05
-1.30937e-05
2.2967e-05
-1.39657e-05
2.16868e-05
-1.4836e-05
2.03909e-05
-1.57036e-05
1.90738e-05
-1.65671e-05
1.77306e-05
-1.74236e-05
1.63557e-05
-1.82682e-05
1.49414e-05
-1.90915e-05
1.34753e-05
1.19769e-05
-6.09081e-07
3.79704e-05
-5.29318e-07
4.57777e-05
-8.2621e-07
4.61535e-05
-1.35202e-06
4.43776e-05
-2.0138e-06
4.18081e-05
-2.73901e-06
3.91836e-05
-3.48262e-06
3.68435e-05
-4.22382e-06
3.48405e-05
-4.95671e-06
3.31102e-05
-5.68168e-06
3.15691e-05
-6.40117e-06
3.01489e-05
-7.11767e-06
2.88029e-05
-7.83298e-06
2.75009e-05
-8.54822e-06
2.62225e-05
-9.26398e-06
2.49536e-05
-9.98056e-06
2.36836e-05
-1.0698e-05
2.24042e-05
-1.14161e-05
2.1109e-05
-1.21342e-05
1.9792e-05
-1.28514e-05
1.84478e-05
-1.35658e-05
1.707e-05
-1.42733e-05
1.5649e-05
-1.49642e-05
1.41661e-05
1.26206e-05
-3.91534e-07
3.78005e-05
-6.83591e-08
4.54545e-05
-1.0007e-07
4.61852e-05
-3.6763e-07
4.46451e-05
-7.90604e-07
4.22311e-05
-1.29898e-06
3.9692e-05
-1.84323e-06
3.73878e-05
-2.39603e-06
3.53933e-05
-2.94814e-06
3.36624e-05
-3.49783e-06
3.21188e-05
-4.04626e-06
3.06973e-05
-4.59518e-06
2.93518e-05
-5.14593e-06
2.80516e-05
-5.69929e-06
2.67759e-05
-6.25556e-06
2.55099e-05
-6.8147e-06
2.42427e-05
-7.37644e-06
2.2966e-05
-7.94031e-06
2.16728e-05
-8.50563e-06
2.03573e-05
-9.07151e-06
1.90137e-05
-9.637e-06
1.76355e-05
-1.02005e-05
1.62125e-05
-1.07539e-05
1.47195e-05
1.31282e-05
-7.11402e-08
3.73593e-05
4.66884e-07
4.49165e-05
6.97751e-07
4.59543e-05
6.82733e-07
4.46602e-05
4.8764e-07
4.24262e-05
1.89964e-07
3.99897e-05
-1.54516e-07
3.77322e-05
-5.19797e-07
3.57585e-05
-8.92392e-07
3.40349e-05
-1.26805e-06
3.24944e-05
-1.64673e-06
3.1076e-05
-2.02953e-06
2.97346e-05
-2.41743e-06
2.84395e-05
-2.81094e-06
2.71694e-05
-3.21006e-06
2.5909e-05
-3.61436e-06
2.4647e-05
-4.02298e-06
2.33746e-05
-4.43474e-06
2.20846e-05
-4.84804e-06
2.07706e-05
-5.26078e-06
1.94264e-05
-5.67081e-06
1.80456e-05
-6.07856e-06
1.66203e-05
-6.48798e-06
1.51289e-05
1.34924e-05
2.71633e-07
3.66766e-05
1.06489e-06
4.41233e-05
1.55306e-06
4.54662e-05
1.78785e-06
4.44254e-05
1.81963e-06
4.23944e-05
1.73327e-06
4.0076e-05
1.58157e-06
3.78839e-05
1.4002e-06
3.59399e-05
1.20498e-06
3.42302e-05
1.0014e-06
3.2698e-05
7.9039e-07
3.1287e-05
5.71249e-07
2.99538e-05
3.43154e-07
2.86676e-05
1.05628e-07
2.74069e-05
-1.41314e-07
2.6156e-05
-3.97136e-07
2.49028e-05
-6.60709e-07
2.36382e-05
-9.30256e-07
2.23541e-05
-1.20319e-06
2.10436e-05
-1.4755e-06
1.96987e-05
-1.73982e-06
1.83099e-05
-1.98285e-06
1.68633e-05
-2.19741e-06
1.53435e-05
1.3741e-05
6.62127e-07
3.57406e-05
1.71051e-06
4.30749e-05
2.45296e-06
4.47237e-05
2.93244e-06
4.39459e-05
3.19031e-06
4.21365e-05
3.31246e-06
3.99539e-05
3.35525e-06
3.78412e-05
3.3573e-06
3.59378e-05
3.33792e-06
3.42496e-05
3.30456e-06
3.27314e-05
3.25903e-06
3.13325e-05
3.20093e-06
3.00119e-05
3.12936e-06
2.87392e-05
3.04355e-06
2.74927e-05
2.9431e-06
2.62564e-05
2.8281e-06
2.50179e-05
2.69921e-06
2.37671e-05
2.55785e-06
2.24955e-05
2.40641e-06
2.1195e-05
2.24875e-06
1.98564e-05
2.09182e-06
1.84668e-05
1.94758e-06
1.70076e-05
1.82698e-06
1.54641e-05
1.38665e-05
1.08002e-06
3.45458e-05
2.38206e-06
4.17728e-05
3.38418e-06
4.37216e-05
4.10644e-06
4.32236e-05
4.59293e-06
4.165e-05
4.92387e-06
3.9623e-05
5.16048e-06
3.76045e-05
5.34514e-06
3.57532e-05
5.50044e-06
3.40943e-05
5.63588e-06
3.25959e-05
5.75425e-06
3.12142e-05
5.85545e-06
2.99107e-05
5.9385e-06
2.86561e-05
6.00235e-06
2.74289e-05
6.04627e-06
2.62125e-05
6.07013e-06
2.4994e-05
6.07463e-06
2.37626e-05
6.06181e-06
2.25083e-05
6.03558e-06
2.12212e-05
6.00226e-06
1.98897e-05
5.96993e-06
1.84991e-05
5.94517e-06
1.70323e-05
5.93304e-06
1.54762e-05
1.38221e-05
1.49907e-06
3.30885e-05
3.06216e-06
4.02097e-05
4.33034e-06
4.24534e-05
5.29434e-06
4.22596e-05
6.01539e-06
4.0929e-05
6.55809e-06
3.90803e-05
6.98963e-06
3.7173e-05
7.35698e-06
3.53858e-05
7.68652e-06
3.37647e-05
7.99013e-06
3.22923e-05
8.27182e-06
3.09325e-05
8.53198e-06
2.96505e-05
8.76978e-06
2.84184e-05
8.98417e-06
2.72145e-05
9.17446e-06
2.60222e-05
9.34071e-06
2.48277e-05
9.48412e-06
2.36192e-05
9.60744e-06
2.2385e-05
9.7154e-06
2.11133e-05
9.81468e-06
1.97904e-05
9.9129e-06
1.84009e-05
1.00176e-05
1.69276e-05
1.01386e-05
1.53553e-05
1.367e-05
1.89808e-06
3.13545e-05
3.73036e-06
3.83775e-05
5.26884e-06
4.09149e-05
6.48605e-06
4.10424e-05
7.44714e-06
3.99679e-05
8.2049e-06
3.83225e-05
8.83376e-06
3.65441e-05
9.38513e-06
3.48345e-05
9.88948e-06
3.32604e-05
1.03616e-05
3.18202e-05
1.0807e-05
3.04871e-05
1.1227e-05
2.92305e-05
1.16211e-05
2.80243e-05
1.19884e-05
2.68472e-05
1.23285e-05
2.56821e-05
1.26415e-05
2.45147e-05
1.29291e-05
2.33317e-05
1.31938e-05
2.21203e-05
1.34401e-05
2.0867e-05
1.36737e-05
1.95568e-05
1.3901e-05
1.81736e-05
1.41288e-05
1.66998e-05
1.43667e-05
1.51174e-05
1.34087e-05
2.25919e-06
2.93596e-05
4.36571e-06
3.62709e-05
6.18362e-06
3.9097e-05
7.66662e-06
3.95594e-05
8.86994e-06
3.87646e-05
9.85058e-06
3.73419e-05
1.06819e-05
3.57128e-05
1.14205e-05
3.40959e-05
1.21015e-05
3.25794e-05
1.27433e-05
3.11783e-05
1.33539e-05
2.98765e-05
1.39354e-05
2.8649e-05
1.4488e-05
2.74717e-05
1.50111e-05
2.63241e-05
1.55043e-05
2.5189e-05
1.59678e-05
2.40512e-05
1.64025e-05
2.28969e-05
1.68106e-05
2.17121e-05
1.71955e-05
2.04821e-05
1.75613e-05
1.9191e-05
1.79132e-05
1.78217e-05
1.82578e-05
1.63552e-05
1.86055e-05
1.47698e-05
1.30418e-05
2.56224e-06
2.71173e-05
4.94623e-06
3.3887e-05
7.05325e-06
3.699e-05
8.81327e-06
3.77994e-05
1.0269e-05
3.73089e-05
1.14807e-05
3.61301e-05
1.25216e-05
3.46719e-05
1.34522e-05
3.31654e-05
1.43131e-05
3.17185e-05
1.51271e-05
3.03643e-05
1.59048e-05
2.90988e-05
1.66503e-05
2.79035e-05
1.73641e-05
2.67578e-05
1.80461e-05
2.56421e-05
1.86955e-05
2.45395e-05
1.93121e-05
2.34346e-05
1.98961e-05
2.23129e-05
2.04486e-05
2.11597e-05
2.09712e-05
1.99595e-05
2.14669e-05
1.86953e-05
2.19397e-05
1.7349e-05
2.23959e-05
1.58989e-05
2.28476e-05
1.43181e-05
1.25756e-05
2.78838e-06
2.46457e-05
5.45004e-06
3.12253e-05
7.85471e-06
3.45853e-05
9.90291e-06
3.57512e-05
1.16239e-05
3.55879e-05
1.30778e-05
3.46762e-05
1.43374e-05
3.34123e-05
1.54669e-05
3.20358e-05
1.65126e-05
3.06728e-05
1.75023e-05
2.93747e-05
1.84502e-05
2.81508e-05
1.93625e-05
2.69913e-05
2.02408e-05
2.58795e-05
2.10848e-05
2.47981e-05
2.18938e-05
2.37306e-05
2.26667e-05
2.26618e-05
2.34025e-05
2.15771e-05
2.41008e-05
2.04614e-05
2.47618e-05
1.92984e-05
2.53868e-05
1.80703e-05
2.59784e-05
1.67574e-05
2.65429e-05
1.53345e-05
2.70928e-05
1.37682e-05
1.20177e-05
2.92154e-06
2.19692e-05
5.8526e-06
2.82942e-05
8.55932e-06
3.18786e-05
1.09073e-05
3.34033e-05
1.29085e-05
3.35867e-05
1.46186e-05
3.29661e-05
1.61093e-05
3.19216e-05
1.74476e-05
3.06975e-05
1.86851e-05
2.94353e-05
1.98555e-05
2.82042e-05
2.09778e-05
2.70286e-05
2.20606e-05
2.59085e-05
2.3107e-05
2.48331e-05
2.41171e-05
2.37879e-05
2.50898e-05
2.27579e-05
2.60229e-05
2.17286e-05
2.69144e-05
2.06856e-05
2.77621e-05
1.96137e-05
2.85645e-05
1.8496e-05
2.93209e-05
1.73139e-05
3.00322e-05
1.60461e-05
3.07035e-05
1.46632e-05
3.13474e-05
1.31243e-05
1.13758e-05
2.95347e-06
1.91158e-05
6.1343e-06
2.51134e-05
9.13714e-06
2.88758e-05
1.17926e-05
3.07478e-05
1.40892e-05
3.129e-05
1.60727e-05
3.09826e-05
1.78106e-05
3.01837e-05
1.93712e-05
2.9137e-05
2.08107e-05
2.79957e-05
2.21694e-05
2.68455e-05
2.34715e-05
2.57265e-05
2.47297e-05
2.46503e-05
2.5949e-05
2.36138e-05
2.71302e-05
2.26067e-05
2.82717e-05
2.16164e-05
2.93709e-05
2.06294e-05
3.04241e-05
1.96324e-05
3.14276e-05
1.86102e-05
3.23776e-05
1.7546e-05
3.32711e-05
1.64204e-05
3.41068e-05
1.52103e-05
3.48871e-05
1.3883e-05
3.5623e-05
1.23884e-05
1.06563e-05
2.89274e-06
1.61063e-05
6.29079e-06
2.17153e-05
9.56411e-06
2.56025e-05
1.25222e-05
2.77898e-05
1.51249e-05
2.86873e-05
1.73997e-05
2.87078e-05
1.94047e-05
2.81787e-05
2.12057e-05
2.73361e-05
2.28621e-05
2.63393e-05
2.442e-05
2.52876e-05
2.59102e-05
2.42363e-05
2.73503e-05
2.32102e-05
2.87487e-05
2.22155e-05
3.01073e-05
2.12481e-05
3.14249e-05
2.02988e-05
3.26978e-05
1.93564e-05
3.39216e-05
1.84086e-05
3.50904e-05
1.74414e-05
3.61982e-05
1.64382e-05
3.72394e-05
1.53792e-05
3.82091e-05
1.42406e-05
3.91057e-05
1.29864e-05
3.99366e-05
1.15574e-05
9.86215e-06
2.77184e-06
1.2911e-05
6.34527e-06
1.81419e-05
9.83665e-06
2.21111e-05
1.30675e-05
2.45589e-05
1.59715e-05
2.57833e-05
1.85496e-05
2.61296e-05
2.08422e-05
2.58861e-05
2.29062e-05
2.52721e-05
2.47999e-05
2.44456e-05
2.65735e-05
2.35141e-05
2.82641e-05
2.25457e-05
2.98958e-05
2.15785e-05
3.14816e-05
2.06296e-05
3.30262e-05
1.97035e-05
3.45287e-05
1.87964e-05
3.59857e-05
1.78995e-05
3.73916e-05
1.70027e-05
3.87392e-05
1.60938e-05
4.00199e-05
1.51574e-05
4.12247e-05
1.41745e-05
4.23448e-05
1.31204e-05
4.33727e-05
1.19585e-05
4.43089e-05
1.06212e-05
8.99025e-06
2.66111e-06
9.5144e-06
6.35235e-06
1.44507e-05
9.9825e-06
1.84809e-05
1.34238e-05
2.11176e-05
1.65956e-05
2.26115e-05
1.94701e-05
2.32551e-05
2.20622e-05
2.3294e-05
2.44115e-05
2.29228e-05
2.65677e-05
2.22894e-05
2.85799e-05
2.1502e-05
3.04895e-05
2.06361e-05
3.23269e-05
1.9741e-05
3.4112e-05
1.88446e-05
3.58543e-05
1.79611e-05
3.75536e-05
1.70971e-05
3.92075e-05
1.62456e-05
4.08104e-05
1.53998e-05
4.2354e-05
1.45502e-05
4.38276e-05
1.36839e-05
4.52186e-05
1.27834e-05
4.65136e-05
1.18255e-05
4.76978e-05
1.07743e-05
4.8761e-05
9.55791e-06
8.02726e-06
2.68056e-06
5.86587e-06
6.38501e-06
1.07462e-05
1.00476e-05
1.48183e-05
1.36116e-05
1.75536e-05
1.69866e-05
1.92366e-05
2.01208e-05
2.01208e-05
2.30022e-05
2.04125e-05
2.56471e-05
2.02779e-05
2.80883e-05
1.98482e-05
3.03662e-05
1.92241e-05
3.25202e-05
1.84821e-05
3.45837e-05
1.76775e-05
3.65827e-05
1.68456e-05
3.8536e-05
1.60078e-05
4.04503e-05
1.51827e-05
4.23198e-05
1.43761e-05
4.41387e-05
1.35809e-05
4.58997e-05
1.27893e-05
4.7591e-05
1.19925e-05
4.91977e-05
1.11767e-05
5.07012e-05
1.0322e-05
5.20795e-05
9.3961e-06
5.3309e-05
8.32839e-06
6.94487e-06
3.05023e-06
1.76652e-06
6.49588e-06
7.30057e-06
1.00511e-05
1.12631e-05
1.36394e-05
1.39653e-05
1.7138e-05
1.5738e-05
2.0472e-05
1.67868e-05
2.36066e-05
1.72779e-05
2.65344e-05
1.73501e-05
2.92682e-05
1.71144e-05
3.18335e-05
1.66588e-05
3.4262e-05
1.60536e-05
3.65856e-05
1.53539e-05
3.88299e-05
1.46013e-05
4.10135e-05
1.38243e-05
4.31534e-05
1.30428e-05
4.52552e-05
1.22744e-05
4.73129e-05
1.15231e-05
4.9316e-05
1.07862e-05
5.1254e-05
1.00545e-05
5.31109e-05
9.31984e-06
5.48645e-05
8.56837e-06
5.64866e-05
7.77399e-06
5.795e-05
6.86498e-06
5.69202e-06
1.17062e-07
-1.17062e-07
4.39203e-07
-3.22141e-07
8.96522e-07
-4.57319e-07
1.49876e-06
-6.02237e-07
2.20739e-06
-7.08631e-07
-6.32652e-07
2.84004e-06
2.118e-07
-3.28862e-07
5.47668e-07
-6.58009e-07
9.91599e-07
-9.01251e-07
1.51848e-06
-1.12912e-06
2.11143e-06
-1.30158e-06
-1.21457e-06
2.69334e-06
2.41376e-07
-5.70237e-07
5.55367e-07
-9.72001e-07
9.54125e-07
-1.30001e-06
1.40399e-06
-1.57898e-06
1.8918e-06
-1.78939e-06
-1.75678e-06
2.43401e-06
2.52524e-07
-8.22761e-07
5.32886e-07
-1.25236e-06
8.73694e-07
-1.64082e-06
1.24456e-06
-1.94984e-06
1.63987e-06
-2.18471e-06
-2.20989e-06
2.09299e-06
2.53017e-07
-1.07578e-06
4.90455e-07
-1.4898e-06
7.67074e-07
-1.91743e-06
1.058e-06
-2.24077e-06
1.36295e-06
-2.48965e-06
-2.56125e-06
1.7143e-06
2.4438e-07
-1.32016e-06
4.31953e-07
-1.67737e-06
6.4215e-07
-2.12763e-06
8.54226e-07
-2.45285e-06
1.07059e-06
-2.70602e-06
-2.81029e-06
1.31963e-06
2.20429e-07
-1.54059e-06
3.59524e-07
-1.81647e-06
5.04894e-07
-2.273e-06
6.41366e-07
-2.58932e-06
7.72945e-07
-2.8376e-06
-2.96152e-06
9.24177e-07
1.65152e-07
-1.70574e-06
2.74235e-07
-1.92555e-06
3.60758e-07
-2.35953e-06
4.26639e-07
-2.6552e-06
4.79441e-07
-2.8904e-06
-3.02327e-06
5.41193e-07
1.10954e-07
-1.81669e-06
1.83042e-07
-1.99764e-06
2.15303e-07
-2.39179e-06
2.1659e-07
-2.65649e-06
1.98476e-07
-2.87228e-06
-3.0069e-06
1.82102e-07
5.84991e-08
-1.87519e-06
9.1233e-08
-2.03037e-06
7.35175e-08
-2.37407e-06
1.6825e-08
-2.5998e-06
-6.29461e-08
-2.79251e-06
-2.926e-06
-1.43844e-07
8.13189e-09
-1.88332e-06
2.17723e-09
-2.02442e-06
-6.05525e-08
-2.31134e-06
-1.67969e-07
-2.49238e-06
-2.99426e-07
-2.66105e-06
-2.7954e-06
-4.30024e-07
-3.88041e-08
-1.84452e-06
-8.13763e-08
-1.98185e-06
-1.83681e-07
-2.20904e-06
-3.34385e-07
-2.34168e-06
-5.0734e-07
-2.4881e-06
-2.63012e-06
-6.72623e-07
-8.16452e-08
-1.76288e-06
-1.57421e-07
-1.90607e-06
-2.93491e-07
-2.07297e-06
-4.8005e-07
-2.15512e-06
-6.84783e-07
-2.28337e-06
-2.44431e-06
-8.70595e-07
-1.19436e-07
-1.64344e-06
-2.24322e-07
-1.80118e-06
-3.88283e-07
-1.909e-06
-6.03548e-07
-1.93986e-06
-8.31315e-07
-2.0556e-06
-2.25022e-06
-1.0254e-06
-1.513e-07
-1.49214e-06
-2.80881e-07
-1.6716e-06
-4.66915e-07
-1.72297e-06
-7.04273e-07
-1.7025e-06
-9.47481e-07
-1.81239e-06
-2.05728e-06
-1.14042e-06
-1.76518e-07
-1.31562e-06
-3.26241e-07
-1.52188e-06
-5.28673e-07
-1.52054e-06
-7.81724e-07
-1.44945e-06
-1.03443e-06
-1.55969e-06
-1.87099e-06
-1.22072e-06
-1.94429e-07
-1.12119e-06
-3.59839e-07
-1.35647e-06
-5.73195e-07
-1.30718e-06
-8.3534e-07
-1.1873e-06
-1.09352e-06
-1.30151e-06
-1.69263e-06
-1.27188e-06
-2.0406e-07
-9.17132e-07
-3.81223e-07
-1.17931e-06
-6.00254e-07
-1.08815e-06
-8.64505e-07
-9.2305e-07
-1.12545e-06
-1.04056e-06
-1.51941e-06
-1.29867e-06
-2.02712e-07
-7.1442e-07
-3.90201e-07
-9.91819e-07
-6.09887e-07
-8.68464e-07
-8.67934e-07
-6.65003e-07
-1.12874e-06
-7.79754e-07
-1.34351e-06
-1.30464e-06
-1.92126e-07
-5.22295e-07
-3.88001e-07
-7.95944e-07
-6.02517e-07
-6.53949e-07
-8.43164e-07
-4.24356e-07
-1.09801e-06
-5.24912e-07
-1.15068e-06
-1.29083e-06
-1.77119e-07
-3.45176e-07
-3.77945e-07
-5.95117e-07
-5.79044e-07
-4.5285e-07
-7.87673e-07
-2.15727e-07
-1.02303e-06
-2.89556e-07
-9.23655e-07
-1.25006e-06
-1.58278e-07
-1.86897e-07
-3.60653e-07
-3.92742e-07
-5.39855e-07
-2.73648e-07
-6.96646e-07
-5.89358e-08
-8.87323e-07
-9.88792e-08
-6.45469e-07
-1.16551e-06
-1.29142e-07
-5.77552e-08
-3.32078e-07
-1.89806e-07
-4.81448e-07
-1.24279e-07
-5.61082e-07
2.06984e-08
-6.66624e-07
6.66333e-09
-3.132e-07
-9.98894e-07
-5.77552e-08
-2.47561e-07
-3.7184e-07
-3.51142e-07
-3.44479e-07
-6.57679e-07
3.84303e-06
7.63539e-07
6.58898e-06
4.55461e-06
9.92572e-06
7.9264e-06
1.34412e-05
1.04499e-05
1.69807e-05
1.21984e-05
2.04515e-05
1.33161e-05
2.37926e-05
1.39368e-05
2.69747e-05
1.4168e-05
2.99911e-05
1.4098e-05
3.28518e-05
1.37981e-05
3.55764e-05
1.33289e-05
3.81897e-05
1.27406e-05
4.07128e-05
1.20782e-05
4.31609e-05
1.13762e-05
4.5551e-05
1.06527e-05
4.79012e-05
9.92416e-06
5.02158e-05
9.20853e-06
5.24878e-05
8.51427e-06
5.47057e-05
7.83655e-06
5.6857e-05
7.1685e-06
5.89178e-05
6.5076e-06
6.08528e-05
5.83901e-06
6.26221e-05
5.09562e-06
4.18073e-06
3.95847e-06
-5.0159e-07
6.32384e-06
2.18924e-06
9.38598e-06
4.86426e-06
1.27711e-05
7.06472e-06
1.62827e-05
8.68689e-06
1.98184e-05
9.78028e-06
2.33115e-05
1.04437e-05
2.67135e-05
1.0766e-05
2.99997e-05
1.08118e-05
3.31606e-05
1.06372e-05
3.61968e-05
1.02927e-05
3.91181e-05
9.81936e-06
4.1943e-05
9.25324e-06
4.46919e-05
8.62724e-06
4.73796e-05
7.96501e-06
5.00169e-05
7.28691e-06
5.26153e-05
6.6101e-06
5.51857e-05
5.94386e-06
5.77215e-05
5.30078e-06
6.02082e-05
4.68181e-06
6.26291e-05
4.08668e-06
6.49709e-05
3.49716e-06
6.71363e-05
2.93028e-06
2.30601e-06
3.55385e-06
-1.62143e-06
5.55085e-06
1.92242e-07
8.22679e-06
2.18833e-06
1.13296e-05
3.96195e-06
1.46659e-05
5.35051e-06
1.8112e-05
6.33424e-06
2.16007e-05
6.955e-06
2.50862e-05
7.28048e-06
2.85397e-05
7.35837e-06
3.19376e-05
7.23921e-06
3.52582e-05
6.97218e-06
3.84942e-05
6.58334e-06
4.16553e-05
6.09213e-06
4.47566e-05
5.52597e-06
4.7808e-05
4.91357e-06
5.08167e-05
4.27823e-06
5.37878e-05
3.63906e-06
5.67201e-05
3.01147e-06
5.96149e-05
2.40606e-06
6.24744e-05
1.82232e-06
6.52948e-05
1.26622e-06
6.80742e-05
7.17807e-07
7.07685e-05
2.35998e-07
-1.96321e-07
2.98345e-06
-2.51189e-06
4.51691e-06
-1.34122e-06
6.6485e-06
5.67301e-08
9.22815e-06
1.38231e-06
1.21041e-05
2.47461e-06
1.51582e-05
3.28008e-06
1.83126e-05
3.80062e-06
2.15247e-05
4.06838e-06
2.47721e-05
4.11097e-06
2.80445e-05
3.96677e-06
3.13436e-05
3.67315e-06
3.46676e-05
3.25933e-06
3.80053e-05
2.75444e-06
4.13471e-05
2.18417e-06
4.46904e-05
1.57023e-06
4.8038e-05
9.30594e-07
5.13946e-05
2.82499e-07
5.47602e-05
-3.54091e-07
5.81273e-05
-9.61075e-07
6.14809e-05
-1.5313e-06
6.48093e-05
-2.06216e-06
6.80951e-05
-2.56804e-06
7.1382e-05
-3.05088e-06
-3.43728e-06
2.3826e-06
-3.18019e-06
3.48313e-06
-2.44174e-06
5.03874e-06
-1.49889e-06
6.97801e-06
-5.56964e-07
9.19793e-06
2.54691e-07
1.16064e-05
8.71559e-07
1.41329e-05
1.27413e-06
1.67386e-05
1.46275e-06
1.94027e-05
1.44684e-06
2.21167e-05
1.2528e-06
2.48838e-05
9.06046e-07
2.77139e-05
4.29214e-07
3.06199e-05
-1.51517e-07
3.36145e-05
-8.10422e-07
3.67077e-05
-1.52304e-06
3.99053e-05
-2.26699e-06
4.32098e-05
-3.022e-06
4.66214e-05
-3.76571e-06
5.01344e-05
-4.47402e-06
5.3733e-05
-5.12993e-06
5.74015e-05
-5.73064e-06
6.11008e-05
-6.26738e-06
6.48416e-05
-6.79162e-06
-7.26597e-06
1.78717e-06
-3.64773e-06
2.53466e-06
-3.18923e-06
3.59567e-06
-2.5599e-06
4.9396e-06
-1.90089e-06
6.5054e-06
-1.31111e-06
8.22933e-06
-8.52377e-07
1.00605e-05
-5.5702e-07
1.19671e-05
-4.43839e-07
1.39315e-05
-5.17597e-07
1.59498e-05
-7.65523e-07
1.80286e-05
-1.17276e-06
2.01809e-05
-1.72308e-06
2.24243e-05
-2.39492e-06
2.47774e-05
-3.16352e-06
2.72569e-05
-4.00255e-06
2.9877e-05
-4.88701e-06
3.26488e-05
-5.79381e-06
3.55783e-05
-6.69524e-06
3.86655e-05
-7.56125e-06
4.19077e-05
-8.37213e-06
4.52969e-05
-9.11979e-06
4.88238e-05
-9.79425e-06
5.24537e-05
-1.04216e-05
-1.10313e-05
1.21384e-06
-3.93739e-06
1.68044e-06
-3.65583e-06
2.35015e-06
-3.22961e-06
3.20926e-06
-2.76e-06
4.22291e-06
-2.32475e-06
5.35133e-06
-1.9808e-06
6.56195e-06
-1.76764e-06
7.83187e-06
-1.71376e-06
9.14785e-06
-1.83358e-06
1.05092e-05
-2.12684e-06
1.19239e-05
-2.58747e-06
1.34055e-05
-3.20467e-06
1.49719e-05
-3.96131e-06
1.66434e-05
-4.8351e-06
1.84411e-05
-5.80021e-06
2.0385e-05
-6.8309e-06
2.24923e-05
-7.90113e-06
2.47753e-05
-8.97827e-06
2.72435e-05
-1.00294e-05
2.99064e-05
-1.1035e-05
3.27715e-05
-1.19849e-05
3.58471e-05
-1.28699e-05
3.91171e-05
-1.36915e-05
-1.44463e-05
6.78058e-07
-4.07426e-06
9.23275e-07
-3.90105e-06
1.29346e-06
-3.5998e-06
1.78093e-06
-3.24746e-06
2.36518e-06
-2.90901e-06
3.02203e-06
-2.63765e-06
3.73072e-06
-2.47632e-06
4.47542e-06
-2.45847e-06
5.24715e-06
-2.60531e-06
6.04634e-06
-2.92603e-06
6.88068e-06
-3.42181e-06
7.76365e-06
-4.08763e-06
8.71386e-06
-4.91153e-06
9.75397e-06
-5.8752e-06
1.09094e-05
-6.95563e-06
1.22066e-05
-8.12815e-06
1.36699e-05
-9.36442e-06
1.53204e-05
-1.06288e-05
1.71771e-05
-1.18861e-05
1.92574e-05
-1.31153e-05
2.15757e-05
-1.43032e-05
2.41428e-05
-1.54371e-05
2.69566e-05
-1.65053e-05
-1.74423e-05
1.94159e-07
-4.08631e-06
2.71272e-07
-3.97816e-06
4.222e-07
-3.75073e-06
6.40781e-07
-3.46605e-06
9.13843e-07
-3.18207e-06
1.22593e-06
-2.94974e-06
1.56304e-06
-2.81343e-06
1.91413e-06
-2.80956e-06
2.27314e-06
-2.96432e-06
2.64139e-06
-3.29427e-06
3.02644e-06
-3.80687e-06
3.44161e-06
-4.50279e-06
3.90626e-06
-5.37618e-06
4.44675e-06
-6.4157e-06
5.09546e-06
-7.60433e-06
5.88764e-06
-8.92033e-06
6.85788e-06
-1.03347e-05
8.03842e-06
-1.18093e-05
9.44936e-06
-1.32971e-05
1.11008e-05
-1.47667e-05
1.29938e-05
-1.61962e-05
1.511e-05
-1.75532e-05
1.74099e-05
-1.88052e-05
-1.98675e-05
-2.26045e-07
-4.00411e-06
-2.65936e-07
-3.93827e-06
-2.6051e-07
-3.75615e-06
-2.16142e-07
-3.51041e-06
-1.42319e-07
-3.25589e-06
-4.96703e-08
-3.04239e-06
5.16798e-08
-2.91478e-06
1.54053e-07
-2.91193e-06
2.54622e-07
-3.06489e-06
3.56638e-07
-3.39629e-06
4.70265e-07
-3.92049e-06
6.14468e-07
-4.647e-06
8.18869e-07
-5.58058e-06
1.11767e-06
-6.71449e-06
1.55036e-06
-8.03703e-06
2.15554e-06
-9.52551e-06
2.97112e-06
-1.11502e-05
4.034e-06
-1.28722e-05
5.37805e-06
-1.46411e-05
7.01599e-06
-1.64046e-05
8.92743e-06
-1.81077e-05
1.1064e-05
-1.96898e-05
1.33145e-05
-2.10557e-05
-2.2146e-05
-5.74334e-07
-3.8598e-06
-6.81127e-07
-3.83148e-06
-7.51172e-07
-3.68611e-06
-7.91592e-07
-3.46999e-06
-8.09481e-07
-3.238e-06
-8.10863e-07
-3.04101e-06
-8.0047e-07
-2.92517e-06
-7.80241e-07
-2.93216e-06
-7.49098e-07
-3.09603e-06
-6.99797e-07
-3.44559e-06
-6.1824e-07
-4.00205e-06
-4.83928e-07
-4.78131e-06
-2.72136e-07
-5.79237e-06
4.75738e-08
-7.03421e-06
5.09172e-07
-8.49863e-06
1.15255e-06
-1.01689e-05
2.01945e-06
-1.20171e-05
3.15528e-06
-1.4008e-05
4.62568e-06
-1.61115e-05
6.49809e-06
-1.82771e-05
8.79631e-06
-2.04059e-05
1.1516e-05
-2.24095e-05
1.4609e-05
-2.41488e-05
-2.5446e-05
-8.46597e-07
-3.68583e-06
-9.71694e-07
-3.70638e-06
-1.05024e-06
-3.60756e-06
-1.08725e-06
-3.43299e-06
-1.08681e-06
-3.23844e-06
-1.05359e-06
-3.07423e-06
-9.91048e-07
-2.98771e-06
-9.0027e-07
-3.02294e-06
-7.7732e-07
-3.21898e-06
-6.13769e-07
-3.60914e-06
-3.96455e-07
-4.21936e-06
-1.0615e-07
-5.07161e-06
2.83473e-07
-6.18199e-06
8.12653e-07
-7.56338e-06
1.52927e-06
-9.21524e-06
2.49008e-06
-1.11297e-05
3.75889e-06
-1.3286e-05
5.40186e-06
-1.5651e-05
7.45926e-06
-1.81689e-05
9.96363e-06
-2.07814e-05
1.29695e-05
-2.34117e-05
1.65199e-05
-2.59599e-05
2.06328e-05
-2.82616e-05
-2.98749e-05
-1.04293e-06
-3.51349e-06
-1.13978e-06
-3.60954e-06
-1.16356e-06
-3.58378e-06
-1.12032e-06
-3.47622e-06
-1.01429e-06
-3.34447e-06
-8.45519e-07
-3.243e-06
-6.10734e-07
-3.2225e-06
-3.05251e-07
-3.32842e-06
7.81428e-08
-3.60237e-06
5.51055e-07
-4.08205e-06
1.13159e-06
-4.7999e-06
1.84472e-06
-5.78474e-06
2.72299e-06
-7.06026e-06
3.8032e-06
-8.6436e-06
5.12884e-06
-1.05409e-05
6.74364e-06
-1.27445e-05
8.6901e-06
-1.52324e-05
1.09916e-05
-1.79525e-05
1.36783e-05
-2.08556e-05
1.67661e-05
-2.38692e-05
2.02645e-05
-2.69102e-05
2.41956e-05
-2.9891e-05
2.85987e-05
-3.26647e-05
-3.46918e-05
-1.1676e-06
-3.37129e-06
-1.19625e-06
-3.58088e-06
-1.115e-06
-3.66503e-06
-9.27377e-07
-3.66385e-06
-6.31819e-07
-3.64003e-06
-2.23401e-07
-3.65142e-06
3.04865e-07
-3.75076e-06
9.63387e-07
-3.98694e-06
1.76585e-06
-4.40484e-06
2.72977e-06
-5.04597e-06
3.87763e-06
-5.94776e-06
5.23622e-06
-7.14333e-06
6.83511e-06
-8.65915e-06
8.7027e-06
-1.05112e-05
1.08636e-05
-1.27017e-05
1.33371e-05
-1.5218e-05
1.61155e-05
-1.80109e-05
1.92003e-05
-2.10373e-05
2.25695e-05
-2.42248e-05
2.61917e-05
-2.74914e-05
3.00233e-05
-3.07418e-05
3.40153e-05
-3.38829e-05
3.81381e-05
-3.67876e-05
-3.90874e-05
-1.22722e-06
-3.2845e-06
-1.15232e-06
-3.65577e-06
-9.1985e-07
-3.8975e-06
-5.30861e-07
-4.05284e-06
2.17326e-08
-4.19262e-06
7.47685e-07
-4.37737e-06
1.66088e-06
-4.66396e-06
2.77727e-06
-5.10333e-06
4.11564e-06
-5.74321e-06
5.69727e-06
-6.6276e-06
7.54481e-06
-7.7953e-06
9.67996e-06
-9.27848e-06
1.21205e-05
-1.10997e-05
1.48746e-05
-1.32653e-05
1.79394e-05
-1.57665e-05
2.12919e-05
-1.85706e-05
2.49088e-05
-2.16277e-05
2.87436e-05
-2.48722e-05
3.27365e-05
-2.82177e-05
3.68086e-05
-3.15634e-05
4.08749e-05
-3.48082e-05
4.48389e-05
-3.78469e-05
4.85779e-05
-4.05265e-05
-4.27508e-05
-1.22956e-06
-3.27566e-06
-1.02028e-06
-3.86506e-06
-5.99521e-07
-4.31826e-06
3.45244e-08
-4.68688e-06
8.92977e-07
-5.05107e-06
1.99242e-06
-5.47682e-06
3.35051e-06
-6.02204e-06
4.98657e-06
-6.7394e-06
6.92029e-06
-7.67694e-06
9.17028e-06
-8.87759e-06
1.17513e-05
-1.03763e-05
1.46697e-05
-1.21968e-05
1.79223e-05
-1.43523e-05
2.14902e-05
-1.68333e-05
2.53408e-05
-1.96171e-05
2.9429e-05
-2.26588e-05
3.36955e-05
-2.58941e-05
3.80593e-05
-2.92359e-05
4.24263e-05
-3.25848e-05
4.67033e-05
-3.58404e-05
5.07888e-05
-3.88937e-05
5.45679e-05
-4.1626e-05
5.79057e-05
-4.38643e-05
-4.5687e-05
-1.18215e-06
-3.36539e-06
-8.1178e-07
-4.23543e-06
-1.73413e-07
-4.95663e-06
7.36979e-07
-5.59728e-06
1.93532e-06
-6.24941e-06
3.44046e-06
-6.98196e-06
5.27137e-06
-7.85295e-06
7.44534e-06
-8.91336e-06
9.976e-06
-1.02076e-05
1.28711e-05
-1.17727e-05
1.61297e-05
-1.36349e-05
1.9738e-05
-1.58052e-05
2.36689e-05
-1.82831e-05
2.78816e-05
-2.1046e-05
3.23158e-05
-2.40513e-05
3.68942e-05
-2.72372e-05
4.15221e-05
-3.05221e-05
4.61035e-05
-3.38173e-05
5.05433e-05
-3.70246e-05
5.47349e-05
-4.0032e-05
5.85613e-05
-4.27201e-05
6.19087e-05
-4.49734e-05
6.46934e-05
-4.6649e-05
-4.78662e-05
-1.09039e-06
-3.57367e-06
-5.34734e-07
-4.79108e-06
3.44553e-07
-5.83591e-06
1.55387e-06
-6.80659e-06
3.1113e-06
-7.80685e-06
5.03517e-06
-8.90583e-06
7.34015e-06
-1.01579e-05
1.00351e-05
-1.16083e-05
1.31216e-05
-1.32941e-05
1.65926e-05
-1.52437e-05
2.04286e-05
-1.74709e-05
2.45963e-05
-1.99729e-05
2.90392e-05
-2.2726e-05
3.36848e-05
-2.56916e-05
3.84448e-05
-2.88113e-05
4.32261e-05
-3.20185e-05
4.79342e-05
-3.52301e-05
5.24555e-05
-3.83387e-05
5.66772e-05
-4.12463e-05
6.04809e-05
-4.38357e-05
6.3757e-05
-4.59962e-05
6.64232e-05
-4.76396e-05
6.84798e-05
-4.87055e-05
-4.92969e-05
-9.55996e-07
-3.92231e-06
-1.91489e-07
-5.55559e-06
9.47262e-07
-6.97467e-06
2.47084e-06
-8.33017e-06
4.39694e-06
-9.73294e-06
6.73864e-06
-1.12475e-05
9.50054e-06
-1.29198e-05
1.26799e-05
-1.47877e-05
1.62647e-05
-1.68789e-05
2.02293e-05
-1.92083e-05
2.45236e-05
-2.17652e-05
2.90787e-05
-2.45279e-05
3.38146e-05
-2.74619e-05
3.86466e-05
-3.05236e-05
4.34823e-05
-3.3647e-05
4.82097e-05
-3.67459e-05
5.27178e-05
-3.97382e-05
5.68858e-05
-4.25066e-05
6.05624e-05
-4.49229e-05
6.36313e-05
-4.69046e-05
6.60531e-05
-4.8418e-05
6.78749e-05
-4.94614e-05
6.92214e-05
-5.00521e-05
-5.01299e-05
-7.75458e-07
-4.43769e-06
2.20723e-07
-6.55177e-06
1.63405e-06
-8.38799e-06
3.48232e-06
-1.01784e-05
5.78e-06
-1.20306e-05
8.5299e-06
-1.39974e-05
1.17255e-05
-1.61154e-05
1.53486e-05
-1.84108e-05
1.9359e-05
-2.08893e-05
2.36883e-05
-2.35376e-05
2.8262e-05
-2.63389e-05
3.30019e-05
-2.92677e-05
3.78186e-05
-3.22786e-05
4.2607e-05
-3.5312e-05
4.72534e-05
-3.82934e-05
5.16377e-05
-4.11302e-05
5.55814e-05
-4.36819e-05
5.89249e-05
-4.58502e-05
6.16272e-05
-4.76251e-05
6.3757e-05
-4.90345e-05
6.53913e-05
-5.00522e-05
6.65919e-05
-5.0662e-05
6.74541e-05
-5.09143e-05
-5.06362e-05
-5.38665e-07
-5.14908e-06
7.0801e-07
-7.79845e-06
2.40722e-06
-1.00872e-05
4.58649e-06
-1.23577e-05
7.25412e-06
-1.46982e-05
1.0401e-05
-1.71443e-05
1.39981e-05
-1.97125e-05
1.79852e-05
-2.23979e-05
2.22839e-05
-2.51879e-05
2.68139e-05
-2.80676e-05
3.14911e-05
-3.10161e-05
3.62139e-05
-3.39905e-05
4.08667e-05
-3.69315e-05
4.53362e-05
-3.97815e-05
4.94491e-05
-4.24063e-05
5.30102e-05
-4.46914e-05
5.5944e-05
-4.66157e-05
5.83309e-05
-4.82371e-05
6.02651e-05
-4.95593e-05
6.17581e-05
-5.05274e-05
6.28594e-05
-5.11536e-05
6.36844e-05
-5.1487e-05
6.42901e-05
-5.152e-05
-5.1031e-05
-2.31e-07
-6.08359e-06
1.27762e-06
-9.30707e-06
3.26622e-06
-1.20758e-05
5.77777e-06
-1.48693e-05
8.80985e-06
-1.77303e-05
1.2321e-05
-2.06555e-05
1.62336e-05
-2.36251e-05
2.04568e-05
-2.66211e-05
2.48979e-05
-2.96291e-05
2.94555e-05
-3.26252e-05
3.40121e-05
-3.55727e-05
3.84448e-05
-3.84231e-05
4.26331e-05
-4.11198e-05
4.63736e-05
-4.3522e-05
4.95241e-05
-4.55568e-05
5.21246e-05
-4.72919e-05
5.42908e-05
-4.87819e-05
5.60661e-05
-5.00123e-05
5.74414e-05
-5.09347e-05
5.84889e-05
-5.15749e-05
5.93052e-05
-5.19698e-05
5.99531e-05
-5.2135e-05
6.04568e-05
-5.20236e-05
-5.14097e-05
1.79783e-07
-7.26227e-06
1.92931e-06
-1.10566e-05
4.19913e-06
-1.43456e-05
7.03664e-06
-1.77068e-05
1.04001e-05
-2.10938e-05
1.4194e-05
-2.44494e-05
1.83055e-05
-2.77367e-05
2.26209e-05
-3.09365e-05
2.70169e-05
-3.4025e-05
3.13597e-05
-3.69681e-05
3.55215e-05
-3.97345e-05
3.93684e-05
-4.227e-05
4.27167e-05
-4.44681e-05
4.55011e-05
-4.63064e-05
4.7843e-05
-4.78988e-05
4.98321e-05
-4.9281e-05
5.14654e-05
-5.04152e-05
5.27461e-05
-5.1293e-05
5.37533e-05
-5.19419e-05
5.45643e-05
-5.2386e-05
5.52382e-05
-5.26437e-05
5.58072e-05
-5.2704e-05
5.62826e-05
-5.2499e-05
-5.1813e-05
7.75764e-07
2.64407e-06
5.17407e-06
8.30982e-06
1.19341e-05
1.59004e-05
2.00614e-05
2.42681e-05
2.83711e-05
3.22372e-05
3.57417e-05
3.87456e-05
4.1243e-05
4.33739e-05
4.51954e-05
4.66833e-05
4.78748e-05
4.88416e-05
4.96447e-05
5.03348e-05
5.09426e-05
5.14822e-05
5.19573e-05
)
;

boundaryField
{
    rotor
    {
        type            calculated;
        value           nonuniform List<scalar> 
144
(
0
0
-2.11758e-22
0
-4.23516e-22
4.23516e-22
-1.55845e-24
-1.22839e-23
7.70998e-24
8.94024e-24
1.77663e-24
-3.65407e-24
3.32416e-24
1.9293e-24
2.52024e-25
1.40641e-25
1.07885e-26
3.63693e-25
-9.39682e-25
-4.12057e-24
2.28402e-24
3.87711e-24
2.94703e-24
-9.17815e-24
5.08203e-24
-2.5794e-24
3.16332e-24
4.59018e-24
2.31463e-24
7.06198e-25
0
2.11758e-22
-4.23516e-22
0
0
0
2.11758e-22
0
-2.11758e-22
0
-4.23516e-22
4.23516e-22
-2.91655e-24
-1.22839e-23
7.70998e-24
8.94024e-24
1.77663e-24
-3.65407e-24
3.32416e-24
1.9293e-24
2.52024e-25
1.40641e-25
1.07885e-26
3.63693e-25
-9.39682e-25
-4.12057e-24
2.28402e-24
3.87711e-24
2.94703e-24
-9.17815e-24
5.08203e-24
-2.5794e-24
3.16332e-24
4.59018e-24
2.31463e-24
-7.25994e-24
-2.11758e-22
-2.11758e-22
0
-4.23516e-22
0
0
0
-2.11758e-22
-2.11758e-22
0
-4.23516e-22
4.23516e-22
-3.10465e-24
-1.22839e-23
7.70998e-24
8.94024e-24
1.77663e-24
-3.65407e-24
3.32416e-24
1.9293e-24
2.52024e-25
1.40641e-25
1.07885e-26
3.63693e-25
-9.39682e-25
-4.12057e-24
2.28402e-24
3.87711e-24
2.94703e-24
-9.17815e-24
5.08203e-24
-2.5794e-24
3.16332e-24
4.59018e-24
2.31463e-24
-3.25694e-24
0
0
2.11758e-22
0
-4.23516e-22
0
2.11758e-22
-2.11758e-22
0
0
-4.23516e-22
0
-1.26226e-25
-1.22839e-23
7.70998e-24
8.94024e-24
1.77663e-24
-3.65407e-24
3.32416e-24
1.9293e-24
2.52024e-25
1.40641e-25
1.07885e-26
3.63693e-25
-9.39682e-25
-4.12057e-24
2.28402e-24
3.87711e-24
2.94703e-24
-9.17815e-24
5.08203e-24
-2.5794e-24
3.16332e-24
4.59018e-24
2.31463e-24
-5.69486e-24
0
0
0
0
-4.23516e-22
4.23516e-22
)
;
    }
    freestream
    {
        type            calculated;
        value           nonuniform List<scalar> 
96
(
4.80518e-05
4.36776e-05
3.92783e-05
3.48551e-05
3.0409e-05
2.59418e-05
2.14583e-05
1.69648e-05
1.24687e-05
7.97575e-06
3.49459e-06
-9.24081e-07
-5.4215e-06
-9.99181e-06
-1.44909e-05
-1.88838e-05
-2.31546e-05
-2.72895e-05
-3.12756e-05
-3.50997e-05
-3.8749e-05
-4.22106e-05
-4.54721e-05
-4.85217e-05
-5.13478e-05
-5.39398e-05
-5.62867e-05
-5.83814e-05
-6.02163e-05
-6.17847e-05
-6.30793e-05
-6.40953e-05
-6.48286e-05
-6.52766e-05
-6.54376e-05
-6.53111e-05
-6.48977e-05
-6.41989e-05
-6.32177e-05
-6.1958e-05
-6.04249e-05
-5.86246e-05
-5.65643e-05
-5.42524e-05
-5.16993e-05
-4.89151e-05
-4.59114e-05
-4.27003e-05
-3.92952e-05
-3.571e-05
-3.19593e-05
-2.80583e-05
-2.40223e-05
-1.9867e-05
-1.56079e-05
-1.12615e-05
-6.85221e-06
-2.44604e-06
1.70155e-06
5.97739e-06
1.02907e-05
1.46279e-05
1.89724e-05
2.33138e-05
2.76507e-05
3.19893e-05
3.63425e-05
4.07308e-05
4.51808e-05
4.9724e-05
5.43914e-05
5.92029e-05
6.41334e-05
6.9011e-05
7.32708e-05
7.4623e-05
6.86703e-05
5.6219e-05
4.25321e-05
2.99526e-05
1.98351e-05
1.5593e-05
1.79091e-05
2.50617e-05
3.34156e-05
4.25337e-05
5.22413e-05
6.0842e-05
6.68725e-05
6.99105e-05
7.00544e-05
6.79604e-05
6.4685e-05
6.08355e-05
5.66859e-05
5.23952e-05
)
;
    }
    frontAndBack
    {
        type            empty;
    }
}


// ************************************************************************* //
