/*--------------------------------*- C++ -*----------------------------------*\
  =========                 |
  \\      /  F ield         | OpenFOAM: The Open Source CFD Toolbox
   \\    /   O peration     | Website:  https://openfoam.org
    \\  /    A nd           | Version:  11
     \\/     M anipulation  |
\*---------------------------------------------------------------------------*/
FoamFile
{
    format      ascii;
    class       volVectorField;
    location    "1.68";
    object      U;
}
// * * * * * * * * * * * * * * * * * * * * * * * * * * * * * * * * * * * * * //

dimensions      [0 1 -1 0 0 0 0];

internalField   nonuniform List<vector> 
2880
(
(-0.0805004 -0.0560636 4.43605e-19)
(-0.149263 -0.164052 1.03192e-20)
(-0.151413 -0.179082 -2.89301e-19)
(-0.100885 -0.0912588 -2.91991e-19)
(-0.000911202 0.0255269 3.37048e-20)
(0.191304 0.39668 -2.95926e-20)
(-0.125701 -0.0890584 -1.39294e-20)
(-0.158762 -0.156077 9.80635e-21)
(-0.127353 -0.14594 1.38536e-19)
(-0.046339 -0.0478556 0)
(0.0822968 0.0740406 0)
(0.313667 0.287356 -5.72081e-20)
(-0.144097 -0.096704 0)
(-0.154458 -0.13919 1.46101e-19)
(-0.0933047 -0.115161 1.20414e-19)
(0.0172946 -0.0212632 -2.63189e-20)
(0.182057 0.0960555 2.24243e-20)
(0.415278 0.256437 7.44943e-20)
(-0.161857 -0.0986558 2.20562e-19)
(-0.148089 -0.125401 -1.40545e-19)
(-0.0618008 -0.0906665 1.06282e-19)
(0.0733993 -0.00267854 9.23277e-20)
(0.26077 0.108947 1.82066e-20)
(0.500925 0.240104 -1.62455e-20)
(-0.184195 -0.0947737 -2.09923e-19)
(-0.140506 -0.113152 -6.3115e-20)
(-0.0334723 -0.0713081 -5.2279e-20)
(0.122336 0.0108598 -1.32697e-19)
(0.327146 0.115115 0)
(0.57194 0.229241 0)
(-0.199591 -0.0914034 -5.07444e-20)
(-0.13279 -0.101639 6.05497e-20)
(-0.00876449 -0.0558877 -4.80358e-20)
(0.164091 0.0210447 6.29008e-20)
(0.382821 0.118678 2.20143e-20)
(0.630781 0.222796 -3.82905e-21)
(-0.212017 -0.0885324 5.09109e-20)
(-0.125769 -0.0911688 -2.24153e-22)
(0.0119043 -0.0435127 0)
(0.198817 0.0288247 -2.10537e-20)
(0.429348 0.12158 -1.72807e-20)
(0.679717 0.220835 0)
(-0.222786 -0.0866154 7.685e-22)
(-0.120109 -0.0818351 5.70153e-20)
(0.0282121 -0.0335625 -4.53892e-20)
(0.226664 0.0348053 0)
(0.467704 0.124482 -3.53524e-20)
(0.720211 0.222664 0)
(-0.231768 -0.0857786 -1.5202e-21)
(-0.116225 -0.073598 -5.30769e-20)
(0.0399398 -0.025611 4.38768e-20)
(0.247749 0.0393424 0)
(0.498459 0.127505 3.56165e-20)
(0.753086 0.227075 -3.15847e-20)
(-0.238677 -0.085814 -5.9537e-21)
(-0.11437 -0.0663361 1.00034e-20)
(0.0469368 -0.0193395 1.00488e-22)
(0.26214 0.0425257 -4.78749e-21)
(0.521917 0.130445 8.07821e-20)
(0.778894 0.23287 8.14418e-21)
(-0.243466 -0.0863356 1.90937e-19)
(-0.114699 -0.059877 -3.28223e-21)
(0.0490875 -0.0144742 -7.42384e-20)
(0.269845 0.0443294 -9.30995e-21)
(0.538189 0.132878 -9.06461e-20)
(0.798 0.239092 1.64597e-20)
(-0.246252 -0.0868805 -1.85186e-19)
(-0.117295 -0.0540127 1.31971e-20)
(0.0462778 -0.0107709 7.51918e-20)
(0.2706 0.0446565 1.32223e-19)
(0.547148 0.134437 -6.88455e-22)
(0.810732 0.244998 1.67669e-20)
(-0.247019 -0.0868806 -3.59105e-19)
(-0.122199 -0.0485332 0)
(0.0384068 -0.00797154 -1.7001e-19)
(0.264352 0.0435693 -1.57319e-19)
(0.548493 0.134837 1.49027e-19)
(0.817652 0.25005 3.47173e-20)
(-0.24592 -0.0859266 7.78924e-21)
(-0.129367 -0.0432593 0)
(0.0253936 -0.00579676 3.42509e-19)
(0.250662 0.0409397 1.56122e-19)
(0.541763 0.133678 -3.01146e-19)
(0.818631 0.253665 0)
(-0.243065 -0.0833425 3.61683e-19)
(-0.138561 -0.0379935 -2.15072e-19)
(0.00718473 -0.00396377 -3.43871e-19)
(0.229204 0.0367264 -1.57989e-19)
(0.526259 0.130574 1.52213e-19)
(0.813441 0.255253 -1.83294e-19)
(-0.238771 -0.0786709 -1.13356e-20)
(-0.14949 -0.0325444 4.46832e-19)
(-0.0161814 -0.00217848 1.73764e-19)
(0.199595 0.0309005 -2.0652e-20)
(0.501014 0.125217 1.72341e-19)
(0.801641 0.25411 1.47265e-19)
(-0.233406 -0.0713387 0)
(-0.161783 -0.026759 -5.65358e-23)
(-0.044487 -0.000172517 -1.73199e-19)
(0.161519 0.0235358 0)
(0.464681 0.117481 -3.10626e-19)
(0.782483 0.249288 1.503e-19)
(-0.22793 -0.0609113 -3.62519e-19)
(-0.174939 -0.0206065 -2.46537e-19)
(-0.0772064 0.00221505 3.62317e-19)
(0.114819 0.0148824 -1.72915e-19)
(0.415224 0.107376 1.75166e-19)
(0.754987 0.239547 -1.5145e-19)
(-0.224372 -0.0481955 3.64315e-19)
(-0.188184 -0.0143404 -1.47161e-20)
(-0.113136 0.0050859 -1.67159e-19)
(0.0595761 0.00542879 1.54941e-19)
(0.350094 0.0951389 0)
(0.717329 0.22315 0)
(-0.214003 -0.0244136 5.41273e-21)
(-0.199105 -0.0085762 2.4638e-19)
(-0.150048 0.00854804 0)
(-0.00308044 -0.00384385 0)
(0.26627 0.081933 1.94111e-19)
(0.666273 0.197382 -3.52787e-20)
(-0.197518 -0.0122824 9.5567e-21)
(-0.204918 -0.00410433 -2.59937e-19)
(-0.185122 0.0127937 -2.19042e-20)
(-0.0697331 -0.0116512 1.79074e-19)
(0.158766 0.0698777 -3.26361e-19)
(0.596685 0.157604 0)
(-0.180682 -0.00757711 -3.14506e-19)
(-0.207098 0.000661743 0)
(-0.216026 0.019074 2.20613e-20)
(-0.132683 -0.0171108 -1.62977e-19)
(0.0182126 0.0633254 1.55937e-19)
(0.499102 0.0918157 -1.04022e-19)
(-0.157114 -0.000860301 7.56919e-19)
(-0.202347 0.00640521 -2.72239e-19)
(-0.243159 0.02705 -2.04439e-19)
(-0.182136 -0.0204912 0)
(-0.172581 0.0653647 1.46504e-19)
(0.378215 -0.00942802 1.0715e-19)
(-0.0925064 -0.00136431 -4.17104e-19)
(-0.160417 0.00371397 2.942e-19)
(-0.24502 0.0351376 2.24642e-19)
(-0.202437 -0.00417952 -3.7405e-20)
(-0.373592 0.11013 -1.23091e-19)
(0.275595 -0.00259157 -9.73877e-21)
(0.800071 0.324295 -2.02638e-19)
(1.01239 0.216587 1.06253e-19)
(1.14348 0.188296 -9.62605e-21)
(1.22878 0.183998 8.68338e-21)
(1.27891 0.182093 7.28931e-22)
(1.30474 0.178154 3.80307e-21)
(1.31503 0.17189 6.20338e-21)
(1.31605 0.163898 3.2993e-22)
(1.31196 0.154914 3.62664e-20)
(1.30525 0.145457 3.07582e-20)
(1.29733 0.135859 -2.88071e-20)
(1.28896 0.126352 -2.88091e-20)
(1.28041 0.117056 -1.63494e-20)
(1.27169 0.108029 -3.08082e-20)
(1.2627 0.099306 2.90679e-20)
(1.25325 0.090933 2.71548e-20)
(1.24308 0.0829845 -5.58124e-20)
(1.23185 0.0755782 5.28415e-20)
(1.21916 0.0688903 0)
(1.20439 0.0630235 0)
(1.18675 0.0580469 2.20543e-20)
(1.16578 0.0553307 -3.63579e-20)
(1.14205 0.0599513 3.36862e-20)
(1.11357 0.0737725 2.10141e-20)
(0.815953 0.30596 2.23199e-20)
(1.04208 0.24535 0)
(1.17489 0.223987 -4.27894e-21)
(1.25334 0.216283 4.05962e-21)
(1.29368 0.208255 -4.74807e-21)
(1.31034 0.198167 -9.83465e-21)
(1.31354 0.186762 -1.49375e-20)
(1.30961 0.174808 -1.38362e-20)
(1.30221 0.162857 2.19659e-21)
(1.29339 0.151256 -3.46791e-20)
(1.28416 0.140182 0)
(1.2749 0.129676 3.56101e-20)
(1.26565 0.119716 8.8681e-22)
(1.25635 0.110263 -1.63251e-20)
(1.24681 0.101288 -8.92871e-22)
(1.23683 0.0927839 3.11574e-20)
(1.22612 0.0847845 -4.5268e-20)
(1.21435 0.0773747 4.26681e-20)
(1.20108 0.0706914 -1.47644e-20)
(1.18575 0.064806 1.41511e-20)
(1.16766 0.0597346 -1.35832e-20)
(1.14637 0.0568266 -1.21147e-20)
(1.12241 0.0611486 1.28126e-20)
(1.09415 0.0738832 1.52127e-20)
(0.833686 0.301337 -1.47738e-20)
(1.06816 0.270495 9.16311e-22)
(1.19755 0.254586 0)
(1.26623 0.242834 0)
(1.29732 0.229201 6.80392e-22)
(1.30698 0.214099 1.43022e-20)
(1.30544 0.198704 7.26375e-21)
(1.29854 0.183752 1.67596e-20)
(1.28944 0.169629 2.03093e-20)
(1.2797 0.156496 -2.17864e-20)
(1.26997 0.14435 0)
(1.26039 0.133107 0)
(1.25089 0.122651 2.088e-21)
(1.24132 0.112875 -3.69141e-20)
(1.23147 0.103694 1.87581e-20)
(1.22112 0.0950587 -1.66779e-20)
(1.21002 0.0869672 1.7095e-20)
(1.19783 0.0794751 3.19572e-20)
(1.18418 0.0726818 1.46283e-20)
(1.16854 0.0666266 -8.85967e-20)
(1.15028 0.0612859 1.24607e-20)
(1.12901 0.0579618 4.05267e-20)
(1.10515 0.0617204 -4.13757e-20)
(1.07751 0.0733977 5.1657e-20)
(0.863401 0.297416 1.45992e-20)
(1.08981 0.289844 1.52886e-20)
(1.21035 0.278232 1.89756e-20)
(1.26917 0.26317 -2.92091e-21)
(1.29277 0.24531 9.81053e-21)
(1.29753 0.226535 -3.17732e-20)
(1.29308 0.208235 0)
(1.28465 0.191114 -2.33535e-20)
(1.27492 0.175439 -2.60295e-20)
(1.26502 0.161214 4.27567e-20)
(1.25532 0.148308 2.25261e-20)
(1.2458 0.136536 1.63196e-21)
(1.2363 0.125712 -1.9795e-20)
(1.22665 0.115677 1.91763e-20)
(1.21664 0.10631 -1.85277e-20)
(1.20606 0.0975303 -1.78723e-20)
(1.1947 0.0893063 -1.88317e-20)
(1.18226 0.0816664 1.83026e-20)
(1.1684 0.0746778 -3.3237e-20)
(1.15266 0.0683418 -1.40232e-21)
(1.13449 0.0626074 0)
(1.1135 0.0587111 -4.91029e-20)
(1.08999 0.0616959 2.94246e-20)
(1.06328 0.0724919 -1.40353e-20)
(0.894556 0.295775 0)
(1.106 0.304825 -1.61917e-20)
(1.21525 0.295831 -9.97397e-21)
(1.26508 0.278416 -1.1311e-20)
(1.28278 0.257569 5.57463e-21)
(1.28418 0.236183 2.26652e-20)
(1.27809 0.215828 -1.35828e-20)
(1.26913 0.197194 1.25424e-20)
(1.25947 0.180447 2.41062e-20)
(1.24989 0.16547 -1.33651e-20)
(1.24054 0.152029 1.29014e-20)
(1.2313 0.139867 -2.24314e-20)
(1.22198 0.128753 2.29919e-20)
(1.21238 0.118499 -1.01893e-20)
(1.20233 0.108958 1.02221e-20)
(1.19164 0.100027 -2.00575e-20)
(1.18013 0.0916501 3.82524e-20)
(1.16756 0.0838261 -1.86464e-20)
(1.15363 0.076592 0)
(1.13797 0.0699105 1.67254e-20)
(1.12009 0.0636958 -8.73353e-21)
(1.09958 0.0591067 -8.60058e-21)
(1.07664 0.061074 1.66386e-20)
(1.05118 0.0712988 8.37695e-21)
(0.923784 0.296747 -2.84827e-21)
(1.11723 0.316115 2.55064e-21)
(1.21426 0.308617 4.02913e-21)
(1.25613 0.289671 -3.63828e-21)
(1.26925 0.266791 4.0189e-21)
(1.26841 0.243604 -3.67609e-21)
(1.26157 0.221849 0)
(1.25273 0.202205 -3.1676e-22)
(1.24358 0.184749 -1.44628e-20)
(1.23461 0.169265 2.74472e-20)
(1.22581 0.155443 -1.98042e-20)
(1.21699 0.142982 0)
(1.20796 0.131628 -6.43303e-21)
(1.19853 0.121176 -1.13045e-20)
(1.18854 0.111467 -5.32256e-22)
(1.17785 0.102384 1.64397e-20)
(1.16629 0.0938487 0)
(1.15369 0.0858334 0)
(1.1398 0.078342 -5.0464e-21)
(1.12434 0.0713125 0)
(1.10685 0.0646104 8.75143e-21)
(1.08692 0.0592135 -9.89088e-21)
(1.06468 0.0596649 1.31682e-20)
(1.0411 0.0698324 -1.30254e-20)
(0.949389 0.299956 -8.75616e-22)
(1.12395 0.32472 7.80732e-22)
(1.20903 0.317906 0)
(1.24397 0.297955 0)
(1.2535 0.273694 0)
(1.25121 0.249283 -1.15523e-21)
(1.24424 0.226608 2.17387e-21)
(1.23593 0.20632 9.00554e-21)
(1.22754 0.188409 -1.97257e-21)
(1.21934 0.172582 -9.22801e-21)
(1.21119 0.158478 8.77461e-21)
(1.20289 0.145773 0)
(1.19425 0.134202 3.02219e-21)
(1.18509 0.123556 3.14443e-21)
(1.17529 0.113675 0)
(1.16471 0.104435 -5.60058e-21)
(1.15323 0.0957468 0)
(1.1407 0.0875591 -2.706e-21)
(1.12695 0.0798506 7.63347e-21)
(1.11173 0.0725604 2.52948e-21)
(1.09466 0.0655321 -2.4401e-21)
(1.07524 0.0592612 0)
(1.05349 0.0566609 4.7679e-21)
(1.03257 0.0676844 2.32891e-21)
(0.970452 0.304707 1.78676e-20)
(1.12666 0.3315 -3.34343e-21)
(1.20074 0.324787 2.98753e-21)
(1.22971 0.304106 -1.19792e-20)
(1.2364 0.278864 0)
(1.23325 0.253617 -1.60979e-20)
(1.22653 0.23035 4.78723e-21)
(1.21898 0.209665 -4.70489e-21)
(1.2115 0.191469 -4.55428e-21)
(1.20414 0.175403 1.69593e-20)
(1.19672 0.161076 0)
(1.18901 0.148152 0)
(1.18084 0.136364 0)
(1.17207 0.125509 -7.02096e-21)
(1.16258 0.115429 0)
(1.15226 0.106005 0)
(1.14102 0.0971476 -1.1922e-20)
(1.12873 0.0887998 -6.51342e-23)
(1.11527 0.0809413 1.1042e-20)
(1.10046 0.0735558 5.51272e-21)
(1.08408 0.0665685 -5.32566e-21)
(1.06589 0.0601165 0)
(1.04593 0.0525063 0)
(1.02272 0.0665327 -1.16892e-20)
(0.986491 0.310395 -8.89634e-21)
(1.12586 0.337114 -1.55803e-20)
(1.19024 0.330104 1.37584e-20)
(1.21408 0.308784 5.66456e-21)
(1.21852 0.282768 1.23023e-20)
(1.2149 0.256917 -4.15845e-22)
(1.20867 0.233265 1.0926e-20)
(1.20203 0.212339 1.04863e-20)
(1.19552 0.19396 -1.89301e-20)
(1.18905 0.177715 -8.62347e-21)
(1.18239 0.163193 1.70546e-20)
(1.17533 0.150054 -3.2037e-20)
(1.16771 0.138034 1.51119e-20)
(1.15942 0.126934 6.96045e-21)
(1.15035 0.116601 1.42098e-20)
(1.14044 0.106918 -1.35712e-20)
(1.12959 0.097796 0)
(1.11771 0.089179 0)
(1.10471 0.0810422 -1.20596e-20)
(1.09051 0.0732965 1.70756e-20)
(1.07507 0.0656135 -1.65766e-20)
(1.05837 0.0581031 0)
(1.03935 0.0545343 0)
(1.01312 0.0673529 -1.31485e-20)
(0.997469 0.316503 1.04342e-20)
(1.12202 0.342052 1.69633e-20)
(1.17806 0.334487 4.89567e-20)
(1.1975 0.312489 0)
(1.20015 0.285763 -8.3515e-20)
(1.19636 0.25942 2.47844e-20)
(1.1908 0.235493 -4.92731e-20)
(1.18513 0.21441 -6.81412e-20)
(1.17961 0.195902 2.04555e-20)
(1.17405 0.17951 -3.87931e-20)
(1.16818 0.164805 3.61031e-20)
(1.16181 0.151447 0)
(1.1548 0.139178 0)
(1.14706 0.1278 -3.0695e-20)
(1.13852 0.117162 -1.42149e-20)
(1.1291 0.107144 4.12996e-20)
(1.11875 0.0976533 -5.34178e-20)
(1.10739 0.08863 7.77448e-20)
(1.09494 0.0800292 -3.74178e-20)
(1.08135 0.0716833 4.78461e-20)
(1.06663 0.0631884 0)
(1.05056 0.0551281 -4.65359e-20)
(1.03146 0.0527359 6.84287e-20)
(1.00804 0.0628016 -1.07496e-19)
(1.00368 0.32265 -2.0833e-20)
(1.11554 0.346684 -5.72711e-20)
(1.16453 0.3384 6.0619e-21)
(1.1802 0.315589 -6.54579e-20)
(1.18144 0.288107 1.1733e-19)
(1.1777 0.261294 -2.76654e-20)
(1.17292 0.23713 2.10334e-20)
(1.16826 0.215925 4.55434e-20)
(1.16376 0.19731 -4.58096e-20)
(1.15911 0.180781 4.13527e-20)
(1.15406 0.165899 -3.8498e-20)
(1.14841 0.152324 1.15837e-21)
(1.14206 0.139801 1.02854e-19)
(1.13494 0.128136 -6.48425e-20)
(1.12699 0.117175 0)
(1.11815 0.106796 0)
(1.10837 0.0969038 0)
(1.09759 0.0874342 -2.63687e-20)
(1.08576 0.0783307 0)
(1.07286 0.0693974 0)
(1.05893 0.0602541 -9.7918e-20)
(1.04363 0.051757 7.07235e-20)
(1.02513 0.0494817 9.74707e-20)
(1.00368 0.0573256 -1.35497e-20)
(1.00554 0.328593 6.7193e-20)
(1.10672 0.351323 9.45744e-20)
(1.14979 0.342187 -3.25475e-20)
(1.16224 0.31834 1.02678e-19)
(1.1624 0.289974 -6.10085e-20)
(1.15893 0.262645 6.15282e-20)
(1.15501 0.238235 -2.37207e-21)
(1.1514 0.216905 1.03015e-19)
(1.14792 0.198185 9.25878e-20)
(1.1442 0.181522 -8.76173e-20)
(1.13998 0.166468 4.08991e-20)
(1.1351 0.152683 3.97753e-20)
(1.12947 0.139917 -7.2481e-20)
(1.12302 0.127977 0)
(1.11572 0.116709 0)
(1.10751 0.10599 6.23186e-20)
(1.09837 0.0957222 -5.9711e-20)
(1.08824 0.0858422 0)
(1.0771 0.0762906 -2.8461e-20)
(1.06496 0.0668682 -1.06442e-19)
(1.05189 0.0572287 -1.71232e-22)
(1.03749 0.0483432 9.94711e-20)
(1.01978 0.0457333 2.52958e-20)
(0.999913 0.0517044 2.55242e-20)
(1.00331 0.334147 4.99709e-20)
(1.09562 0.356246 2.02354e-20)
(1.13387 0.346079 1.61373e-19)
(1.14358 0.320892 -2.22811e-19)
(1.14299 0.291457 1.42261e-19)
(1.13995 0.263525 2.72723e-21)
(1.137 0.238828 -2.38207e-19)
(1.13447 0.217351 1.63816e-21)
(1.13203 0.198515 -1.03222e-19)
(1.12928 0.181715 -9.29571e-20)
(1.12593 0.166494 -1.34816e-22)
(1.12186 0.152515 -2.51461e-21)
(1.11699 0.139529 0)
(1.11128 0.127344 0)
(1.10469 0.115806 -7.09088e-20)
(1.09719 0.104789 0)
(1.08875 0.0941953 0)
(1.07934 0.0839628 0)
(1.06895 0.0740331 2.84487e-20)
(1.05764 0.0642121 -1.1251e-19)
(1.04552 0.0541858 2.18848e-19)
(1.03212 0.0449679 -8.05967e-20)
(1.01528 0.0418701 -5.60299e-20)
(0.996859 0.0462111 -2.53629e-20)
(0.997343 0.339471 6.54647e-21)
(1.08242 0.361688 1.7886e-19)
(1.11677 0.350187 -1.18097e-19)
(1.12412 0.323313 1.13284e-19)
(1.12309 0.292586 -6.7517e-20)
(1.12068 0.263939 -2.07479e-19)
(1.1188 0.238894 1.20425e-19)
(1.11741 0.217234 1.18235e-19)
(1.11606 0.198264 1.02433e-19)
(1.1143 0.181324 0)
(1.11188 0.16595 -9.42117e-20)
(1.10867 0.1518 8.33131e-20)
(1.10463 0.138628 0)
(1.0997 0.126239 0)
(1.09389 0.114479 7.0692e-20)
(1.08715 0.103219 -1.38647e-19)
(1.07948 0.0923605 1.33104e-19)
(1.07086 0.0818423 -1.27831e-19)
(1.06129 0.0716092 1.23597e-19)
(1.05088 0.0614773 0)
(1.03975 0.0511655 1.15668e-19)
(1.02742 0.0416909 -1.1266e-19)
(1.01152 0.0380565 2.84402e-19)
(0.994503 0.040946 -2.17632e-19)
(0.988001 0.344748 2.99578e-20)
(1.06706 0.367794 -1.78039e-19)
(1.09824 0.354566 0)
(1.1037 0.325601 -2.592e-19)
(1.10255 0.293339 7.71053e-20)
(1.101 0.263842 1.39538e-19)
(1.1003 0.238378 -1.36376e-19)
(1.10013 0.216496 -1.17396e-19)
(1.09993 0.197375 0)
(1.09923 0.1803 1.06384e-19)
(1.09779 0.164791 -2.60286e-21)
(1.09551 0.150504 9.0332e-20)
(1.09235 0.137189 1.72136e-19)
(1.08829 0.124648 -8.04824e-20)
(1.0833 0.112723 0)
(1.07739 0.101281 0)
(1.07055 0.0902245 0)
(1.06278 0.0794918 6.91272e-20)
(1.0541 0.0690326 0)
(1.04463 0.0586779 6.44292e-20)
(1.03455 0.0481811 6.22878e-20)
(1.02331 0.0385363 0)
(1.00843 0.0343669 0)
(0.992803 0.0359607 0)
(0.97541 0.350147 -1.95264e-19)
(1.04948 0.374677 0)
(1.07792 0.359252 0)
(1.08209 0.3277 1.7328e-19)
(1.08121 0.293632 -1.72405e-19)
(1.08076 0.263142 8.13316e-20)
(1.08141 0.237187 2.75138e-19)
(1.08258 0.215047 1.95326e-19)
(1.0836 0.195767 -1.14076e-19)
(1.08404 0.178571 3.11108e-21)
(1.08365 0.162959 -1.03939e-19)
(1.08237 0.148578 1.91881e-19)
(1.08016 0.135172 -1.76305e-19)
(1.07702 0.122539 8.65335e-20)
(1.07294 0.110515 8.22774e-20)
(1.06792 0.0989618 0)
(1.06196 0.0877794 -1.47138e-19)
(1.05508 0.0769091 -6.88863e-20)
(1.04733 0.0663064 2.73898e-19)
(1.03886 0.055821 -1.97269e-19)
(1.02985 0.0452432 1.94505e-19)
(1.01973 0.0355223 6.07967e-21)
(1.00593 0.0308475 -3.10421e-19)
(0.991696 0.0312911 1.80397e-19)
(0.959442 0.355906 2.06125e-19)
(1.02949 0.38243 -5.30962e-20)
(1.05536 0.364217 4.75927e-20)
(1.05902 0.329481 0)
(1.05887 0.293308 1.71721e-19)
(1.05984 0.261691 -1.57292e-19)
(1.06205 0.235184 1.52024e-19)
(1.06468 0.212766 -2.65013e-19)
(1.06705 0.193336 -1.23256e-19)
(1.06871 0.176048 0)
(1.06947 0.160376 2.09402e-19)
(1.06926 0.145957 -2.95603e-19)
(1.06807 0.132526 -2.05407e-21)
(1.06591 0.119872 -3.53644e-19)
(1.06279 0.107822 2.98979e-22)
(1.05871 0.0962353 -8.23559e-20)
(1.05369 0.0850077 7.53543e-20)
(1.04776 0.0740838 -1.4921e-19)
(1.04098 0.0634274 0)
(1.03353 0.0529099 -2.77557e-19)
(1.0256 0.0423591 5.39849e-19)
(1.01661 0.0326596 -3.30146e-19)
(1.00395 0.0275276 -2.6609e-21)
(0.99111 0.0269627 1.3186e-19)
(0.939651 0.36237 -4.16587e-19)
(1.00653 0.391259 0)
(1.03021 0.369261 -5.48493e-20)
(1.03414 0.330677 4.94165e-20)
(1.03534 0.292113 0)
(1.03812 0.259281 -8.58168e-20)
(1.04213 0.232189 -2.286e-19)
(1.04642 0.2095 1.41776e-19)
(1.05026 0.18995 1.29966e-19)
(1.05326 0.172622 7.57343e-22)
(1.05524 0.156954 6.75243e-22)
(1.05618 0.142568 -1.05781e-19)
(1.05609 0.129189 9.35847e-20)
(1.05498 0.116595 9.04769e-20)
(1.05286 0.104605 8.61505e-20)
(1.04977 0.0930703 8.2443e-20)
(1.04573 0.0818863 -8.25283e-20)
(1.04079 0.0710013 1.56421e-19)
(1.03502 0.0603889 7.35502e-20)
(1.02861 0.0499446 -4.37363e-19)
(1.02177 0.0395313 2.82936e-19)
(1.01389 0.0299512 6.75618e-20)
(1.00243 0.0244252 -2.74322e-19)
(0.990969 0.022993 3.1515e-19)
(0.915126 0.37005 4.86262e-19)
(0.979864 0.401231 8.42231e-21)
(1.0018 0.374036 2.99323e-19)
(1.00708 0.330886 -2.15334e-19)
(1.01043 0.289737 -1.4342e-21)
(1.01551 0.255637 9.05276e-20)
(1.02163 0.227978 -1.68522e-19)
(1.02778 0.205063 3.0021e-19)
(1.03325 0.185461 -4.07596e-19)
(1.0377 0.16817 1.2454e-19)
(1.04101 0.15259 2.18524e-21)
(1.04318 0.138328 1.06096e-19)
(1.04424 0.125093 2.04135e-19)
(1.04423 0.112654 -9.86541e-20)
(1.04318 0.100818 -8.97502e-20)
(1.04112 0.0894314 8.66523e-20)
(1.0381 0.0783893 0)
(1.03417 0.0676449 2.46409e-19)
(1.02942 0.0571828 -3.18882e-19)
(1.02406 0.0469226 4.57595e-19)
(1.0183 0.0367582 -2.95931e-19)
(1.01152 0.0273937 2.92444e-19)
(1.0013 0.0215507 -4.91906e-19)
(0.991198 0.0193928 2.61703e-19)
(0.884104 0.379815 -2.16472e-19)
(0.948574 0.412201 -3.11768e-19)
(0.969404 0.37797 -3.03037e-19)
(0.977536 0.329576 1.1284e-19)
(0.983994 0.285753 0)
(0.991985 0.250405 1.97633e-19)
(1.00057 0.222279 -3.66783e-21)
(1.00881 0.199245 1.59548e-19)
(1.01607 0.1797 1.40998e-19)
(1.02211 0.162559 0)
(1.02684 0.147177 -1.18411e-19)
(1.03031 0.133148 -2.25293e-19)
(1.03258 0.120166 -1.02627e-19)
(1.03372 0.107989 9.98546e-20)
(1.03377 0.0964145 -9.30173e-20)
(1.03277 0.0852831 1.80548e-19)
(1.03079 0.0744911 0)
(1.0279 0.0639981 -1.70383e-19)
(1.02419 0.0538002 -8.3616e-20)
(1.01988 0.0438392 2.40681e-19)
(1.01516 0.0340339 0)
(1.00944 0.0249783 0)
(1.00048 0.0189083 0)
(0.99172 0.0161657 0)
(0.843704 0.393451 0)
(0.911603 0.423796 2.47155e-19)
(0.932304 0.380212 0)
(0.945271 0.325959 0)
(0.955956 0.279555 0)
(0.967593 0.243171 -1.9678e-19)
(0.979046 0.214791 1.85842e-19)
(0.989622 0.191823 0)
(0.998844 0.172496 -1.44644e-19)
(1.00657 0.155651 1.35184e-19)
(1.0128 0.140608 -1.42146e-21)
(1.01763 0.126943 -1.18206e-19)
(1.02117 0.114341 -1.12592e-19)
(1.02349 0.102547 0)
(1.02466 0.0913516 9.73942e-20)
(1.02475 0.0805922 -5.67809e-22)
(1.02383 0.0701677 1.83436e-19)
(1.02198 0.0600452 -3.99208e-22)
(1.01931 0.0502312 8.71643e-20)
(1.01603 0.0406869 3.33642e-19)
(1.01232 0.0313487 -2.39487e-19)
(1.00763 0.0226945 7.93288e-20)
(0.999931 0.0164997 0)
(0.992459 0.0133056 0)
(0.789715 0.415184 0)
(0.86677 0.434339 2.25308e-19)
(0.889623 0.379318 6.69619e-20)
(0.910071 0.31893 -1.33395e-19)
(0.926447 0.270413 2.49025e-19)
(0.942495 0.233485 -6.44051e-21)
(0.957246 0.205203 -4.75489e-19)
(0.970392 0.182568 0)
(0.981716 0.163681 -1.52971e-19)
(0.991229 0.147321 1.42528e-19)
(0.99903 0.132784 0)
(1.00527 0.119637 2.45506e-19)
(1.01009 0.107557 -1.19249e-19)
(1.01361 0.0962802 0)
(1.01592 0.0855929 1.01586e-19)
(1.0171 0.0753315 -9.73848e-20)
(1.01723 0.0653994 -9.68459e-20)
(1.01641 0.0557715 -1.83934e-19)
(1.01477 0.0464635 -1.77733e-19)
(1.0125 0.0374521 -1.71739e-19)
(1.00976 0.0286865 -8.16583e-20)
(1.00603 0.0205302 -4.05162e-19)
(0.999561 0.014328 -1.91303e-21)
(0.993319 0.01079 3.56729e-19)
(0.712462 0.450183 -3.76608e-19)
(0.80956 0.438446 -2.32077e-19)
(0.840397 0.372583 2.46789e-19)
(0.87215 0.306957 7.06329e-20)
(0.895897 0.257537 -2.47354e-19)
(0.917059 0.220881 1.07713e-19)
(0.935462 0.193216 2.94385e-19)
(0.951373 0.171283 -1.75336e-19)
(0.964904 0.153112 -1.411e-21)
(0.976269 0.137463 1.45454e-19)
(0.985676 0.123626 -2.74413e-19)
(0.993342 0.11117 -1.26828e-19)
(0.999458 0.0997677 1.15268e-19)
(1.00417 0.0891541 1.10744e-19)
(1.0076 0.0791128 -1.51101e-21)
(1.00985 0.0694827 -3.09529e-19)
(1.01102 0.060173 1.97157e-19)
(1.01122 0.0511665 9.37303e-20)
(1.01057 0.0424855 2.74088e-19)
(1.00926 0.0341194 -9.04822e-20)
(1.00744 0.0260303 4.30746e-19)
(1.00463 0.0184892 -5.84295e-19)
(0.999377 0.0124649 -1.41268e-21)
(0.994152 0.00856286 2.20664e-19)
(0.589331 0.486223 2.88664e-19)
(0.732617 0.426298 0)
(0.785698 0.355411 -2.38411e-19)
(0.832729 0.288441 -7.6614e-20)
(0.865162 0.240232 0)
(0.891877 0.204985 0)
(0.914122 0.178603 -1.02183e-19)
(0.932896 0.157815 1.84412e-19)
(0.948679 0.140686 7.87761e-20)
(0.96191 0.126004 1.54214e-19)
(0.972923 0.113084 -4.54901e-21)
(0.982001 0.101506 -1.23601e-21)
(0.989389 0.0909487 1.23045e-19)
(0.99527 0.0811512 0)
(0.99979 0.0719004 -2.19674e-19)
(1.00307 0.0630403 4.23265e-19)
(1.00523 0.0544871 -3.03251e-19)
(1.00639 0.0462296 1.96717e-19)
(1.00668 0.0382947 0)
(1.00628 0.0306813 -1.82723e-19)
(1.00532 0.0233629 1.79343e-19)
(1.00339 0.0165385 -2.57042e-19)
(0.999359 0.010882 1.65663e-19)
(0.995003 0.00660948 0)
(0.0173472 -0.0620301 2.08616e-18)
(0.120848 -0.133772 1.68822e-18)
(0.210355 -0.187502 -1.4269e-18)
(0.240732 -0.193647 -8.63204e-19)
(0.256451 -0.181571 0)
(-0.0999321 -0.0239143 -1.07264e-18)
(0.0448369 -0.0919129 -6.45216e-20)
(0.143333 -0.171462 4.51283e-20)
(0.201701 -0.205063 5.50968e-19)
(0.225535 -0.200392 0)
(0.238888 -0.151913 0)
(0.0848499 -0.0282652 -2.04838e-19)
(0.060441 -0.116197 0)
(0.14409 -0.189015 6.57421e-19)
(0.188889 -0.210884 5.05438e-19)
(0.210653 -0.193747 -1.03611e-19)
(0.223671 -0.133926 8.72195e-20)
(0.160044 -0.0174881 3.35192e-19)
(0.0706919 -0.140056 1.02309e-18)
(0.140857 -0.202955 -6.21564e-19)
(0.178025 -0.216419 4.66174e-19)
(0.199217 -0.191205 3.81112e-19)
(0.215881 -0.125613 8.08061e-20)
(0.204027 -0.0181057 -7.10766e-20)
(0.0774011 -0.161831 -9.66671e-19)
(0.136744 -0.214618 -2.80951e-19)
(0.169145 -0.222582 -2.18424e-19)
(0.191416 -0.193356 -5.36991e-19)
(0.21412 -0.127642 0)
(0.232272 -0.0315621 0)
(0.0816863 -0.180956 -2.39104e-19)
(0.132582 -0.22443 2.65365e-19)
(0.161667 -0.229356 -2.05473e-19)
(0.186213 -0.199468 2.53804e-19)
(0.215647 -0.137762 8.90642e-20)
(0.251933 -0.0543879 -1.58614e-20)
(0.0844089 -0.197665 2.39539e-19)
(0.128389 -0.232875 -9.89843e-22)
(0.155067 -0.236891 0)
(0.182486 -0.209009 -8.33901e-20)
(0.218377 -0.15396 -6.69619e-20)
(0.266364 -0.0833011 0)
(0.0861898 -0.212029 3.68718e-21)
(0.123905 -0.240344 2.51504e-19)
(0.148933 -0.245286 -1.9269e-19)
(0.179354 -0.221523 0)
(0.221039 -0.174745 -1.32725e-19)
(0.276987 -0.116273 0)
(0.0874135 -0.223953 -7.32237e-21)
(0.118902 -0.247086 -2.30452e-19)
(0.142847 -0.25452 1.81359e-19)
(0.176156 -0.236535 0)
(0.222899 -0.199017 1.30245e-19)
(0.284653 -0.152023 -1.14485e-19)
(0.0881345 -0.233275 -2.91805e-20)
(0.113213 -0.253238 4.36088e-20)
(0.136439 -0.264491 -2.65007e-22)
(0.172378 -0.253567 -1.84902e-20)
(0.223507 -0.22598 2.84471e-19)
(0.289878 -0.189885 2.94657e-20)
(0.0881012 -0.239836 9.59199e-19)
(0.10674 -0.258861 -1.44261e-20)
(0.129402 -0.275036 -3.03006e-19)
(0.167609 -0.272167 -3.6338e-20)
(0.222558 -0.255044 -3.11838e-19)
(0.292973 -0.229521 5.63446e-20)
(0.0870034 -0.24359 -9.2947e-19)
(0.0994189 -0.263952 5.71423e-20)
(0.121501 -0.285938 2.99589e-19)
(0.161513 -0.291902 4.97616e-19)
(0.219811 -0.285738 1.81345e-21)
(0.294086 -0.270761 5.55633e-20)
(0.0845249 -0.244548 -1.85567e-18)
(0.0912176 -0.268452 0)
(0.112573 -0.296931 -6.80341e-19)
(0.153815 -0.312337 -5.65114e-19)
(0.215045 -0.317661 4.84239e-19)
(0.29327 -0.313545 1.05494e-19)
(0.080421 -0.242777 2.90371e-20)
(0.0821497 -0.272236 0)
(0.102534 -0.307688 1.36287e-18)
(0.144306 -0.33299 5.60719e-19)
(0.208048 -0.350431 -9.63173e-19)
(0.290476 -0.357862 0)
(0.0745567 -0.238363 1.86024e-18)
(0.0723072 -0.275109 -9.53921e-19)
(0.0913839 -0.317799 -1.37268e-18)
(0.132848 -0.3533 -5.62904e-19)
(0.198593 -0.383601 4.80582e-19)
(0.285541 -0.403671 -5.1879e-19)
(0.0669522 -0.231377 -5.84537e-20)
(0.0618895 -0.276776 1.9839e-18)
(0.0792261 -0.32674 6.95769e-19)
(0.119359 -0.372578 -6.92563e-20)
(0.186428 -0.416584 5.36988e-19)
(0.278188 -0.450877 4.17449e-19)
(0.0578563 -0.221813 0)
(0.051198 -0.276798 1.56794e-21)
(0.0662727 -0.33384 -7.10323e-19)
(0.103813 -0.389953 0)
(0.171263 -0.44856 -9.57771e-19)
(0.267989 -0.499215 4.05681e-19)
(0.0478342 -0.209494 -1.85861e-18)
(0.0406353 -0.274537 -1.10422e-18)
(0.0528331 -0.338235 1.50716e-18)
(0.0862202 -0.404332 -6.56042e-19)
(0.152773 -0.478377 5.46898e-19)
(0.254294 -0.54813 -4.09756e-19)
(0.0378147 -0.193937 1.87017e-18)
(0.0306628 -0.269095 -6.68482e-20)
(0.039271 -0.338852 -7.1009e-19)
(0.0665915 -0.414394 6.03521e-19)
(0.130614 -0.504412 0)
(0.23614 -0.596679 0)
(0.0289923 -0.174267 2.99742e-20)
(0.0216985 -0.259281 1.13234e-18)
(0.0259493 -0.334433 0)
(0.0449112 -0.418657 0)
(0.10444 -0.524423 6.26692e-19)
(0.211875 -0.643438 -1.07275e-19)
(0.0224594 -0.149437 6.07462e-20)
(0.0141211 -0.243737 -1.23466e-18)
(0.01328 -0.323698 -1.05341e-19)
(0.0213023 -0.415755 8.4546e-19)
(0.0740684 -0.535198 -1.13646e-18)
(0.178235 -0.68653 0)
(0.0191704 -0.119596 -1.97578e-18)
(0.00859291 -0.221264 0)
(0.00207975 -0.305555 1.16205e-19)
(-0.00341155 -0.40479 -8.32679e-19)
(0.0402442 -0.531744 5.75989e-19)
(0.127423 -0.725849 -4.46727e-19)
(0.0204466 -0.0868267 4.17972e-18)
(0.00671221 -0.189744 -1.38618e-18)
(-0.00567927 -0.278068 -1.13203e-18)
(-0.0272319 -0.384244 0)
(0.00552606 -0.503648 6.5768e-19)
(0.0416287 -0.775655 4.94463e-19)
(0.0285346 -0.0455871 -2.14585e-18)
(0.0116341 -0.132738 3.1113e-18)
(-0.0106406 -0.224293 1.18585e-18)
(-0.0577121 -0.339433 1.15218e-19)
(0.000376422 -0.4371 -1.58085e-18)
(-0.11988 -0.909607 0)
(0.395045 0.492126 2.94774e-19)
(0.645878 0.391417 5.23463e-20)
(0.732434 0.324111 0)
(0.79447 0.262553 0)
(0.835541 0.21819 1.45848e-19)
(0.867726 0.185636 4.97189e-21)
(0.893758 0.161265 1.09796e-19)
(0.915348 0.142103 9.71016e-20)
(0.933348 0.126366 0)
(0.948401 0.112922 -1.5387e-19)
(0.960973 0.101144 1.41922e-19)
(0.971417 0.0906378 0)
(0.980027 0.0810972 -6.36315e-20)
(0.987023 0.0722719 0)
(0.992577 0.0639579 0)
(0.996835 0.0560079 -1.07237e-19)
(0.999926 0.0483443 0)
(1.00198 0.0409597 -2.01231e-19)
(1.00313 0.0338807 1.95039e-19)
(1.00355 0.0271101 0)
(1.00337 0.0206257 -2.71105e-19)
(1.00226 0.0145632 2.20182e-19)
(0.999418 0.00939053 -2.14448e-19)
(0.995983 0.00498221 1.54736e-19)
(0.338609 0.376659 -3.49604e-19)
(0.587593 0.33152 0)
(0.688296 0.281618 9.66233e-20)
(0.760278 0.23023 -3.4893e-21)
(0.808453 0.191721 -2.99878e-19)
(0.845443 0.162963 -1.90944e-19)
(0.874929 0.141271 -1.13455e-19)
(0.899138 0.124193 -9.98096e-20)
(0.919225 0.110189 -2.57779e-21)
(0.936001 0.0982547 -1.62942e-19)
(0.950037 0.0878398 0)
(0.961763 0.078594 1.36383e-19)
(0.971516 0.0702365 -1.11672e-21)
(0.97955 0.0625346 -5.96588e-20)
(0.986066 0.0552993 1.05661e-21)
(0.991225 0.0483938 1.11714e-19)
(0.995171 0.0417467 -1.59532e-19)
(0.998036 0.03535 1.54935e-19)
(0.999964 0.0292258 -5.02555e-20)
(1.00112 0.0233758 4.84808e-20)
(1.00162 0.017774 -4.67996e-20)
(1.00125 0.0124904 -4.44489e-20)
(0.999445 0.00782526 4.32914e-20)
(0.99706 0.00374046 1.52595e-19)
(0.336963 0.279551 -2.96975e-19)
(0.551227 0.267108 2.48603e-19)
(0.654956 0.233618 0)
(0.731803 0.193357 0)
(0.784946 0.161631 7.55507e-20)
(0.825731 0.137375 1.32619e-19)
(0.858136 0.118862 5.41643e-20)
(0.884639 0.104245 9.96763e-20)
(0.906597 0.0922728 8.93786e-20)
(0.924942 0.0820928 -8.55489e-20)
(0.940314 0.073247 0)
(0.953204 0.0654364 0)
(0.963994 0.0584154 1.29968e-21)
(0.972968 0.0519771 -1.24277e-19)
(0.980351 0.0459514 5.97351e-20)
(0.986322 0.0402144 -5.59348e-20)
(0.991033 0.0346995 5.55347e-20)
(0.994624 0.0293948 1.05249e-19)
(0.997239 0.0243149 5.03227e-20)
(0.999033 0.0194591 -2.93496e-19)
(1.00012 0.0148014 4.71542e-20)
(1.00039 0.0103677 1.36868e-19)
(0.999475 0.00633754 -1.32718e-19)
(0.998014 0.00273849 4.32919e-20)
(0.345403 0.1983 2.90383e-19)
(0.528181 0.20423 9.38304e-21)
(0.630691 0.183696 2.68972e-19)
(0.709214 0.153766 -4.74101e-20)
(0.765475 0.128904 7.71836e-20)
(0.809033 0.109425 -2.0754e-19)
(0.843751 0.0943874 0)
(0.872152 0.0825004 -1.01732e-19)
(0.895704 0.0727927 -9.04443e-20)
(0.915415 0.0645731 1.6856e-19)
(0.931964 0.0574752 7.63641e-20)
(0.945883 0.0512544 -2.30849e-22)
(0.957583 0.0457071 -6.63813e-20)
(0.96738 0.0406565 6.27308e-20)
(0.975519 0.0359568 -5.97626e-20)
(0.982194 0.0314992 -5.72887e-20)
(0.987566 0.0272204 -5.58967e-20)
(0.991778 0.023102 5.36723e-20)
(0.994975 0.0191488 -1.03463e-19)
(0.997306 0.0153571 -6.59664e-22)
(0.998886 0.0117038 0)
(0.999677 0.00818989 -1.39641e-19)
(0.999505 0.0049155 8.98826e-20)
(0.998808 0.00194285 -4.00726e-20)
(0.355313 0.128966 0)
(0.513519 0.144695 -2.5235e-19)
(0.613522 0.133741 -1.61858e-19)
(0.691999 0.112775 -9.44488e-20)
(0.750083 0.0943922 4.16651e-20)
(0.795554 0.0796725 1.37051e-19)
(0.832007 0.0682472 -5.87431e-20)
(0.861893 0.0592494 5.39654e-20)
(0.886736 0.0519632 9.33536e-20)
(0.90758 0.045854 -4.30444e-20)
(0.925121 0.0406462 3.9456e-20)
(0.939911 0.0361489 -7.20719e-20)
(0.952383 0.0321952 6.74264e-20)
(0.962873 0.028642 -3.24007e-20)
(0.971642 0.0253704 3.00911e-20)
(0.978899 0.0222884 -5.87857e-20)
(0.984812 0.0193366 1.12012e-19)
(0.98953 0.016488 -5.43789e-20)
(0.993195 0.0137359 0)
(0.995952 0.0110729 5.00646e-20)
(0.99792 0.00848058 -2.43851e-20)
(0.999124 0.00595129 -2.35549e-20)
(0.999523 0.00353742 4.52034e-20)
(0.999411 0.00130513 2.04381e-20)
(0.363969 0.0672427 -1.85046e-20)
(0.504617 0.0883363 1.66414e-20)
(0.601835 0.0845146 2.70043e-20)
(0.679502 0.0711615 -2.46722e-20)
(0.738582 0.0587161 2.00031e-20)
(0.78531 0.0486218 -1.81389e-20)
(0.823002 0.0408327 0)
(0.854007 0.0347997 -6.75082e-22)
(0.879851 0.0300285 -4.78551e-20)
(0.901588 0.0261315 8.67141e-20)
(0.919914 0.0229168 -5.93155e-20)
(0.935397 0.0202406 0)
(0.948484 0.0179747 -1.72205e-20)
(0.959522 0.0160088 -3.2216e-20)
(0.968785 0.0142509 5.62945e-24)
(0.976491 0.0126266 4.44626e-20)
(0.982816 0.0110797 0)
(0.987913 0.00957372 0)
(0.991924 0.00808888 -1.32022e-20)
(0.994991 0.00661318 0)
(0.997236 0.00513436 2.43893e-20)
(0.998732 0.00364704 -2.37303e-20)
(0.999523 0.00217838 3.43051e-20)
(0.999801 0.000774859 -3.06948e-20)
(0.371179 0.0105428 -4.63028e-21)
(0.49969 0.0344608 4.18516e-21)
(0.594434 0.0361829 0)
(0.67111 0.0293142 0)
(0.730678 0.022324 0)
(0.778184 0.0166844 -4.33776e-21)
(0.816733 0.0124843 7.7149e-21)
(0.848552 0.00942879 2.99954e-20)
(0.875146 0.00721942 -6.15111e-21)
(0.897557 0.00560244 -2.70873e-20)
(0.91647 0.00445283 2.49615e-20)
(0.932463 0.00366991 0)
(0.945992 0.00316159 8.64123e-21)
(0.957417 0.00285002 8.20981e-21)
(0.96702 0.0026705 0)
(0.975029 0.00256639 -1.47863e-20)
(0.981625 0.00248545 0)
(0.986964 0.00238142 -6.84602e-21)
(0.99119 0.00222042 1.98329e-20)
(0.994445 0.0019841 6.366e-21)
(0.996854 0.00166644 -6.15964e-21)
(0.998512 0.00127085 0)
(0.9995 0.00081047 1.14625e-20)
(0.999961 0.000298392 -2.11003e-23)
(0.377363 -0.0428335 7.57763e-20)
(0.497638 -0.017629 -1.5886e-20)
(0.590514 -0.0113867 1.45218e-20)
(0.666296 -0.0125634 -4.88145e-20)
(0.726066 -0.0144719 0)
(0.77405 -0.0158617 -5.33845e-20)
(0.813189 -0.016556 1.59292e-20)
(0.84558 -0.0166518 -1.33071e-20)
(0.872698 -0.0162787 -1.14376e-20)
(0.895571 -0.0155687 4.4254e-20)
(0.914874 -0.0145967 0)
(0.931193 -0.0134281 0)
(0.944992 -0.0121236 0)
(0.956637 -0.0107309 -1.62997e-20)
(0.966419 -0.00928708 0)
(0.974573 -0.00782868 0)
(0.981288 -0.00640151 -2.84211e-20)
(0.986723 -0.0050601 1.78186e-22)
(0.991025 -0.00385283 2.65506e-20)
(0.994338 -0.0028056 1.27419e-20)
(0.99679 -0.00191884 -1.22896e-20)
(0.998477 -0.00118087 0)
(0.999457 -0.000594727 0)
(0.999886 -0.000179879 -4.11747e-20)
(0.382768 -0.0942386 -3.84632e-20)
(0.497807 -0.0685932 -6.5273e-20)
(0.589508 -0.0584282 5.64848e-20)
(0.66465 -0.0544333 2.35597e-20)
(0.72455 -0.0515618 4.07457e-20)
(0.772858 -0.0488605 -1.16526e-21)
(0.812383 -0.0461068 3.03259e-20)
(0.845135 -0.0432456 2.54063e-20)
(0.872565 -0.0402684 -4.9587e-20)
(0.895693 -0.0371985 -2.19189e-20)
(0.91519 -0.0340674 3.95962e-20)
(0.93165 -0.0309093 -7.41951e-20)
(0.945541 -0.0277558 3.49388e-20)
(0.957236 -0.024626 1.62773e-20)
(0.967032 -0.0215305 3.08189e-20)
(0.975171 -0.018485 -2.94751e-20)
(0.981847 -0.0155262 0)
(0.987225 -0.0127133 0)
(0.991456 -0.0101082 -2.62897e-20)
(0.994688 -0.00774572 3.80393e-20)
(0.997056 -0.00562315 -3.6865e-20)
(0.998629 -0.00372319 0)
(0.999403 -0.00206895 0)
(0.99958 -0.000716385 -6.14638e-20)
(0.387546 -0.144697 3.8575e-20)
(0.49979 -0.119049 6.33197e-20)
(0.591092 -0.105251 1.66508e-19)
(0.665972 -0.0964089 0)
(0.726041 -0.088922 -2.48317e-19)
(0.774576 -0.0821846 7.40075e-20)
(0.814319 -0.0759868 -1.23734e-19)
(0.847243 -0.0701564 -1.61525e-19)
(0.874789 -0.0645528 4.94712e-20)
(0.897972 -0.0590994 -8.6084e-20)
(0.917471 -0.0537865 8.11612e-20)
(0.933885 -0.0486177 0)
(0.947689 -0.0435969 0)
(0.959262 -0.0387162 -6.41693e-20)
(0.968907 -0.0339606 -2.99491e-20)
(0.976868 -0.0293238 8.83959e-20)
(0.983346 -0.0248296 -1.1226e-19)
(0.988513 -0.0205373 1.62943e-19)
(0.992523 -0.016519 -7.81503e-20)
(0.995535 -0.0128199 1.01177e-19)
(0.997685 -0.00943746 0)
(0.998998 -0.00635891 -9.41551e-20)
(0.999353 -0.00364552 1.36953e-19)
(0.999058 -0.00136847 -2.24226e-19)
(0.391821 -0.195017 -7.23066e-20)
(0.503381 -0.169565 -1.9094e-19)
(0.59512 -0.152221 -1.57588e-21)
(0.670175 -0.138631 -1.92539e-19)
(0.730504 -0.126535 3.32591e-19)
(0.7792 -0.115725 -6.9553e-20)
(0.819018 -0.106038 6.45427e-20)
(0.851936 -0.0972035 1.08373e-19)
(0.879408 -0.0889474 -9.55643e-20)
(0.902453 -0.0810935 8.53966e-20)
(0.921762 -0.0735873 -8.04854e-20)
(0.937944 -0.0664006 3.41467e-22)
(0.951483 -0.0595098 2.0355e-19)
(0.962762 -0.0528811 -1.29052e-19)
(0.972087 -0.0464743 0)
(0.979707 -0.0402607 0)
(0.985828 -0.0342471 0)
(0.990626 -0.0284867 -5.38488e-20)
(0.994262 -0.0230573 0)
(0.996905 -0.018013 0)
(0.998699 -0.0133548 -1.92366e-19)
(0.999602 -0.00908959 1.40105e-19)
(0.999332 -0.0053472 1.81075e-19)
(0.998343 -0.0021883 3.82194e-20)
(0.395714 -0.245895 2.19384e-19)
(0.508533 -0.220698 3.22355e-19)
(0.601586 -0.199696 -1.1467e-19)
(0.677287 -0.181262 2.84015e-19)
(0.737982 -0.164419 -1.65794e-19)
(0.786777 -0.149401 1.40558e-19)
(0.826527 -0.136119 3.65843e-21)
(0.859264 -0.124211 2.15843e-19)
(0.886469 -0.113267 1.88935e-19)
(0.90918 -0.102997 -1.71712e-19)
(0.928106 -0.0932949 7.94575e-20)
(0.943869 -0.0840964 6.99259e-20)
(0.956962 -0.0753483 -1.35594e-19)
(0.967773 -0.0669907 0)
(0.976612 -0.0589587 0)
(0.983729 -0.0512004 1.13284e-19)
(0.989333 -0.0437023 -1.09815e-19)
(0.993603 -0.0365051 0)
(0.996708 -0.0296858 -5.03129e-20)
(0.998831 -0.0233034 -1.95721e-19)
(1.00012 -0.0173656 4.63987e-22)
(1.00046 -0.0119178 1.84203e-19)
(0.999368 -0.00719754 4.48583e-20)
(0.997471 -0.00322514 3.97526e-20)
(0.399372 -0.297972 1.37209e-19)
(0.515326 -0.272982 6.46628e-20)
(0.610616 -0.248059 4.31806e-19)
(0.687452 -0.224475 -5.64022e-19)
(0.748596 -0.202595 3.21944e-19)
(0.797408 -0.183129 -4.89593e-21)
(0.836924 -0.166083 -4.80607e-19)
(0.869287 -0.150997 1.94e-21)
(0.896024 -0.137315 -1.85074e-19)
(0.918198 -0.124615 -1.65858e-19)
(0.936543 -0.112723 4.65223e-21)
(0.951695 -0.101532 3.59949e-21)
(0.964159 -0.0909557 0)
(0.974327 -0.080905 0)
(0.982513 -0.0712907 -1.15426e-19)
(0.988966 -0.062037 0)
(0.993895 -0.0531077 0)
(0.997481 -0.0445251 0)
(0.9999 -0.0363573 5.01475e-20)
(1.00135 -0.0286624 -1.91532e-19)
(1.00198 -0.021455 3.71269e-19)
(1.0016 -0.0148409 -1.34451e-19)
(0.999495 -0.00921378 -8.67399e-20)
(0.996488 -0.00452414 -3.98319e-20)
(0.402952 -0.351831 -1.06366e-20)
(0.523995 -0.326914 4.87774e-19)
(0.622494 -0.297687 -3.28202e-19)
(0.700918 -0.268434 2.78903e-19)
(0.762548 -0.24107 -1.67628e-19)
(0.811243 -0.21681 -4.12095e-19)
(0.850319 -0.195767 2.39484e-19)
(0.882083 -0.177364 2.03855e-19)
(0.908131 -0.16088 1.85393e-19)
(0.929548 -0.145738 0)
(0.947104 -0.131672 -1.48037e-19)
(0.961448 -0.118522 1.39719e-19)
(0.973097 -0.106162 0)
(0.982448 -0.0944724 0)
(0.989814 -0.0833362 1.15097e-19)
(0.995444 -0.0726539 -2.15793e-19)
(0.999545 -0.0623647 2.09003e-19)
(1.0023 -0.0524681 -1.99661e-19)
(1.00387 -0.0430153 1.94024e-19)
(1.00449 -0.034055 0)
(1.00432 -0.0256065 1.80762e-19)
(1.00306 -0.0178567 -1.75434e-19)
(0.999748 -0.0114093 4.29212e-19)
(0.995444 -0.00611695 -3.10431e-19)
(0.406653 -0.408037 5.81565e-20)
(0.534943 -0.382947 -4.87574e-19)
(0.637664 -0.348885 0)
(0.718052 -0.31326 -5.29717e-19)
(0.780125 -0.279814 1.60522e-19)
(0.828489 -0.250313 2.71719e-19)
(0.866851 -0.22498 -2.27161e-19)
(0.897743 -0.203089 -2.04565e-19)
(0.922843 -0.183727 0)
(0.943264 -0.166131 1.57746e-19)
(0.959809 -0.14992 4.07179e-21)
(0.973141 -0.134863 1.36132e-19)
(0.983785 -0.120785 2.45987e-19)
(0.992142 -0.107528 -1.17882e-19)
(0.998524 -0.0949499 0)
(1.00318 -0.0829242 0)
(1.0063 -0.0713651 0)
(1.00807 -0.060246 9.53842e-20)
(1.00866 -0.0495946 0)
(1.00829 -0.0394393 8.90662e-20)
(1.00715 -0.0297942 8.61843e-20)
(1.00485 -0.0209304 0)
(1.00014 -0.0137009 0)
(0.994494 -0.00809208 0)
(0.410754 -0.467127 -5.45234e-19)
(0.548755 -0.441452 0)
(0.656741 -0.401852 0)
(0.739359 -0.358986 3.5535e-19)
(0.801706 -0.318732 -2.94488e-19)
(0.849406 -0.283454 1.27529e-19)
(0.886687 -0.253483 4.53001e-19)
(0.916364 -0.227911 2.82245e-19)
(0.940212 -0.205589 -1.77397e-19)
(0.959366 -0.185539 2.94679e-22)
(0.974662 -0.167226 -1.38313e-19)
(0.986768 -0.150332 2.55407e-19)
(0.996213 -0.134621 -2.44191e-19)
(1.0034 -0.119894 1.10517e-19)
(1.00864 -0.105974 1.04382e-19)
(1.01216 -0.0927099 0)
(1.01416 -0.0799896 -1.93231e-19)
(1.0148 -0.0677592 -9.36101e-20)
(1.01426 -0.0560172 3.60806e-19)
(1.01276 -0.0447618 -2.63656e-19)
(1.01048 -0.0339888 2.52311e-19)
(1.007 -0.0240569 2.58088e-21)
(1.00076 -0.0161369 -3.99031e-19)
(0.993708 -0.0104216 2.69278e-19)
(0.415643 -0.529608 5.0541e-19)
(0.566245 -0.502682 -1.07971e-19)
(0.680535 -0.456628 9.96016e-20)
(0.76549 -0.405501 0)
(0.827765 -0.357615 2.95797e-19)
(0.874304 -0.315968 -2.55213e-19)
(0.910012 -0.280983 2.09959e-19)
(0.938041 -0.251523 -3.76451e-19)
(0.960271 -0.226164 -1.62026e-19)
(0.977856 -0.203673 0)
(0.991645 -0.183323 2.72386e-19)
(1.0023 -0.164688 -3.76725e-19)
(1.01035 -0.147456 3.94283e-21)
(1.01619 -0.131376 -4.30855e-19)
(1.02012 -0.116238 1.76109e-21)
(1.02236 -0.101861 -9.49745e-20)
(1.02311 -0.0881078 9.42479e-20)
(1.02249 -0.0748963 -1.79566e-19)
(1.02069 -0.0621944 0)
(1.01791 -0.0499629 -3.33584e-19)
(1.01436 -0.0381674 6.4915e-19)
(1.00955 -0.0272529 -3.93162e-19)
(1.00168 -0.0187642 2.81285e-21)
(0.993126 -0.0130797 1.85567e-19)
(0.421829 -0.595895 -9.85167e-19)
(0.588536 -0.566723 0)
(0.710083 -0.51299 -8.81036e-20)
(0.79724 -0.45247 8.11821e-20)
(0.858855 -0.396086 0)
(0.903526 -0.347472 -1.15505e-19)
(0.937013 -0.3071 -3.06407e-19)
(0.962855 -0.273561 1.84039e-19)
(0.983033 -0.245108 1.60979e-19)
(0.998703 -0.220216 4.74908e-21)
(1.0107 -0.197924 3.61518e-21)
(1.01968 -0.17767 -1.12906e-19)
(1.02613 -0.159054 1.17007e-19)
(1.03045 -0.141768 1.05621e-19)
(1.03292 -0.125559 9.96179e-20)
(1.03375 -0.110217 9.46686e-20)
(1.03311 -0.0955785 -8.59537e-20)
(1.03112 -0.0815349 1.71047e-19)
(1.02793 -0.0680235 8.38145e-20)
(1.02376 -0.0549643 -4.77613e-19)
(1.0188 -0.0422833 3.09628e-19)
(1.01255 -0.0305051 7.71436e-20)
(1.00297 -0.0215845 -2.93081e-19)
(0.992805 -0.0160449 3.42939e-19)
(0.430134 -0.666387 1.03514e-18)
(0.616987 -0.633211 -7.89374e-21)
(0.746674 -0.570252 3.92892e-19)
(0.835524 -0.499211 -2.92567e-19)
(0.895574 -0.433523 6.5309e-21)
(0.937423 -0.377421 1.14034e-19)
(0.96786 -0.331357 -1.85851e-19)
(0.990851 -0.293601 3.29336e-19)
(1.00846 -0.262036 -4.52789e-19)
(1.02184 -0.234821 1.32893e-19)
(1.03175 -0.210717 -5.75034e-21)
(1.0388 -0.189 1.15845e-19)
(1.04346 -0.169169 2.0877e-19)
(1.0461 -0.15085 -9.49616e-20)
(1.04696 -0.133744 -9.3985e-20)
(1.04625 -0.117609 9.11111e-20)
(1.04411 -0.102254 0)
(1.04065 -0.0875464 2.39576e-19)
(1.03599 -0.0733944 -3.0787e-19)
(1.03032 -0.0596773 4.52519e-19)
(1.02385 -0.0462761 -2.93502e-19)
(1.01605 -0.0337843 2.9043e-19)
(1.00471 -0.0245796 -4.89824e-19)
(0.99281 -0.0192853 2.62245e-19)
(0.441888 -0.741296 -4.48279e-19)
(0.653371 -0.701193 -4.06528e-19)
(0.791743 -0.627151 -3.87027e-19)
(0.881302 -0.544581 1.35249e-19)
(0.938504 -0.468985 0)
(0.976298 -0.405071 1.93871e-19)
(1.00267 -0.353154 1.12528e-20)
(1.02202 -0.311149 1.52167e-19)
(1.03648 -0.27653 1.37181e-19)
(1.04713 -0.247118 0)
(1.05465 -0.221375 -1.18961e-19)
(1.05953 -0.19839 -2.09829e-19)
(1.0622 -0.177548 -9.83418e-20)
(1.063 -0.158399 9.73042e-20)
(1.06213 -0.140596 -8.7747e-20)
(1.05978 -0.123863 1.71063e-19)
(1.05605 -0.107982 0)
(1.05104 -0.0927975 -1.51973e-19)
(1.04483 -0.0781911 -7.09918e-20)
(1.03759 -0.0640041 2.11607e-19)
(1.02953 -0.0500708 0)
(1.0201 -0.0370429 0)
(1.00697 -0.0277114 0)
(0.993203 -0.0227643 0)
(0.459436 -0.820979 0)
(0.700118 -0.768953 3.25502e-19)
(0.846853 -0.68155 0)
(0.935475 -0.586819 0)
(0.988103 -0.501133 0)
(1.02033 -0.429437 -1.95203e-19)
(1.04144 -0.371758 1.5372e-19)
(1.05625 -0.325642 0)
(1.06692 -0.288139 -1.35396e-19)
(1.0744 -0.256724 1.15716e-19)
(1.07918 -0.229572 -2.04575e-21)
(1.08166 -0.205556 -9.93697e-20)
(1.08217 -0.183938 -8.80904e-20)
(1.08099 -0.164192 0)
(1.07829 -0.145918 8.35943e-20)
(1.07421 -0.128805 -6.99749e-22)
(1.06883 -0.11261 1.47641e-19)
(1.0622 -0.0971528 -4.24177e-22)
(1.0544 -0.0822939 6.65348e-20)
(1.04556 -0.0678398 2.61527e-19)
(1.03585 -0.0535797 -1.9663e-19)
(1.02472 -0.0402135 6.15411e-20)
(1.00981 -0.0309175 0)
(0.994048 -0.0264309 0)
(0.487835 -0.907489 0)
(0.760457 -0.832927 1.28585e-19)
(0.913499 -0.729958 5.20017e-20)
(0.998674 -0.623388 -9.54894e-20)
(1.04455 -0.528171 1.58741e-19)
(1.06948 -0.449278 1.32361e-20)
(1.08401 -0.386307 -3.6268e-19)
(1.09333 -0.336453 0)
(1.09954 -0.296388 -1.16489e-19)
(1.10338 -0.263265 1.07765e-19)
(1.1051 -0.23499 0)
(1.10495 -0.210223 1.7679e-19)
(1.10314 -0.188102 -7.7786e-20)
(1.09986 -0.168018 0)
(1.09525 -0.149523 7.83189e-20)
(1.08938 -0.132268 -7.45096e-20)
(1.08231 -0.115986 -6.62032e-20)
(1.07405 -0.100478 -1.32418e-19)
(1.06465 -0.0855817 -1.28026e-19)
(1.05418 -0.0710754 -1.24024e-19)
(1.0428 -0.0567071 -6.22986e-20)
(1.02995 -0.0432138 -3.0341e-19)
(1.01328 -0.0341159 -3.74641e-21)
(0.995407 -0.0302199 2.79453e-19)
(0.525687 -1.00467 -1.2391e-19)
(0.835592 -0.884331 -1.53183e-19)
(0.992157 -0.766509 6.79663e-20)
(1.07075 -0.650623 3.43344e-20)
(1.10747 -0.547748 -1.59662e-19)
(1.12334 -0.463101 8.06985e-20)
(1.12998 -0.395832 1.97747e-19)
(1.13287 -0.342927 -1.14036e-19)
(1.13396 -0.300809 7.67914e-21)
(1.13369 -0.266384 9.56433e-20)
(1.13206 -0.237342 -1.72499e-19)
(1.12908 -0.21215 -8.26054e-20)
(1.12482 -0.189827 8.09277e-20)
(1.11936 -0.169689 7.2776e-20)
(1.11278 -0.151238 -3.05553e-22)
(1.10511 -0.134094 -1.95887e-19)
(1.09634 -0.117968 1.26987e-19)
(1.08646 -0.102641 6.36554e-20)
(1.07547 -0.0879344 1.79874e-19)
(1.0634 -0.0736007 -5.5419e-20)
(1.05035 -0.0593523 2.7795e-19)
(1.03578 -0.0459511 -3.91598e-19)
(1.0174 -0.0372105 -4.01831e-21)
(0.997334 -0.0340529 1.57328e-19)
(0.578167 -1.16347 7.98141e-20)
(0.935126 -0.921419 -2.07568e-20)
(1.08392 -0.785649 -1.196e-19)
(1.15057 -0.664285 0)
(1.17566 -0.557186 5.46354e-20)
(1.18094 -0.469278 -5.02449e-20)
(1.17861 -0.399336 -5.21392e-20)
(1.17427 -0.34443 9.67674e-20)
(1.16966 -0.300975 5.30463e-20)
(1.1649 -0.26578 8.46857e-20)
(1.15966 -0.236393 -6.81926e-20)
(1.15369 -0.21114 1.48165e-19)
(1.14688 -0.188941 7.00791e-20)
(1.13921 -0.169046 -3.38985e-21)
(1.13065 -0.150917 6.00904e-20)
(1.12117 -0.134146 -1.28516e-22)
(1.11074 -0.118424 -6.10346e-20)
(1.09928 -0.103518 1.12348e-19)
(1.08674 -0.0892349 0)
(1.07313 -0.0753056 -1.05583e-19)
(1.05847 -0.061412 9.87521e-20)
(1.04221 -0.0483263 -1.57292e-19)
(1.02218 -0.040096 1.01693e-19)
(0.999873 -0.0378399 0)
(-0.073261 -0.186887 -5.07024e-20)
(-0.132412 -0.341302 -4.31001e-20)
(-0.179139 -0.513938 2.04205e-18)
(-0.163014 -0.529398 1.01888e-18)
(-0.130825 -0.560128 0)
(0.040489 -0.28818 1.35025e-19)
(-0.141066 -0.245583 4.89251e-20)
(-0.193819 -0.401558 -3.58675e-20)
(-0.211109 -0.558557 -5.01286e-19)
(-0.169073 -0.575131 0)
(-0.103978 -0.588836 0)
(0.0454981 -0.363797 1.83652e-19)
(-0.195365 -0.248724 0)
(-0.231768 -0.400385 -5.81272e-19)
(-0.221888 -0.539099 -4.94572e-19)
(-0.154993 -0.551787 1.07848e-19)
(-0.0595997 -0.566122 -9.22394e-20)
(0.10178 -0.382229 -3.2063e-19)
(-0.249605 -0.236767 -7.89735e-19)
(-0.261518 -0.381307 5.802e-19)
(-0.225544 -0.501087 -4.90535e-19)
(-0.137638 -0.510766 -4.29324e-19)
(-0.0155189 -0.528046 -9.15747e-20)
(0.166992 -0.379382 8.01887e-20)
(-0.297407 -0.221513 7.49003e-19)
(-0.285573 -0.353445 2.82099e-19)
(-0.228053 -0.455101 2.3259e-19)
(-0.123208 -0.46319 6.29377e-19)
(0.0220959 -0.478437 0)
(0.22428 -0.362757 0)
(-0.340282 -0.207242 1.93145e-19)
(-0.306204 -0.321401 -2.72824e-19)
(-0.231815 -0.405707 2.32463e-19)
(-0.113332 -0.411998 -3.12143e-19)
(0.0522931 -0.420614 -1.16398e-19)
(0.267411 -0.334405 2.05076e-20)
(-0.376926 -0.195246 -1.92124e-19)
(-0.325561 -0.28738 1.01799e-21)
(-0.23792 -0.355159 0)
(-0.108664 -0.358095 1.06022e-19)
(0.0709863 -0.359875 8.8679e-20)
(0.298468 -0.293848 0)
(-0.409464 -0.180074 -3.04585e-21)
(-0.343004 -0.255787 -2.74832e-19)
(-0.246514 -0.304646 2.34803e-19)
(-0.10965 -0.302332 0)
(0.0787588 -0.297346 1.86703e-19)
(0.315535 -0.243664 0)
(-0.435603 -0.16834 6.52334e-21)
(-0.359546 -0.224216 2.50382e-19)
(-0.257468 -0.254598 -2.22492e-19)
(-0.11637 -0.245364 0)
(0.0762352 -0.2334 -1.8383e-19)
(0.318124 -0.186661 1.68364e-19)
(-0.455321 -0.158698 2.56022e-20)
(-0.375135 -0.192434 -4.86977e-20)
(-0.270641 -0.205265 -1.82232e-21)
(-0.12866 -0.187756 2.45011e-20)
(0.0639542 -0.168531 -4.14308e-19)
(0.306631 -0.125135 -4.30145e-20)
(-0.468269 -0.1501 -8.26782e-19)
(-0.389726 -0.160628 1.5223e-20)
(-0.285832 -0.15686 3.78773e-19)
(-0.14615 -0.130068 4.83766e-20)
(0.0425165 -0.103395 4.5463e-19)
(0.281548 -0.0611364 -8.28031e-20)
(-0.474297 -0.141493 8.0102e-19)
(-0.403229 -0.12906 -6.42916e-20)
(-0.302759 -0.109589 -3.7716e-19)
(-0.168282 -0.0728968 -6.80363e-19)
(0.0127221 -0.0388094 8.79911e-22)
(0.243625 0.00347651 -8.15094e-20)
(-0.473501 -0.131836 1.59152e-18)
(-0.415516 -0.0980034 0)
(-0.320962 -0.0636279 8.42805e-19)
(-0.194316 -0.0168953 7.70677e-19)
(-0.0243478 0.0242858 -6.95714e-19)
(0.193989 0.0669821 -1.54875e-19)
(-0.466627 -0.120363 -3.83707e-20)
(-0.426138 -0.0676407 0)
(-0.339904 -0.0191815 -1.66841e-18)
(-0.223371 0.0372494 -7.48047e-19)
(-0.0674489 0.0848491 1.36461e-18)
(0.134327 0.127685 0)
(-0.453928 -0.106454 -1.5777e-18)
(-0.434823 -0.0380605 9.57666e-19)
(-0.359099 0.0234709 1.64866e-18)
(-0.254438 0.0888263 7.43362e-19)
(-0.115009 0.141815 -6.69766e-19)
(0.0668372 0.183967 7.21743e-19)
(-0.435971 -0.0897138 5.01126e-20)
(-0.441273 -0.00928477 -1.94508e-18)
(-0.37799 0.0640465 -8.21646e-19)
(-0.286372 0.137099 9.0513e-20)
(-0.165151 0.194184 -7.14768e-19)
(-0.0060512 0.234389 -5.72359e-19)
(-0.413357 -0.0699377 0)
(-0.445147 0.0187044 1.19816e-20)
(-0.396004 0.102263 8.05407e-19)
(-0.31794 0.181332 0)
(-0.215833 0.241018 1.24677e-18)
(-0.0815534 0.277675 -5.28228e-19)
(-0.386691 -0.0471618 1.47943e-18)
(-0.446031 0.0458951 1.03455e-18)
(-0.41255 0.13785 -1.67107e-18)
(-0.347851 0.220779 7.82723e-19)
(-0.26482 0.281415 -6.9158e-19)
(-0.156557 0.31271 5.25097e-19)
(-0.356361 -0.0218325 -1.48509e-18)
(-0.443437 0.0723483 6.31466e-20)
(-0.427019 0.170531 7.73651e-19)
(-0.374796 0.254659 -7.04919e-19)
(-0.30969 0.314481 0)
(-0.227579 0.338547 0)
(-0.321562 0.00448371 -2.32358e-20)
(-0.437105 0.098595 -1.00502e-18)
(-0.438776 0.199963 0)
(-0.397443 0.282054 0)
(-0.347893 0.339199 -7.32054e-19)
(-0.290543 0.354215 1.26988e-19)
(-0.28154 0.0308386 -4.81905e-20)
(-0.426659 0.124635 1.09318e-18)
(-0.44711 0.225528 1.07972e-19)
(-0.41407 0.302163 -8.75851e-19)
(-0.376896 0.353792 1.27039e-18)
(-0.340006 0.35874 0)
(-0.235467 0.055124 1.49886e-18)
(-0.411444 0.149648 0)
(-0.450992 0.245035 -1.13016e-19)
(-0.422499 0.311963 8.20646e-19)
(-0.392442 0.356465 -6.1692e-19)
(-0.366599 0.351839 5.11871e-19)
(-0.181967 0.0711164 -3.1761e-18)
(-0.387031 0.171515 1.1551e-18)
(-0.447355 0.253874 1.00025e-18)
(-0.419352 0.309766 0)
(-0.386995 0.345291 -6.47026e-19)
(-0.361634 0.332588 -5.44046e-19)
(-0.0926184 0.0707129 1.59228e-18)
(-0.303142 0.188691 -1.24487e-18)
(-0.407685 0.276949 -1.00236e-18)
(-0.381678 0.298687 0)
(-0.353459 0.297399 6.97827e-19)
(-0.360361 0.247074 0)
(0.74117 -1.03463 -2.75246e-19)
(1.06599 -0.895328 -7.69827e-21)
(1.18595 -0.777341 1.35332e-20)
(1.23503 -0.659613 0)
(1.24669 -0.554089 -1.53145e-20)
(1.2406 -0.466402 2.24443e-20)
(1.22876 -0.395967 3.7122e-20)
(1.2167 -0.340441 3.45278e-20)
(1.20601 -0.296562 7.71863e-20)
(1.19648 -0.261231 -7.1253e-20)
(1.18745 -0.231979 7.41563e-20)
(1.17838 -0.207059 -4.08975e-21)
(1.16899 -0.185323 -9.10666e-20)
(1.15909 -0.165974 -1.22916e-19)
(1.14857 -0.148444 -6.07142e-20)
(1.13733 -0.132307 -3.07159e-21)
(1.12528 -0.117239 0)
(1.11232 -0.102995 -1.02702e-19)
(1.09833 -0.0893699 9.93841e-20)
(1.08327 -0.0760805 0)
(1.06708 -0.0627819 -1.44105e-19)
(1.04922 -0.0502373 1.15248e-19)
(1.02761 -0.0426605 -2.31785e-20)
(1.00305 -0.0414818 0)
(0.801656 -0.820507 3.36023e-19)
(1.17661 -0.831786 0)
(1.2834 -0.741212 -1.61593e-20)
(1.3176 -0.635796 1.42887e-20)
(1.31695 -0.537802 -1.22996e-20)
(1.30007 -0.453893 -3.77149e-20)
(1.27893 -0.385291 -2.14689e-20)
(1.25914 -0.33068 -2.83966e-20)
(1.24225 -0.287399 2.50374e-21)
(1.22782 -0.252636 -5.58347e-20)
(1.21492 -0.224031 0)
(1.20274 -0.199847 5.74566e-20)
(1.19076 -0.17891 8.18647e-22)
(1.17866 -0.160403 -2.86143e-20)
(1.16624 -0.14374 -8.5511e-22)
(1.15332 -0.128486 4.89218e-20)
(1.13975 -0.11431 -7.33844e-20)
(1.12538 -0.100962 7.03652e-20)
(1.11006 -0.088227 -2.15107e-20)
(1.09366 -0.0758137 2.09901e-20)
(1.07608 -0.0633544 -2.04983e-20)
(1.05674 -0.0515782 -2.2372e-20)
(1.03368 -0.0447845 2.32198e-20)
(1.00689 -0.0448717 5.63575e-20)
(0.803044 -0.654382 3.38336e-19)
(1.24712 -0.749338 -1.98527e-19)
(1.36384 -0.685132 0)
(1.39193 -0.596115 0)
(1.38285 -0.509456 9.83196e-22)
(1.35709 -0.432107 4.89336e-21)
(1.32757 -0.367398 1.63507e-20)
(1.30051 -0.315169 2.52447e-20)
(1.2776 -0.27351 2.42345e-20)
(1.25834 -0.240027 -1.59296e-20)
(1.2416 -0.21258 0)
(1.22633 -0.189522 0)
(1.21182 -0.169702 -3.94978e-21)
(1.19761 -0.152307 -4.60864e-20)
(1.18337 -0.136753 2.09703e-20)
(1.16886 -0.122608 -2.36936e-20)
(1.15388 -0.109542 1.96989e-20)
(1.13822 -0.0973043 4.18164e-20)
(1.12171 -0.0856814 2.1505e-20)
(1.10414 -0.074378 -1.19835e-19)
(1.08533 -0.0630085 1.96482e-20)
(1.06469 -0.0522328 5.85773e-20)
(1.04033 -0.0463291 -6.20613e-20)
(1.01138 -0.0478925 4.84197e-20)
(0.807054 -0.533304 -3.38882e-19)
(1.28946 -0.658175 -3.51799e-20)
(1.42605 -0.616623 -1.60619e-19)
(1.45525 -0.544823 2.17349e-20)
(1.4419 -0.470899 -9.88203e-21)
(1.40981 -0.401957 2.49688e-20)
(1.37336 -0.342771 0)
(1.33981 -0.294208 -1.36243e-20)
(1.3113 -0.255101 -1.58849e-20)
(1.28745 -0.223567 3.65167e-20)
(1.26702 -0.197759 1.99039e-20)
(1.24878 -0.176184 -1.22399e-21)
(1.23186 -0.157762 -2.17162e-20)
(1.21563 -0.141709 2.14431e-20)
(1.19969 -0.127463 -2.10672e-20)
(1.18371 -0.114607 -2.06433e-20)
(1.16743 -0.102826 -1.7831e-20)
(1.15063 -0.0918781 1.78809e-20)
(1.13305 -0.0815606 -3.63665e-20)
(1.11448 -0.0715895 1.85551e-21)
(1.09464 -0.0615706 0)
(1.07293 -0.0520442 -5.46233e-20)
(1.04751 -0.0470951 3.47157e-20)
(1.01648 -0.0503914 -1.90592e-20)
(0.812767 -0.4398 0)
(1.31238 -0.56372 2.36166e-19)
(1.47161 -0.540309 1.06299e-19)
(1.50676 -0.484989 4.50434e-20)
(1.49268 -0.424072 -1.5821e-20)
(1.45684 -0.364604 -1.59912e-20)
(1.41522 -0.312132 1.51052e-21)
(1.37622 -0.268265 -1.39245e-21)
(1.34274 -0.232516 1.1489e-20)
(1.31466 -0.203532 -4.24713e-21)
(1.29078 -0.179788 5.64818e-21)
(1.26976 -0.160003 -1.74564e-20)
(1.25056 -0.14321 1.68329e-20)
(1.23247 -0.128675 -8.33968e-21)
(1.21496 -0.115874 9.53095e-21)
(1.19765 -0.10442 -1.63347e-20)
(1.18021 -0.0940235 3.48849e-20)
(1.16237 -0.0844676 -1.63154e-20)
(1.14386 -0.0755756 0)
(1.12441 -0.0671062 1.71072e-20)
(1.10372 -0.058692 -7.63926e-21)
(1.08117 -0.0506908 -7.65671e-21)
(1.05502 -0.0466524 1.7785e-20)
(1.02209 -0.0520056 8.19338e-21)
(0.813056 -0.360884 2.29547e-20)
(1.31919 -0.4691 -1.93018e-20)
(1.50158 -0.459185 -1.85092e-20)
(1.54597 -0.418917 1.63748e-20)
(1.53425 -0.370689 -6.46831e-21)
(1.49717 -0.321257 5.93284e-21)
(1.45222 -0.276304 0)
(1.40903 -0.237935 1.93395e-21)
(1.37136 -0.206211 -8.4916e-23)
(1.33956 -0.180268 5.73979e-21)
(1.31254 -0.158959 -7.32777e-21)
(1.28898 -0.141232 0)
(1.26773 -0.126238 -2.69324e-21)
(1.24796 -0.113332 -7.5293e-21)
(1.22905 -0.102039 4.15513e-22)
(1.21055 -0.0920087 1.02341e-20)
(1.19208 -0.0829849 0)
(1.17333 -0.0747831 0)
(1.15399 -0.0672681 -3.47227e-21)
(1.13376 -0.0602799 0)
(1.11229 -0.0535515 7.61915e-21)
(1.08902 -0.0472368 -7.38226e-21)
(1.06244 -0.0437493 1.11362e-20)
(1.02898 -0.0512976 -1.20095e-20)
(0.804373 -0.288958 6.01827e-21)
(1.31121 -0.375949 -5.10334e-21)
(1.51624 -0.37539 0)
(1.57238 -0.348187 0)
(1.56593 -0.312637 0)
(1.53008 -0.273208 1.23381e-21)
(1.48363 -0.236171 -1.83451e-21)
(1.43763 -0.203885 -2.7826e-21)
(1.39671 -0.176711 6.27133e-22)
(1.36178 -0.154227 -8.4035e-22)
(1.33206 -0.135657 1.77166e-21)
(1.30626 -0.12019 0)
(1.2832 -0.107122 1.44931e-21)
(1.26197 -0.0959049 1.18876e-21)
(1.24188 -0.0861211 0)
(1.2224 -0.0774618 -3.32417e-21)
(1.2031 -0.0697009 0)
(1.18362 -0.0626826 -1.65435e-21)
(1.1636 -0.0563096 5.05664e-21)
(1.14269 -0.0504951 1.67713e-21)
(1.12039 -0.0450818 -1.62758e-21)
(1.09599 -0.040221 0)
(1.0684 -0.0378336 3.59375e-21)
(1.03683 -0.0445247 1.9409e-21)
(0.786609 -0.220089 -1.08388e-19)
(1.28927 -0.285025 1.72958e-20)
(1.51567 -0.290571 -1.5188e-20)
(1.5858 -0.274801 3.59194e-20)
(1.58674 -0.250554 0)
(1.55511 -0.221888 2.18696e-20)
(1.5089 -0.192671 -5.70308e-21)
(1.46156 -0.166839 2.23326e-21)
(1.41841 -0.144601 1.83825e-22)
(1.38107 -0.125907 -3.98912e-21)
(1.34913 -0.110324 0)
(1.32145 -0.0972822 0)
(1.29689 -0.0862444 0)
(1.27447 -0.0767655 -1.56714e-21)
(1.25345 -0.0685 0)
(1.23325 -0.0611892 0)
(1.21337 -0.0546492 -5.54868e-21)
(1.19338 -0.0487661 -4.55338e-22)
(1.17285 -0.0434861 5.49911e-21)
(1.15131 -0.0387645 2.69273e-21)
(1.12814 -0.0345488 -2.71946e-21)
(1.10258 -0.031406 0)
(1.07406 -0.0319477 0)
(1.04251 -0.0375992 -5.37984e-21)
(0.759166 -0.152264 5.70051e-20)
(1.25362 -0.196825 7.96675e-20)
(1.49984 -0.206041 -5.63643e-20)
(1.58588 -0.200085 -1.43083e-20)
(1.59575 -0.18561 -2.16463e-20)
(1.57181 -0.168313 4.18721e-21)
(1.52766 -0.146809 -9.5045e-21)
(1.48043 -0.127547 -3.28192e-21)
(1.43618 -0.110491 1.11975e-20)
(1.39721 -0.095839 1.91707e-21)
(1.3636 -0.0834453 -1.18866e-21)
(1.33446 -0.0729783 4.6016e-22)
(1.30871 -0.0640736 6.04002e-22)
(1.28538 -0.05641 1.58175e-21)
(1.26369 -0.0497335 2.68263e-21)
(1.24298 -0.0438605 -3.33126e-21)
(1.22273 -0.0386766 0)
(1.20242 -0.0341366 0)
(1.18155 -0.0302486 -4.38553e-21)
(1.15955 -0.0270119 7.44085e-21)
(1.13576 -0.0244348 -7.02536e-21)
(1.1095 -0.0232178 0)
(1.08036 -0.0258295 0)
(1.04768 -0.0316084 -3.88472e-21)
(0.72071 -0.0850146 -5.6162e-20)
(1.20411 -0.111988 -7.38862e-20)
(1.46857 -0.12309 -1.68656e-19)
(1.5723 -0.125519 0)
(1.59359 -0.120156 1.57799e-19)
(1.57828 -0.112482 -4.32399e-20)
(1.5395 -0.0995221 5.36068e-20)
(1.49385 -0.0867007 5.16921e-20)
(1.44971 -0.0749791 -1.37642e-20)
(1.41001 -0.0645585 1.162e-20)
(1.37536 -0.0555204 -1.08154e-20)
(1.3452 -0.0477591 0)
(1.3186 -0.0410901 0)
(1.29463 -0.0353291 -3.39998e-21)
(1.27245 -0.0303302 -4.60577e-21)
(1.25141 -0.0260005 8.1494e-21)
(1.23089 -0.0223046 -1.44569e-20)
(1.21033 -0.0192649 2.0204e-20)
(1.18917 -0.0169386 -1.20777e-20)
(1.1668 -0.0153525 1.56917e-20)
(1.14255 -0.0145335 0)
(1.11585 -0.0151561 -1.79404e-20)
(1.08636 -0.0193978 2.61916e-20)
(1.05309 -0.0261531 -3.53723e-20)
(0.67021 -0.0187596 1.01236e-19)
(1.14044 -0.031361 2.38696e-19)
(1.42157 -0.043036 -2.2684e-21)
(1.54451 -0.0524931 1.66446e-19)
(1.57989 -0.0556233 -2.26333e-19)
(1.57378 -0.055694 3.48359e-20)
(1.54399 -0.0515298 -2.81787e-20)
(1.50151 -0.0450464 -3.70464e-20)
(1.45876 -0.0386874 2.87765e-20)
(1.41929 -0.0326031 -1.53395e-20)
(1.3843 -0.02704 1.42971e-20)
(1.35361 -0.0220918 -3.04806e-21)
(1.32652 -0.0177501 -7.67866e-21)
(1.30214 -0.0139731 2.8906e-21)
(1.27969 -0.0107299 0)
(1.25844 -0.00802183 0)
(1.23776 -0.00588871 0)
(1.21704 -0.00440625 -6.53343e-21)
(1.1957 -0.00366225 0)
(1.17314 -0.00369918 0)
(1.1487 -0.00456081 -2.83169e-20)
(1.12185 -0.00687767 2.06902e-20)
(1.09232 -0.012606 3.03855e-20)
(1.0589 -0.0206999 -1.11831e-20)
(0.607263 0.045707 -3.20455e-19)
(1.06245 0.0441311 -4.13557e-19)
(1.35837 0.0326761 1.3043e-19)
(1.502 0.0175506 -2.39945e-19)
(1.5543 0.00709689 1.17274e-19)
(1.55859 -0.000168901 -8.45636e-20)
(1.53994 -0.00320517 -4.9276e-21)
(1.50288 -0.00336424 -9.40865e-20)
(1.46299 -0.00223075 -5.57859e-20)
(1.42485 -0.000492735 4.35598e-20)
(1.3903 0.00152975 -1.73018e-20)
(1.35964 0.00358945 -7.12861e-21)
(1.33243 0.00553275 1.41906e-20)
(1.30794 0.00726309 0)
(1.2854 0.00869788 0)
(1.2641 0.00974615 4.90049e-21)
(1.24339 0.0103025 -4.61171e-21)
(1.22266 0.0102503 0)
(1.20133 0.00948116 -3.95736e-21)
(1.1788 0.00793527 -2.1618e-20)
(1.15444 0.00553862 -2.32697e-21)
(1.12773 0.00168728 2.31075e-20)
(1.09842 -0.0054368 7.00053e-21)
(1.06511 -0.0150089 5.26085e-21)
(0.531872 0.107194 -1.92066e-19)
(0.970495 0.113414 -8.52549e-20)
(1.27882 0.102527 -4.61966e-19)
(1.44421 0.0832053 5.02389e-19)
(1.51565 0.0665397 -2.40752e-19)
(1.53385 0.052747 8.06813e-21)
(1.52555 0.0444992 2.51144e-19)
(1.4977 0.0378306 -7.60045e-21)
(1.46206 0.0337892 6.85126e-20)
(1.42645 0.0312514 4.23439e-20)
(1.39323 0.0297459 -9.99648e-21)
(1.36322 0.0288905 -2.47952e-21)
(1.33633 0.0283967 0)
(1.31204 0.0280459 0)
(1.28965 0.0276524 5.51906e-21)
(1.26849 0.0270449 0)
(1.24793 0.0260619 0)
(1.22736 0.0245531 0)
(1.20624 0.0223899 3.986e-21)
(1.18399 0.0194873 -1.64428e-20)
(1.15997 0.0157303 3.37062e-20)
(1.13366 0.0105141 -1.20536e-20)
(1.10478 0.0021061 -9.58744e-21)
(1.07182 -0.0089721 -5.28348e-21)
(0.444773 0.164143 2.70368e-20)
(0.864723 0.174933 -5.97764e-19)
(1.18323 0.164821 3.58034e-19)
(1.37069 0.14288 -2.41606e-19)
(1.46334 0.121554 1.33118e-19)
(1.49871 0.103319 2.7443e-19)
(1.50148 0.088894 -1.26933e-19)
(1.48453 0.0778284 -9.54643e-20)
(1.45542 0.0687341 -6.88513e-20)
(1.42377 0.0621268 0)
(1.39289 0.0572015 3.94021e-20)
(1.36426 0.0534638 -2.54446e-20)
(1.33821 0.0505342 0)
(1.31448 0.0481001 0)
(1.29253 0.045891 -5.59095e-21)
(1.27175 0.0436677 3.4298e-21)
(1.25153 0.0412203 -3.22342e-21)
(1.23134 0.0383675 -6.43241e-21)
(1.21065 0.0349575 6.05841e-21)
(1.18891 0.0308723 0)
(1.16548 0.0259497 1.38424e-20)
(1.1398 0.019562 -1.31897e-20)
(1.11159 0.0100182 4.3117e-20)
(1.0792 -0.00251475 -3.34619e-20)
(0.347793 0.214531 -6.59347e-20)
(0.746139 0.226778 5.93114e-19)
(1.07167 0.217858 0)
(1.28128 0.195069 4.58036e-19)
(1.39678 0.170919 -1.3192e-19)
(1.45125 0.149087 -1.75622e-19)
(1.46874 0.130733 1.28908e-19)
(1.46257 0.115118 9.64342e-20)
(1.44234 0.102027 0)
(1.4163 0.0917117 -5.55038e-20)
(1.38897 0.0835448 -2.98608e-21)
(1.36258 0.077012 -3.44517e-20)
(1.33799 0.0716883 -4.20995e-20)
(1.31527 0.0672006 1.79994e-20)
(1.2941 0.0632161 0)
(1.27398 0.0594419 0)
(1.25438 0.0556273 0)
(1.23481 0.0515611 -1.22122e-21)
(1.21478 0.0470651 0)
(1.19378 0.0419845 2.31944e-21)
(1.17117 0.0361086 3.52414e-21)
(1.14636 0.0287726 0)
(1.11904 0.0182872 0)
(1.08746 0.00441808 0)
(0.243249 0.255922 7.21959e-19)
(0.617585 0.267033 0)
(0.945321 0.260082 0)
(1.1757 0.238415 -3.1234e-19)
(1.31534 0.213295 2.21185e-19)
(1.39088 0.189301 -8.91947e-20)
(1.42507 0.168071 -2.59003e-19)
(1.43211 0.149331 -1.30249e-19)
(1.42215 0.133051 7.59911e-20)
(1.40336 0.119533 -7.1171e-21)
(1.38094 0.108413 4.32746e-20)
(1.35783 0.0992521 -6.21129e-20)
(1.33546 0.0916319 5.06039e-20)
(1.31432 0.0851567 -1.84196e-20)
(1.29437 0.0794608 -1.32533e-20)
(1.27526 0.0742163 0)
(1.25659 0.0691408 7.37563e-21)
(1.23791 0.0639961 -3.20926e-21)
(1.2188 0.0585768 -1.00763e-21)
(1.19879 0.0526924 -3.61555e-21)
(1.17723 0.0460894 1.0307e-20)
(1.15354 0.0380584 6.49987e-21)
(1.12736 0.0268772 -2.37732e-20)
(1.09687 0.0118588 5.29974e-21)
(0.134363 0.286009 -6.40435e-19)
(0.482986 0.293398 1.15952e-19)
(0.807221 0.289559 -1.05218e-19)
(1.05442 0.271229 0)
(1.21815 0.247414 -2.21024e-19)
(1.31648 0.223043 1.6671e-19)
(1.36952 0.200336 -1.21546e-19)
(1.39177 0.179601 1.835e-19)
(1.39387 0.161047 6.49741e-20)
(1.38407 0.14502 0)
(1.36807 0.1314 -8.34034e-20)
(1.34945 0.119894 1.01335e-19)
(1.33022 0.110149 -2.7804e-21)
(1.31137 0.101798 7.28711e-20)
(1.29318 0.0944784 -4.3981e-21)
(1.27554 0.0878527 1.06361e-20)
(1.25817 0.0816219 -3.65686e-21)
(1.24073 0.0755276 1.03322e-20)
(1.22283 0.0693415 0)
(1.20407 0.0628438 -2.77339e-21)
(1.18385 0.0557507 1.11018e-20)
(1.16156 0.0473107 -1.02416e-20)
(1.1368 0.0357354 1.1841e-21)
(1.10774 0.0198231 -4.19704e-22)
(0.024776 0.302761 1.23009e-18)
(0.347225 0.303746 0)
(0.662499 0.304045 8.02149e-20)
(0.920156 0.291567 -7.32641e-20)
(1.10524 0.271757 0)
(1.22676 0.249216 7.07031e-20)
(1.30045 0.226719 1.65199e-19)
(1.33997 0.205256 -1.01473e-19)
(1.35607 0.18541 -7.7134e-20)
(1.35714 0.16766 -1.03666e-20)
(1.34925 0.152112 -8.23297e-21)
(1.33655 0.138648 2.7297e-20)
(1.32161 0.127031 -2.92056e-20)
(1.30592 0.116966 -1.99693e-20)
(1.29018 0.108135 -1.49051e-20)
(1.27456 0.100222 -1.0789e-20)
(1.25897 0.0929315 6.23683e-21)
(1.24318 0.086 -1.2912e-20)
(1.22688 0.0791844 -9.21723e-22)
(1.20971 0.0722471 6.14131e-21)
(1.19114 0.0648883 -1.8758e-21)
(1.17057 0.0563444 2.23962e-21)
(1.14761 0.0447342 -1.39252e-20)
(1.12042 0.0282686 1.93913e-20)
(-0.0814206 0.304021 -1.28007e-18)
(0.215903 0.296353 2.031e-20)
(0.518085 0.301597 -3.64442e-19)
(0.778355 0.297329 2.4571e-19)
(0.978888 0.284429 -1.69519e-20)
(1.12138 0.266345 -7.90896e-20)
(1.21617 0.246135 1.08263e-19)
(1.2746 0.225497 -1.65671e-19)
(1.30668 0.205518 2.12861e-19)
(1.32064 0.186951 -4.99554e-20)
(1.32279 0.170157 5.06684e-21)
(1.31769 0.155224 -3.40871e-20)
(1.30845 0.142069 -5.28516e-20)
(1.29704 0.130508 2.05392e-20)
(1.28462 0.120305 1.28399e-20)
(1.27173 0.111198 -1.51588e-20)
(1.25852 0.102927 0)
(1.24491 0.0952387 -1.67958e-20)
(1.2307 0.0878945 1.67611e-20)
(1.21557 0.0806548 -1.14947e-20)
(1.19907 0.0732238 5.27531e-21)
(1.18067 0.0648795 6.98522e-21)
(1.15999 0.0536555 -1.56457e-20)
(1.13526 0.0370497 1.19073e-20)
(-0.178956 0.287183 5.55623e-19)
(0.0949663 0.269835 4.62378e-19)
(0.381507 0.281144 3.57281e-19)
(0.636694 0.286989 -1.22114e-19)
(0.844556 0.283552 0)
(1.00261 0.272608 -1.27862e-19)
(1.11631 0.257071 -1.17184e-20)
(1.19373 0.23917 -8.10497e-20)
(1.24312 0.220522 -5.89704e-20)
(1.27188 0.202261 0)
(1.28614 0.18507 4.21048e-20)
(1.29062 0.16929 6.02461e-20)
(1.28881 0.155033 1.68982e-20)
(1.28314 0.142266 -2.85072e-20)
(1.27521 0.130869 9.51977e-21)
(1.26597 0.12067 -2.76851e-20)
(1.25589 0.11147 0)
(1.24513 0.103062 1.30986e-20)
(1.23363 0.0952336 3.07582e-21)
(1.22115 0.0877688 -9.75209e-21)
(1.20729 0.0804075 0)
(1.19164 0.0725118 0)
(1.17389 0.0621596 0)
(1.15252 0.0459133 0)
(-0.260462 0.248815 0)
(-0.00893881 0.223313 -3.73574e-19)
(0.260141 0.242883 0)
(0.503485 0.260411 0)
(0.709953 0.268198 0)
(0.875839 0.266486 1.27534e-19)
(1.00328 0.257847 -9.29188e-20)
(1.0972 0.24474 0)
(1.16346 0.229166 6.31505e-20)
(1.20794 0.212629 -4.50914e-20)
(1.23598 0.196148 6.54114e-21)
(1.25203 0.180353 3.40468e-20)
(1.25965 0.165595 2.40106e-20)
(1.26154 0.152032 0)
(1.25966 0.139696 -1.31195e-20)
(1.25533 0.128537 2.97173e-21)
(1.2494 0.118453 -1.60984e-20)
(1.24233 0.109315 2.20881e-21)
(1.23429 0.100982 -4.46744e-21)
(1.22523 0.0932917 -8.82759e-21)
(1.21482 0.0860352 6.99428e-21)
(1.20269 0.0787125 -1.46847e-22)
(1.18873 0.0696771 0)
(1.17209 0.0543711 0)
(-0.315588 0.184219 0)
(-0.0877678 0.156785 -2.34208e-19)
(0.161112 0.188735 -6.65556e-20)
(0.386212 0.219455 8.43846e-20)
(0.583067 0.239127 -1.48036e-19)
(0.748356 0.24771 -5.2993e-21)
(0.882397 0.247435 2.27069e-19)
(0.987702 0.240801 0)
(1.06788 0.229993 5.26112e-20)
(1.12701 0.216737 -4.95195e-20)
(1.16915 0.202305 0)
(1.19801 0.187586 -5.49507e-20)
(1.21681 0.173168 2.37598e-20)
(1.22819 0.159419 0)
(1.23422 0.146553 -1.50164e-20)
(1.23649 0.13468 1.16471e-20)
(1.23614 0.123832 8.05402e-21)
(1.23385 0.113983 1.23833e-20)
(1.23009 0.105061 8.59215e-21)
(1.22521 0.0969751 5.40447e-21)
(1.21926 0.0896445 1.44392e-21)
(1.21178 0.0827797 -1.54622e-21)
(1.20268 0.0753841 -4.50435e-21)
(1.19283 0.0615488 7.78402e-21)
(-0.327137 0.0857874 5.53048e-19)
(-0.130836 0.073723 2.22804e-19)
(0.0910392 0.123193 -1.55986e-19)
(0.290483 0.168247 -4.54601e-20)
(0.470329 0.19937 1.36587e-19)
(0.627053 0.217936 -5.98463e-20)
(0.760119 0.226324 -1.30514e-19)
(0.870264 0.226987 6.11207e-20)
(0.959292 0.222089 -6.29882e-21)
(1.02966 0.213414 -3.91025e-20)
(1.08408 0.20234 6.9618e-20)
(1.12529 0.189901 2.92957e-20)
(1.15583 0.176858 -1.84539e-20)
(1.17793 0.163756 -1.21134e-20)
(1.19353 0.150974 5.52661e-21)
(1.20419 0.138777 3.22752e-20)
(1.21119 0.127357 -1.51388e-20)
(1.21551 0.116811 -5.92765e-21)
(1.21768 0.107149 -1.03684e-20)
(1.21816 0.0983505 3.41468e-21)
(1.21707 0.090589 -3.22104e-21)
(1.21515 0.083703 6.85274e-22)
(1.21173 0.0779035 -3.66111e-21)
(1.2116 0.0659824 3.21882e-21)
(-0.258501 -0.0705666 -4.58734e-19)
(-0.124332 -0.0118291 5.99984e-20)
(0.0541006 0.0553905 1.54056e-19)
(0.2183 0.113333 0)
(0.374652 0.153993 -1.16914e-19)
(0.516453 0.180949 0)
(0.641718 0.197008 0)
(0.750072 0.204662 -3.13544e-20)
(0.841957 0.205957 -7.78596e-20)
(0.91852 0.202551 3.64657e-20)
(0.981365 0.195756 -3.64999e-20)
(1.03228 0.186622 -4.89459e-20)
(1.07307 0.175972 3.96945e-20)
(1.10545 0.164447 -2.40174e-21)
(1.13095 0.152538 -1.11236e-20)
(1.15095 0.140624 6.10982e-21)
(1.16658 0.129009 -7.89984e-21)
(1.17888 0.117935 0)
(1.18862 0.10761 0)
(1.19621 0.0981146 2.29015e-21)
(1.20193 0.0897074 -1.33251e-21)
(1.20656 0.0820592 1.15072e-21)
(1.20894 0.0760485 -1.20527e-21)
(1.22068 0.0665547 0)
(0.0010323 0.0447881 -5.64299e-19)
(-0.0113899 0.0674981 -1.29583e-20)
(-0.00687976 0.0787517 -3.51019e-20)
(0.0275414 0.0764562 2.94286e-20)
(0.0316632 0.0758311 1.84881e-19)
(0.18994 0.0127125 1.2031e-19)
(-0.00368579 0.0530167 1.63753e-20)
(-0.0148793 0.0698734 -1.22838e-20)
(-0.00879432 0.074915 -1.41141e-19)
(0.0217979 0.0696329 0)
(0.0346701 0.0487563 0)
(0.130504 0.00651471 2.66875e-20)
(-0.00592963 0.0574239 0)
(-0.0157387 0.0708508 -1.78734e-19)
(-0.0114674 0.0715393 -1.32624e-19)
(0.0126464 0.0619017 2.55435e-20)
(0.0277011 0.0351506 -2.15869e-20)
(0.0866249 -0.00431582 -6.37017e-20)
(-0.00828877 0.0615605 -2.22725e-19)
(-0.0179136 0.072098 1.71537e-19)
(-0.0160125 0.0690486 -1.26473e-19)
(0.00168968 0.055666 -9.92609e-20)
(0.0143929 0.0251371 -2.02981e-20)
(0.0503978 -0.0127487 1.77353e-20)
(-0.0109325 0.0661236 2.07749e-19)
(-0.0212556 0.0736371 7.94804e-20)
(-0.021987 0.0675403 5.9181e-20)
(-0.0105701 0.0511262 1.42979e-19)
(-0.00186485 0.018711 0)
(0.0192288 -0.0175983 0)
(-0.0142049 0.0704116 5.15494e-20)
(-0.0255567 0.07542 -7.62916e-20)
(-0.0290429 0.0670748 5.81412e-20)
(-0.0235069 0.0482955 -7.04423e-20)
(-0.0190976 0.0153801 -2.53036e-20)
(-0.00815329 -0.019586 4.39317e-21)
(-0.0181816 0.0739331 -5.47572e-20)
(-0.0306724 0.0774038 2.96323e-22)
(-0.0368114 0.0675934 0)
(-0.0365619 0.04717 2.3899e-20)
(-0.0362502 0.0143212 1.92943e-20)
(-0.0322963 -0.020057 0)
(-0.0223459 0.0773577 -9.87197e-22)
(-0.0363785 0.079515 -7.75398e-20)
(-0.0449117 0.068991 5.92175e-20)
(-0.0493303 0.0475698 0)
(-0.0527131 0.0148547 4.05749e-20)
(-0.0533495 -0.0195926 0)
(-0.0263654 0.0815259 2.11769e-21)
(-0.0420631 0.0818222 7.19713e-20)
(-0.0529452 0.0711924 -5.65063e-20)
(-0.0614623 0.0493235 0)
(-0.0680164 0.0166318 -4.02221e-20)
(-0.0714246 -0.018383 3.56924e-20)
(-0.0308695 0.0845171 8.60757e-21)
(-0.0473258 0.0843255 -1.40508e-20)
(-0.0605363 0.0741687 8.09983e-23)
(-0.0726392 0.0523322 6.01726e-21)
(-0.0818027 0.0195101 -9.34946e-20)
(-0.0866144 -0.0165961 -8.80558e-21)
(-0.0357022 0.0867181 -2.88521e-19)
(-0.0519699 0.0870033 4.73291e-21)
(-0.0673495 0.0779261 1.02313e-19)
(-0.0825785 0.0565716 1.2225e-20)
(-0.0937928 0.0234792 1.04106e-19)
(-0.0989312 -0.0143111 -1.87347e-20)
(-0.040303 0.0885447 2.79721e-19)
(-0.0557772 0.089838 -1.90694e-20)
(-0.0730887 0.0824921 -1.01892e-19)
(-0.0910384 0.0620804 -1.76549e-19)
(-0.103774 0.0286355 -4.74364e-22)
(-0.108342 -0.0114194 -1.93105e-20)
(-0.044138 0.0898687 5.67482e-19)
(-0.0585444 0.092834 0)
(-0.0775038 0.0879079 2.41509e-19)
(-0.0978198 0.0689481 2.0222e-19)
(-0.111597 0.0351712 -1.81653e-19)
(-0.114879 -0.00771802 -3.84748e-20)
(-0.0466826 0.0907432 -5.30257e-21)
(-0.060134 0.0960139 0)
(-0.0803964 0.0942114 -4.90091e-19)
(-0.10276 0.0772965 -2.1357e-19)
(-0.117129 0.0433773 3.72362e-19)
(-0.118555 -0.00285527 0)
(-0.0473226 0.0915042 -5.64232e-19)
(-0.0605031 0.0994115 3.19994e-19)
(-0.0816252 0.101412 5.02923e-19)
(-0.105727 0.0872513 2.15995e-19)
(-0.12025 0.0536245 -1.91285e-19)
(-0.119469 0.00359223 2.19534e-19)
(-0.0457896 0.0925157 1.78259e-20)
(-0.059748 0.103047 -6.60077e-19)
(-0.0811132 0.109453 -2.56985e-19)
(-0.106619 0.0989015 2.85008e-20)
(-0.120825 0.0663629 -2.32124e-19)
(-0.11785 0.0121704 -1.80193e-19)
(-0.0403788 0.0936539 0)
(-0.0581396 0.106778 -2.2176e-21)
(-0.0788578 0.118163 2.69195e-19)
(-0.105345 0.112243 0)
(-0.118681 0.0821357 4.27699e-19)
(-0.114106 0.0235675 -2.01161e-19)
(-0.0378796 0.0911312 4.67108e-19)
(-0.0559254 0.109949 3.59804e-19)
(-0.0748897 0.127171 -5.71334e-19)
(-0.101819 0.127116 2.81956e-19)
(-0.113615 0.101643 -2.49393e-19)
(-0.108772 0.0385149 2.05123e-19)
(-0.0375199 0.0861265 -4.41824e-19)
(-0.0530123 0.111941 2.23695e-20)
(-0.0691526 0.135956 2.69474e-19)
(-0.0958952 0.143152 -2.56928e-19)
(-0.105532 0.125771 0)
(-0.102181 0.0574487 0)
(-0.0361878 0.0795719 -7.15474e-21)
(-0.0490973 0.112274 -3.65076e-19)
(-0.0615295 0.14393 0)
(-0.087242 0.159733 0)
(-0.0940706 0.15475 -3.20496e-19)
(-0.0945513 0.0810478 5.91946e-20)
(-0.0338303 0.0718633 -1.47319e-20)
(-0.0441005 0.110761 3.95545e-19)
(-0.0519909 0.150486 4.15415e-20)
(-0.0755719 0.175726 -3.63203e-19)
(-0.0780555 0.188423 5.65086e-19)
(-0.0850691 0.110467 0)
(-0.0319358 0.0640479 5.01456e-19)
(-0.0382227 0.107493 0)
(-0.0408475 0.155108 -4.44967e-20)
(-0.0609774 0.189638 3.43243e-19)
(-0.0555849 0.227597 -2.8025e-19)
(-0.0722343 0.146455 2.99452e-19)
(-0.0299514 0.0552609 -1.17936e-18)
(-0.0316145 0.102218 4.30033e-19)
(-0.0288228 0.156987 3.88797e-19)
(-0.0449846 0.199102 0)
(-0.0244851 0.272947 -3.05966e-19)
(-0.052221 0.18652 -3.07811e-19)
(-0.0268417 0.0382281 6.24325e-19)
(-0.0265989 0.0847305 -4.70509e-19)
(-0.0164788 0.145715 -4.40121e-19)
(-0.024125 0.186861 4.16552e-20)
(0.0212117 0.316414 3.22185e-19)
(-0.028745 0.216886 6.91715e-20)
(-0.0496475 -0.18077 -1.42031e-19)
(-0.0642934 -0.0739255 5.28589e-20)
(0.044079 0.000297771 -4.74344e-20)
(0.166135 0.0633694 -3.3345e-20)
(0.294106 0.109076 9.26058e-20)
(0.416687 0.141483 -4.43424e-20)
(0.529378 0.163382 0)
(0.630323 0.176939 3.13532e-20)
(0.719231 0.183937 0)
(0.796358 0.185797 -3.44927e-20)
(0.86245 0.183672 1.93789e-21)
(0.918577 0.178508 0)
(0.965926 0.171082 8.94454e-21)
(1.0057 0.16203 -2.17983e-21)
(1.03908 0.151876 -7.96763e-22)
(1.06713 0.141055 0)
(1.09081 0.129938 0)
(1.11099 0.11884 0)
(1.12839 0.108137 -2.70056e-21)
(1.14378 0.0979574 2.59837e-21)
(1.1569 0.088806 0)
(1.16984 0.0799954 5.21869e-22)
(1.17798 0.0732998 2.13307e-21)
(1.20192 0.0640562 -2.62557e-21)
(0.0250866 -0.1551 1.66265e-19)
(-0.0210057 -0.0896125 0)
(0.0386764 -0.0323806 -3.97704e-20)
(0.124456 0.0246826 4.41853e-21)
(0.224128 0.0695588 1.12205e-19)
(0.325188 0.103919 6.774e-20)
(0.421995 0.129394 3.4456e-20)
(0.511611 0.147409 3.03163e-20)
(0.592664 0.159275 3.5473e-21)
(0.664964 0.166107 3.7721e-20)
(0.728662 0.168778 0)
(0.78433 0.168064 -2.05284e-20)
(0.832713 0.164629 1.82276e-21)
(0.874637 0.159028 5.04899e-21)
(0.91096 0.151735 -2.80204e-21)
(0.94254 0.143169 -7.93664e-21)
(0.97017 0.133718 4.72867e-21)
(0.994629 0.123733 -5.41631e-21)
(1.0165 0.11361 3.79538e-22)
(1.03669 0.10358 1.45781e-22)
(1.05465 0.0941711 -4.80325e-22)
(1.07369 0.0849048 -5.21291e-22)
(1.08632 0.0774083 6.23178e-22)
(1.11644 0.0666158 1.09334e-22)
(0.0356571 -0.122014 1.16226e-19)
(-0.00612112 -0.0900145 -9.1941e-20)
(0.0278203 -0.0499551 0)
(0.0865354 -0.00321789 0)
(0.161209 0.0372949 -2.85569e-20)
(0.240927 0.0708446 -4.2169e-20)
(0.319961 0.0977991 -1.61573e-20)
(0.395179 0.118887 -2.7763e-20)
(0.464693 0.134797 -2.06342e-20)
(0.527697 0.146268 1.93145e-20)
(0.583946 0.15383 0)
(0.633592 0.158081 0)
(0.677062 0.159479 -1.57053e-22)
(0.714926 0.158425 1.32759e-20)
(0.747839 0.155301 -4.90624e-21)
(0.776484 0.150448 1.9225e-21)
(0.801571 0.144179 -3.02551e-21)
(0.823821 0.136805 -2.26372e-21)
(0.84388 0.128644 -3.76459e-22)
(0.86253 0.120026 -1.82783e-21)
(0.879932 0.111259 -5.03374e-22)
(0.897688 0.102636 1.94051e-21)
(0.91332 0.0943944 -1.9936e-21)
(0.936324 0.0837053 2.46921e-21)
(0.0216993 -0.100157 -1.14044e-19)
(-0.00866757 -0.086672 3.74832e-21)
(0.0111469 -0.0595965 -9.25528e-20)
(0.0509514 -0.0232517 1.64025e-20)
(0.105257 0.0115182 -2.35896e-20)
(0.165602 0.0426667 6.19584e-20)
(0.227108 0.0696993 0)
(0.286706 0.0926373 2.51827e-20)
(0.342558 0.111802 1.85674e-20)
(0.393556 0.127398 -3.70115e-20)
(0.439236 0.139722 -1.32329e-20)
(0.479422 0.149102 1.04063e-21)
(0.514286 0.155745 8.80373e-21)
(0.544216 0.159862 -6.66845e-21)
(0.569753 0.161606 4.86423e-21)
(0.591537 0.161108 3.35669e-21)
(0.610267 0.158531 2.51693e-21)
(0.626692 0.15405 -7.38971e-22)
(0.641564 0.147878 1.80999e-21)
(0.655643 0.140307 3.87536e-22)
(0.669555 0.131705 0)
(0.683976 0.122653 -4.29717e-22)
(0.698845 0.113406 6.15536e-22)
(0.712993 0.103771 -2.13346e-22)
(0.000819913 -0.0853599 0)
(-0.0210756 -0.082745 8.7012e-20)
(-0.00850131 -0.0658661 5.65087e-20)
(0.0188998 -0.0384854 2.96414e-20)
(0.0580656 -0.00949753 -1.28455e-20)
(0.102559 0.018581 -3.97939e-20)
(0.148608 0.0447577 1.50081e-20)
(0.193674 0.0686398 -1.40098e-20)
(0.236129 0.0901008 -2.15568e-20)
(0.274918 0.10906 8.53491e-21)
(0.309524 0.125538 -6.94163e-21)
(0.339723 0.139502 1.13934e-20)
(0.365586 0.15088 -8.27773e-21)
(0.387388 0.159595 4.35558e-21)
(0.405577 0.165564 -2.05648e-21)
(0.420752 0.168712 4.52866e-21)
(0.433594 0.168969 -4.78579e-21)
(0.44485 0.166311 2.19478e-21)
(0.4553 0.160806 0)
(0.465743 0.152668 -3.0109e-22)
(0.476966 0.142357 2.17141e-22)
(0.489537 0.13071 1.92899e-22)
(0.502779 0.118945 -1.48812e-22)
(0.513221 0.108421 -4.90072e-22)
(-0.0213088 -0.0750052 6.00539e-21)
(-0.036845 -0.0799451 -5.35772e-21)
(-0.0281753 -0.0712258 -8.21796e-21)
(-0.00812345 -0.0512968 7.4929e-21)
(0.0208521 -0.0275313 -5.42757e-21)
(0.0539491 -0.00256223 5.0182e-21)
(0.0882054 0.0223286 0)
(0.121631 0.0464465 2.14423e-22)
(0.152967 0.0693654 1.01942e-20)
(0.181425 0.0907528 -1.69091e-20)
(0.206549 0.11032 1.01213e-20)
(0.22818 0.127776 0)
(0.246424 0.142802 2.10235e-21)
(0.261529 0.155047 3.48045e-21)
(0.273885 0.164145 -2.69875e-22)
(0.284005 0.169741 -3.30019e-21)
(0.29251 0.171514 0)
(0.300082 0.169219 0)
(0.307459 0.162748 4.1492e-22)
(0.31542 0.152234 0)
(0.324765 0.138213 -2.15103e-22)
(0.335919 0.121824 5.29487e-22)
(0.347634 0.105185 -4.61664e-22)
(0.35687 0.0920558 7.32499e-22)
(-0.0423417 -0.0676787 1.45279e-21)
(-0.0526179 -0.0791056 -1.29919e-21)
(-0.0451897 -0.0768265 0)
(-0.0288417 -0.0632187 0)
(-0.00583239 -0.0440671 0)
(0.0202086 -0.0219925 1.03928e-21)
(0.0468896 0.00147367 -1.80302e-21)
(0.0726019 0.0253447 -6.54662e-21)
(0.0964333 0.0489651 1.26583e-21)
(0.117874 0.0717904 4.82968e-21)
(0.136749 0.0933195 -4.03549e-21)
(0.153094 0.113021 0)
(0.167076 0.130333 -1.15726e-21)
(0.178984 0.144669 -8.74225e-22)
(0.189187 0.155427 0)
(0.198194 0.162064 1.00069e-21)
(0.206516 0.164095 0)
(0.214616 0.161117 2.77456e-22)
(0.22298 0.152924 -6.76165e-22)
(0.232085 0.13963 -1.70244e-22)
(0.242356 0.121867 1.63763e-22)
(0.253921 0.101125 0)
(0.266107 0.0805694 -2.30834e-22)
(0.278268 0.0664362 -2.40094e-22)
(-0.0610048 -0.0629347 -2.36093e-20)
(-0.0662613 -0.0799872 4.67919e-21)
(-0.0577102 -0.0833264 -4.23305e-21)
(-0.0419818 -0.0751257 1.28444e-20)
(-0.0212784 -0.0600335 0)
(0.00156708 -0.0406385 1.19931e-20)
(0.0247631 -0.0185896 -3.61128e-21)
(0.0471582 0.00493338 2.45383e-21)
(0.0680317 0.0289624 1.60052e-21)
(0.0870629 0.0526867 -6.75589e-21)
(0.104175 0.0753936 0)
(0.119475 0.0964012 0)
(0.133186 0.115029 0)
(0.14559 0.130581 1.1565e-21)
(0.156998 0.142345 0)
(0.167669 0.149617 0)
(0.177911 0.151811 1.26217e-21)
(0.188102 0.148498 -1.92444e-22)
(0.198577 0.13945 -9.77114e-22)
(0.209636 0.124781 -3.28896e-22)
(0.221495 0.105169 2.4543e-22)
(0.234367 0.0822761 0)
(0.248955 0.0597744 0)
(0.266481 0.0449578 -1.35745e-24)
(-0.0765872 -0.0602322 1.22769e-20)
(-0.0763573 -0.082598 1.93179e-20)
(-0.0644253 -0.0910318 -1.57269e-20)
(-0.046536 -0.0875111 -6.06306e-21)
(-0.0249503 -0.0759443 -9.22412e-21)
(-0.00199465 -0.0589524 4.46084e-22)
(0.0209043 -0.0383885 -5.58946e-21)
(0.0429281 -0.0156094 -3.42365e-21)
(0.0636522 0.00830385 8.09689e-21)
(0.0829312 0.0323929 3.07863e-21)
(0.100809 0.0557619 -3.89316e-21)
(0.117436 0.0775527 6.65745e-21)
(0.133039 0.0969379 -2.82107e-21)
(0.147904 0.113134 -1.15676e-21)
(0.162335 0.125402 -1.21841e-21)
(0.176622 0.133035 9.95079e-22)
(0.191022 0.135382 0)
(0.205774 0.131907 0)
(0.221102 0.122265 7.33464e-22)
(0.237207 0.106428 -7.62429e-22)
(0.254245 0.0849549 8.07441e-22)
(0.272704 0.0595509 0)
(0.294188 0.0341877 0)
(0.321167 0.0166428 4.05126e-22)
(-0.0886674 -0.0591509 -1.20937e-20)
(-0.0817255 -0.0867742 -1.82629e-20)
(-0.0641604 -0.100019 -4.51604e-20)
(-0.0414467 -0.100593 0)
(-0.016111 -0.092033 5.43148e-20)
(0.00986914 -0.0770577 -1.6032e-20)
(0.0353945 -0.0577199 2.08183e-20)
(0.0599428 -0.0355873 2.26622e-20)
(0.083363 -0.0119284 -6.9311e-21)
(0.105722 0.0121861 7.88465e-21)
(0.127224 0.0357848 -7.44081e-21)
(0.14815 0.0579606 0)
(0.168807 0.0778414 0)
(0.189504 0.094594 2.16412e-21)
(0.210535 0.107433 8.82881e-22)
(0.232168 0.115614 -2.65002e-21)
(0.254622 0.118479 2.92968e-21)
(0.278075 0.115481 -4.06448e-21)
(0.302659 0.106215 2.21941e-21)
(0.328459 0.0905136 -2.84656e-21)
(0.355459 0.0686711 0)
(0.383776 0.0420044 1.09575e-21)
(0.414472 0.0140929 -2.43893e-22)
(0.450648 -0.00685499 -1.4906e-21)
(-0.0967686 -0.0593344 2.26508e-20)
(-0.0814082 -0.0923233 5.75791e-20)
(-0.0556582 -0.110162 6.15788e-22)
(-0.0254389 -0.114244 4.68954e-20)
(0.00633321 -0.108098 -7.21484e-20)
(0.0379523 -0.0946599 1.20254e-20)
(0.0686494 -0.0762313 -1.35936e-20)
(0.0982173 -0.0545825 -1.52739e-20)
(0.126773 -0.0311299 8.51622e-21)
(0.154605 -0.00706438 -5.53233e-21)
(0.182086 0.0165722 5.22006e-21)
(0.209611 0.0388278 4.92922e-22)
(0.237568 0.0588073 -4.53067e-21)
(0.266308 0.0756768 2.39827e-21)
(0.296134 0.0886809 0)
(0.327281 0.0971067 0)
(0.359896 0.100314 0)
(0.394045 0.0977805 1.25264e-21)
(0.429708 0.089098 0)
(0.466739 0.0740565 0)
(0.504816 0.0527723 5.32362e-21)
(0.543789 0.0260773 -4.04825e-21)
(0.583517 -0.00320768 1.65255e-22)
(0.628471 -0.0264517 5.58645e-22)
(-0.100337 -0.0603749 -7.55001e-20)
(-0.0743209 -0.0990056 -9.94978e-20)
(-0.0374827 -0.12114 3.3433e-20)
(0.00301642 -0.128 -6.74039e-20)
(0.0437787 -0.1235 3.52729e-20)
(0.0833632 -0.110961 -2.35955e-20)
(0.121365 -0.0929892 -3.62252e-21)
(0.157928 -0.0715656 -2.41491e-20)
(0.193449 -0.0482383 -1.4443e-20)
(0.228437 -0.0242757 8.75324e-21)
(0.26341 -0.000761304 -3.0228e-21)
(0.298892 0.0213263 1.14536e-21)
(0.335351 0.0410936 4.60141e-22)
(0.37317 0.0577277 0)
(0.412634 0.0705165 0)
(0.453889 0.0788288 1.05367e-22)
(0.496977 0.0821114 -1.01062e-22)
(0.54182 0.079986 0)
(0.588169 0.0722312 7.35437e-22)
(0.635572 0.0587697 5.37524e-21)
(0.683284 0.0397967 -3.25834e-22)
(0.731015 0.0159746 -4.99777e-21)
(0.776831 -0.0109962 -4.24076e-22)
(0.82989 -0.0328444 8.98448e-22)
(-0.0994457 -0.0621934 -5.52636e-20)
(-0.0592665 -0.106533 -2.14772e-20)
(-0.00798392 -0.132406 -1.23148e-19)
(0.0456626 -0.141012 1.3626e-19)
(0.0977834 -0.137104 -6.3615e-20)
(0.147303 -0.124575 4.33638e-21)
(0.194259 -0.106373 5.78766e-20)
(0.239188 -0.0846866 -1.17165e-21)
(0.282847 -0.0612071 7.77514e-21)
(0.325991 -0.0372937 2.06881e-21)
(0.369314 -0.0140481 -3.077e-21)
(0.41341 0.00761199 -2.66878e-21)
(0.458749 0.0268555 0)
(0.505643 0.0429687 0)
(0.554252 0.0553319 -4.13602e-21)
(0.604612 0.0634187 0)
(0.656595 0.0668234 0)
(0.7099 0.0652682 0)
(0.763995 0.0586996 -7.38003e-22)
(0.818276 0.0472752 3.24476e-21)
(0.871692 0.0313123 -5.97343e-21)
(0.924477 0.011775 1.93691e-21)
(0.971518 -0.0107369 -1.82024e-22)
(1.03301 -0.0278475 -8.97247e-22)
(-0.0932308 -0.0644532 -6.40058e-21)
(-0.0347574 -0.114497 -1.6755e-19)
(0.0347403 -0.143118 9.62803e-20)
(0.104338 -0.151967 -6.54199e-20)
(0.16984 -0.147232 3.72399e-20)
(0.230762 -0.133512 6.39345e-20)
(0.287829 -0.114236 -2.77126e-20)
(0.34216 -0.0918095 -1.19498e-20)
(0.394756 -0.0678831 -7.83179e-21)
(0.446526 -0.043771 0)
(0.498194 -0.0205771 -4.72979e-21)
(0.550344 0.000781417 3.75699e-21)
(0.603363 0.0195301 0)
(0.657492 0.0349892 0)
(0.712832 0.0466776 4.15715e-21)
(0.769357 0.054271 -7.00067e-21)
(0.826779 0.0575423 6.71295e-21)
(0.884789 0.056425 -2.21397e-21)
(0.942662 0.0510477 2.13137e-21)
(0.99985 0.0417254 0)
(1.05507 0.0286138 -3.65535e-22)
(1.1095 0.0133869 3.53521e-22)
(1.15323 -0.00545925 6.15761e-21)
(1.2222 -0.0163572 -5.71918e-21)
(-0.0811047 -0.0669779 -3.64324e-20)
(0.00098792 -0.122276 1.69495e-19)
(0.0927452 -0.151995 0)
(0.180761 -0.159063 1.25593e-19)
(0.261105 -0.151786 -3.51099e-20)
(0.334518 -0.135663 -3.955e-20)
(0.402372 -0.114275 1.97104e-20)
(0.466071 -0.0901925 1.20368e-20)
(0.52688 -0.0652709 0)
(0.585913 -0.0408041 4.28363e-21)
(0.644017 -0.0177719 -2.39435e-21)
(0.701873 0.00305856 6.77387e-21)
(0.759909 0.0210632 1.71267e-20)
(0.818414 0.0357764 -7.77646e-21)
(0.877469 0.0467773 0)
(0.936955 0.053855 0)
(0.99635 0.0568697 0)
(1.05558 0.055837 4.35601e-21)
(1.11328 0.0507239 0)
(1.16999 0.0421446 3.15875e-21)
(1.22188 0.0304865 2.99338e-21)
(1.26905 0.018967 0)
(1.29848 0.00392018 0)
(1.34858 0.0009212 0)
(-0.0622874 -0.0696277 2.2863e-19)
(0.0501752 -0.128939 0)
(0.168072 -0.15724 0)
(0.276295 -0.160146 -8.80642e-20)
(0.372236 -0.148411 5.48175e-20)
(0.457629 -0.12831 -1.89043e-20)
(0.534642 -0.104056 -3.86515e-20)
(0.605513 -0.0781809 -2.54014e-21)
(0.672174 -0.0522511 1.36924e-21)
(0.736059 -0.0273959 -1.20276e-21)
(0.798181 -0.00449235 -9.04793e-21)
(0.859211 0.01579 2.02345e-20)
(0.919589 0.0328951 -1.85492e-20)
(0.979457 0.0464531 1.00223e-20)
(1.03883 0.0561786 9.24202e-21)
(1.09742 0.0618335 0)
(1.15483 0.0633412 -1.17577e-20)
(1.21006 0.0610314 -3.69621e-21)
(1.25903 0.0555016 2.02519e-20)
(1.29804 0.0479124 -1.28247e-20)
(1.32632 0.0387878 1.57547e-20)
(1.34686 0.0304697 6.83495e-22)
(1.3578 0.0185376 -2.28941e-20)
(1.38658 0.0178532 1.56837e-21)
(-0.0356673 -0.0722706 -2.50325e-19)
(0.115481 -0.132959 4.09418e-20)
(0.26266 -0.156563 -3.66165e-20)
(0.391347 -0.152542 0)
(0.500779 -0.134639 -5.52905e-20)
(0.5949 -0.110102 3.26051e-20)
(0.677957 -0.0827874 -1.36154e-20)
(0.753286 -0.0550407 6.02167e-21)
(0.823213 -0.0283273 -6.136e-21)
(0.889161 -0.00354918 0)
(0.952041 0.0185529 1.98649e-20)
(1.01249 0.0374177 -3.1902e-20)
(1.07099 0.052634 -9.14746e-22)
(1.12753 0.0637709 -4.29949e-20)
(1.18269 0.0708755 -3.01656e-22)
(1.23323 0.073919 -1.07015e-20)
(1.27558 0.073413 7.63543e-21)
(1.30686 0.069979 -1.69498e-20)
(1.33008 0.0644929 0)
(1.34666 0.0572636 -2.83515e-20)
(1.35809 0.0487325 5.3031e-20)
(1.36543 0.0392391 -3.21955e-20)
(1.37007 0.027975 -1.38559e-21)
(1.38457 0.0343794 -4.61035e-21)
(0.000539774 -0.0746225 5.19009e-19)
(0.200093 -0.131901 0)
(0.377329 -0.146923 2.75851e-20)
(0.522868 -0.1338 -2.48632e-20)
(0.640941 -0.109241 0)
(0.739624 -0.0803501 1.03359e-20)
(0.824981 -0.0507191 1.15364e-20)
(0.900954 -0.0222303 -6.87643e-21)
(0.969885 0.00403798 2.15775e-21)
(1.03309 0.0273381 -3.66065e-21)
(1.09149 0.0470934 -2.23475e-21)
(1.14596 0.0628628 -1.40728e-20)
(1.19726 0.0744591 1.03075e-20)
(1.24339 0.0818263 1.1634e-20)
(1.27923 0.0850635 1.11176e-20)
(1.30522 0.0849202 1.05627e-20)
(1.32427 0.0821005 -1.20809e-20)
(1.338 0.0768864 2.1026e-20)
(1.34807 0.0698861 8.30914e-21)
(1.35595 0.0614477 -5.42864e-20)
(1.36116 0.0523368 3.42021e-20)
(1.36257 0.0437087 7.00013e-21)
(1.35662 0.0379689 -3.20552e-20)
(1.35832 0.046907 3.58655e-20)
(0.0493543 -0.0754213 -6.07584e-19)
(0.307252 -0.122222 1.22456e-20)
(0.509845 -0.125257 -1.4151e-19)
(0.664895 -0.102403 8.15612e-20)
(0.785204 -0.072206 -1.13597e-20)
(0.8826 -0.0409078 -1.70824e-20)
(0.964862 -0.0110208 9.01266e-21)
(1.03602 0.0161263 3.49056e-21)
(1.09818 0.0397259 -1.48166e-20)
(1.1527 0.0592805 1.1358e-20)
(1.20079 0.0744207 2.3813e-21)
(1.24383 0.0853894 1.27503e-20)
(1.27687 0.0917468 2.84704e-20)
(1.29971 0.0941922 -1.53653e-20)
(1.31573 0.0936195 -1.32803e-20)
(1.32714 0.0904212 1.23015e-20)
(1.33559 0.0851438 0)
(1.34292 0.0785117 3.84891e-20)
(1.34812 0.0707218 -4.94016e-20)
(1.34957 0.0626839 6.79741e-20)
(1.34628 0.0543435 -4.299e-20)
(1.33805 0.0465679 3.94107e-20)
(1.32492 0.0429007 -6.56908e-20)
(1.31608 0.055574 3.5598e-20)
(0.115962 -0.07066 2.82258e-19)
(0.437998 -0.0995569 2.38552e-19)
(0.654162 -0.0892549 1.41255e-19)
(0.808201 -0.0591043 -4.69201e-20)
(0.922146 -0.0266734 0)
(1.01203 0.00386463 -2.02803e-20)
(1.08559 0.0310908 -5.82772e-21)
(1.14633 0.0541216 1.1888e-21)
(1.19635 0.0725554 1.10699e-20)
(1.23734 0.0862052 0)
(1.27116 0.0956712 -1.30545e-20)
(1.29356 0.100303 -3.26231e-20)
(1.30822 0.101701 -1.78107e-20)
(1.31783 0.100323 1.33101e-20)
(1.32445 0.0966208 -1.60464e-20)
(1.33033 0.0915663 2.88689e-20)
(1.33455 0.0851749 0)
(1.33548 0.0777825 -3.00767e-20)
(1.33281 0.0698436 -1.51976e-20)
(1.3265 0.0617467 4.15941e-20)
(1.31664 0.0538958 0)
(1.30345 0.0471689 0)
(1.2877 0.0455928 0)
(1.27037 0.0609028 0)
(0.209584 -0.0518456 0)
(0.587591 -0.0603809 -1.98625e-19)
(0.799871 -0.0398265 0)
(0.939732 -0.00779854 0)
(1.04058 0.0221862 0)
(1.11841 0.0485104 2.03538e-20)
(1.17901 0.0702096 -3.26836e-21)
(1.22566 0.0869614 0)
(1.26079 0.0986964 -8.73149e-21)
(1.28692 0.106177 1.56814e-20)
(1.30265 0.109196 3.04431e-21)
(1.31185 0.109267 -1.64192e-20)
(1.31708 0.106732 -1.97397e-20)
(1.32083 0.102693 0)
(1.32356 0.0976084 1.81125e-20)
(1.32351 0.0911535 6.73254e-22)
(1.32061 0.0837482 3.60649e-20)
(1.31513 0.0757883 2.39929e-22)
(1.30737 0.0677177 1.76294e-20)
(1.29737 0.0599921 6.34951e-20)
(1.28478 0.0529459 -4.25045e-20)
(1.26912 0.0476308 1.50574e-20)
(1.25078 0.048627 0)
(1.22808 0.0644597 0)
(0.3425 -0.00620256 0)
(0.740252 -0.00244291 -1.37457e-19)
(0.930296 0.0193203 -3.4784e-20)
(1.04867 0.0457664 2.50768e-20)
(1.13433 0.0694251 -4.01816e-20)
(1.19796 0.0889535 -4.02164e-21)
(1.24397 0.103524 5.82631e-21)
(1.27585 0.113172 0)
(1.29683 0.118452 -1.54945e-20)
(1.30859 0.119925 1.44459e-20)
(1.314 0.118324 0)
(1.31623 0.114808 4.31112e-20)
(1.31701 0.11032 -2.31905e-20)
(1.31575 0.104678 0)
(1.3122 0.0977574 1.99866e-20)
(1.30677 0.0900311 -1.95824e-20)
(1.29991 0.0819739 -2.15896e-20)
(1.29176 0.0739548 -3.89324e-20)
(1.28215 0.0663228 -3.70593e-20)
(1.27069 0.0593898 -3.50381e-20)
(1.25655 0.0533156 -1.53028e-20)
(1.23899 0.0492583 -8.18426e-20)
(1.21845 0.0521883 -6.03316e-22)
(1.19281 0.0681168 8.04247e-20)
(0.521299 0.0787201 3.16671e-19)
(0.870403 0.0718261 1.26653e-19)
(1.03045 0.0823843 -6.58771e-20)
(1.1313 0.0977118 -1.74737e-20)
(1.20303 0.112535 2.96503e-20)
(1.25266 0.123931 -1.00812e-20)
(1.2847 0.13098 7.38225e-23)
(1.30353 0.133921 -1.48182e-20)
(1.31289 0.133504 -5.4574e-21)
(1.31572 0.130276 2.20756e-20)
(1.3153 0.125735 -4.52345e-20)
(1.31272 0.120127 -2.29387e-20)
(1.30833 0.113334 2.42935e-20)
(1.30249 0.105629 2.5952e-20)
(1.29571 0.097541 1.76953e-21)
(1.28821 0.0893709 -7.07717e-20)
(1.27993 0.0813402 4.52826e-20)
(1.2706 0.0736476 2.04107e-20)
(1.25983 0.0665216 6.09644e-20)
(1.24703 0.0601462 -2.09501e-20)
(1.2313 0.0546888 9.60176e-20)
(1.21205 0.0514412 -1.29958e-19)
(1.18987 0.055552 -7.28371e-22)
(1.16258 0.0712444 5.71804e-20)
(0.718853 0.21157 -1.41798e-19)
(0.959753 0.152469 -8.77264e-20)
(1.09864 0.141387 9.96497e-20)
(1.1898 0.144713 -1.33373e-20)
(1.24993 0.150318 -4.33649e-21)
(1.28681 0.153578 2.6104e-21)
(1.30676 0.153521 -9.29416e-21)
(1.31526 0.150527 -3.49319e-21)
(1.31652 0.145361 4.22633e-21)
(1.31373 0.138887 0)
(1.30862 0.131483 2.42799e-20)
(1.30212 0.123377 5.43487e-20)
(1.29485 0.114937 0)
(1.28714 0.106429 0)
(1.27905 0.0979961 0)
(1.27046 0.089753 -3.03253e-21)
(1.26111 0.0818096 -2.37038e-20)
(1.25068 0.0743092 0)
(1.23876 0.0674694 0)
(1.22476 0.061437 0)
(1.20786 0.0563404 -4.20847e-20)
(1.18752 0.0535232 -1.9398e-20)
(1.16436 0.0581146 0)
(1.13616 0.0729711 -2.12141e-20)
)
;

boundaryField
{
    rotor
    {
        type            movingWallVelocity;
        value           nonuniform List<vector> 
144
(
(-0.035522 0.0167426 -5.87747e-35)
(-0.0497307 0.0234397 0)
(-0.0639395 0.0301367 0)
(-0.0781483 0.0368338 -3.16208e-32)
(-0.0923571 0.0435309 0)
(-0.106566 0.0502279 0)
(-0.028833 0.0124324 0)
(-0.0295843 0.01052 0)
(-0.030209 0.00856254 0)
(-0.0307044 0.00656844 -4.98765e-24)
(-0.0310682 0.00454621 0)
(-0.0312991 0.00250452 0)
(-0.0313958 0.000452099 0)
(-0.0313582 -0.00160226 -1.24691e-24)
(-0.0311863 -0.00364975 -2.49383e-24)
(-0.0308808 -0.00568161 0)
(-0.0304431 -0.00768915 0)
(-0.029875 -0.00966376 0)
(-0.029179 -0.011597 0)
(-0.028358 -0.0134806 -9.97531e-24)
(-0.0274156 -0.0153064 0)
(-0.0263559 -0.0170667 0)
(-0.0251832 -0.0187539 0)
(-0.0239027 -0.0203608 -9.97531e-24)
(-0.0225199 -0.0218805 9.97531e-24)
(-0.0210406 -0.0233066 -9.97531e-24)
(-0.0194713 -0.0246328 0)
(-0.0178185 -0.0258535 0)
(-0.0160895 -0.0269635 0)
(-0.0142915 -0.0279581 0)
(-0.0167426 -0.035522 0)
(-0.0234397 -0.0497307 0)
(-0.0301367 -0.0639395 0)
(-0.0368338 -0.0781483 0)
(-0.0435309 -0.0923571 0)
(-0.0502279 -0.106566 0)
(-0.0167426 -0.035522 -4.8783e-33)
(-0.0234397 -0.0497307 -2.05712e-34)
(-0.0301367 -0.0639395 0)
(-0.0368338 -0.0781483 -2.06299e-32)
(-0.0435309 -0.0923571 0)
(-0.0502279 -0.106566 2.10413e-32)
(-0.0124324 -0.028833 0)
(-0.01052 -0.0295843 0)
(-0.00856254 -0.030209 0)
(-0.00656844 -0.0307044 -4.98765e-24)
(-0.00454621 -0.0310682 0)
(-0.00250452 -0.0312991 0)
(-0.000452099 -0.0313958 0)
(0.00160226 -0.0313582 -1.24691e-24)
(0.00364975 -0.0311863 -2.49383e-24)
(0.00568161 -0.0308808 0)
(0.00768915 -0.0304431 0)
(0.00966376 -0.029875 0)
(0.011597 -0.029179 0)
(0.0134806 -0.028358 -9.97531e-24)
(0.0153064 -0.0274156 0)
(0.0170667 -0.0263559 0)
(0.0187539 -0.0251832 0)
(0.0203608 -0.0239027 -9.97531e-24)
(0.0218805 -0.0225199 9.97531e-24)
(0.0233066 -0.0210406 -9.97531e-24)
(0.0246328 -0.0194713 0)
(0.0258535 -0.0178185 0)
(0.0269635 -0.0160895 0)
(0.0279581 -0.0142915 0)
(0.035522 -0.0167426 0)
(0.0497307 -0.0234397 -2.1394e-32)
(0.0639395 -0.0301367 0)
(0.0781483 -0.0368338 0)
(0.0923571 -0.0435309 1.0168e-32)
(0.106566 -0.0502279 0)
(0.035522 -0.0167426 0)
(0.0497307 -0.0234397 0)
(0.0639395 -0.0301367 -9.93293e-33)
(0.0781483 -0.0368338 -3.16208e-32)
(0.0923571 -0.0435309 0)
(0.106566 -0.0502279 0)
(0.028833 -0.0124324 0)
(0.0295843 -0.01052 0)
(0.030209 -0.00856254 0)
(0.0307044 -0.00656844 -4.98765e-24)
(0.0310682 -0.00454621 0)
(0.0312991 -0.00250452 0)
(0.0313958 -0.000452099 0)
(0.0313582 0.00160226 -1.24691e-24)
(0.0311863 0.00364975 -2.49383e-24)
(0.0308808 0.00568161 0)
(0.0304431 0.00768915 0)
(0.029875 0.00966376 0)
(0.029179 0.011597 0)
(0.028358 0.0134806 -9.97531e-24)
(0.0274156 0.0153064 0)
(0.0263559 0.0170667 0)
(0.0251832 0.0187539 0)
(0.0239027 0.0203608 -9.97531e-24)
(0.0225199 0.0218805 9.97531e-24)
(0.0210406 0.0233066 -9.97531e-24)
(0.0194713 0.0246328 0)
(0.0178185 0.0258535 0)
(0.0160895 0.0269635 0)
(0.0142915 0.0279581 0)
(0.0167426 0.035522 0)
(0.0234397 0.0497307 0)
(0.0301367 0.0639395 0)
(0.0368338 0.0781483 0)
(0.0435309 0.0923571 0)
(0.0502279 0.106566 0)
(0.0167426 0.035522 6.17135e-34)
(0.0234397 0.0497307 0)
(0.0301367 0.0639395 -4.70198e-34)
(0.0368338 0.0781483 0)
(0.0435309 0.0923571 -1.21076e-32)
(0.0502279 0.106566 2.10413e-32)
(0.0124324 0.028833 0)
(0.01052 0.0295843 0)
(0.00856254 0.030209 0)
(0.00656844 0.0307044 -4.98765e-24)
(0.00454621 0.0310682 0)
(0.00250452 0.0312991 0)
(0.000452099 0.0313958 0)
(-0.00160226 0.0313582 -1.24691e-24)
(-0.00364975 0.0311863 -2.49383e-24)
(-0.00568161 0.0308808 0)
(-0.00768915 0.0304431 0)
(-0.00966376 0.029875 0)
(-0.011597 0.029179 0)
(-0.0134806 0.028358 -9.97531e-24)
(-0.0153064 0.0274156 0)
(-0.0170667 0.0263559 0)
(-0.0187539 0.0251832 0)
(-0.0203608 0.0239027 -9.97531e-24)
(-0.0218805 0.0225199 9.97531e-24)
(-0.0233066 0.0210406 -9.97531e-24)
(-0.0246328 0.0194713 0)
(-0.0258535 0.0178185 0)
(-0.0269635 0.0160895 0)
(-0.0279581 0.0142915 -9.97531e-24)
(-0.035522 0.0167426 0)
(-0.0497307 0.0234397 0)
(-0.0639395 0.0301367 0)
(-0.0781483 0.0368338 0)
(-0.0923571 0.0435309 0)
(-0.106566 0.0502279 0)
)
;
    }
    freestream
    {
        type            freestreamVelocity;
        freestreamValue uniform (1 0 0);
        value           nonuniform List<vector> 
96
(
(1.08224 0.0534257 1.52183e-20)
(1.06539 0.0513123 1.05653e-20)
(1.05144 0.048712 3.42834e-20)
(1.03999 0.0458068 -8.86872e-21)
(1.03068 0.0427325 5.02067e-21)
(1.02327 0.0395387 -7.3749e-21)
(1.01734 0.0360389 1.24004e-21)
(1.01134 0.0331978 -5.83253e-21)
(1.00612 0.0314005 -6.12996e-21)
(1.00347 0.0271034 -4.63924e-20)
(1.00146 0.0227583 -5.37924e-21)
(0.999969 0.0187668 9.26432e-21)
(0.998964 0.0152365 -8.36255e-21)
(0.998365 0.0121792 -6.47336e-20)
(0.998083 0.0095766 0)
(0.998037 0.00739847 4.26532e-20)
(0.998151 0.00560736 2.74225e-20)
(0.998365 0.00416172 5.7042e-20)
(0.99863 0.0030182 4.073e-20)
(0.998907 0.00213325 0)
(0.99917 0.00146438 0)
(0.999399 0.000970988 3.2102e-20)
(0.99958 0.000614948 1.58471e-20)
(0.999722 0.00036744 0)
(0.999834 0.000206161 6.40286e-21)
(0.999914 0.000109304 4.45913e-21)
(0.999962 5.24186e-05 8.28668e-22)
(0.999987 2.16934e-05 -4.4744e-22)
(0.999997 6.93839e-06 1.08654e-22)
(1 1.24646e-06 -4.93766e-23)
(1 1.57884e-08 -1.11644e-27)
(1 -1.17588e-07 -2.69161e-23)
(0.999999 -2.44301e-06 -2.09603e-22)
(0.999992 -1.13805e-05 -1.86472e-21)
(0.999975 -3.36129e-05 5.87062e-22)
(0.999938 -7.9097e-05 9.74936e-22)
(0.999874 -0.000161909 -1.4255e-21)
(0.999776 -0.000300457 -1.5248e-20)
(0.999645 -0.000521854 0)
(0.999485 -0.000853037 2.20411e-20)
(0.999305 -0.00132302 1.87703e-20)
(0.99912 -0.00196259 4.19479e-20)
(0.998955 -0.00280173 3.80984e-20)
(0.998845 -0.00386857 0)
(0.998832 -0.00518576 0)
(0.998971 -0.00676745 6.25807e-20)
(0.999325 -0.00861618 3.98075e-20)
(0.999964 -0.0107199 0)
(1.00096 -0.0130497 0)
(1.00239 -0.0155578 1.95402e-20)
(1.00432 -0.0181743 1.83744e-20)
(1.0068 -0.0207945 -7.86497e-21)
(1.00985 -0.023192 3.65385e-21)
(1.01387 -0.024553 -5.74822e-21)
(1.01875 -0.0226692 9.88186e-22)
(1.02294 -0.0202845 -2.90238e-21)
(1.02718 -0.018016 -2.2142e-21)
(1.03187 -0.0157004 -2.12348e-20)
(1.03712 -0.0130457 -7.04791e-21)
(1.04294 -0.00989832 3.46951e-21)
(1.04941 -0.00617264 -3.63494e-21)
(1.05667 -0.00179949 -2.39445e-20)
(1.06491 0.00327899 0)
(1.07437 0.00910405 4.06864e-21)
(1.08534 0.0157019 -3.32448e-22)
(1.09818 0.0230485 1.58105e-20)
(1.11327 0.0310259 9.97132e-21)
(1.13092 0.0394103 0)
(1.15114 0.0477518 0)
(1.17301 0.0552217 6.98384e-21)
(1.19368 0.0603959 2.94629e-21)
(1.20579 0.0620646 0)
(1.19146 0.0607384 -2.48958e-21)
(1.11184 0.063984 1.05015e-22)
(0.938408 0.0809661 2.3884e-21)
(0.721802 0.100586 -2.06798e-22)
(0.527782 0.105177 -4.75413e-22)
(0.373568 0.0896657 7.13481e-22)
(0.288863 0.0654609 -2.3657e-22)
(0.268907 0.0448091 -1.35296e-24)
(0.321879 0.0166253 4.04701e-22)
(0.455961 -0.0067887 -1.47619e-21)
(0.636163 -0.025904 5.47078e-22)
(0.835096 -0.0318392 8.70952e-22)
(1.03168 -0.0267226 -8.61002e-22)
(1.21081 -0.0155185 -5.42592e-21)
(1.32652 0.000862918 0)
(1.35684 0.0164796 1.44771e-21)
(1.34921 0.0312189 -4.18652e-21)
(1.31932 0.0418015 3.19618e-20)
(1.27572 0.0484771 3.10521e-20)
(1.2302 0.0518546 0)
(1.18903 0.0534243 0)
(1.15519 0.054826 6.47324e-20)
(1.12674 0.0555393 4.45756e-20)
(1.10248 0.0549181 -1.59658e-20)
)
;
    }
    frontAndBack
    {
        type            empty;
    }
}


// ************************************************************************* //
