/*--------------------------------*- C++ -*----------------------------------*  =========                 |
  \      /  F ield         | OpenFOAM: The Open Source CFD Toolbox
   \    /   O peration     | Website:  https://openfoam.org
    \  /    A nd           | Version:  11
     \/     M anipulation  |
\*---------------------------------------------------------------------------*/
FoamFile
{
    format      ascii;
    class       volScalarField;
    object      U;
}
// * * * * * * * * * * * * * * * * * * * * * * * * * * * * * * * * * * * * * //

dimensions      [0 1 -1 0 0 0 0];

internalField   nonuniform List<scalar> 
2880
( 
0.07252678513347743
0.1425603014692103
0.22220715315181955
0.2697843495405948
0.34015153298641315
0.4481981579362282
0.1016654704263408
0.17258556303832737
0.2450976494376172
0.28865900813955564
0.35112001751140276
0.4210278926046712
0.11527287978803287
0.1830571117239357
0.2488589735637369
0.2914138825571711
0.3550969110373649
0.42933339411477384
0.12746167143271184
0.19062852834028696
0.24965307673264722
0.2917954477392876
0.35820309659166316
0.43784654515428295
0.1403304416506412
0.19693678433309664
0.24959561582721718
0.29186263194890627
0.35945086846132385
0.44153574450727984
0.15266044482339364
0.201927419937532
0.24828120145910232
0.2914859187168171
0.35899095826483857
0.44083484398754286
0.1638852204963551
0.20544823171574922
0.24699053845905697
0.29071681834757457
0.35714221624212256
0.43701477346412887
0.1729350537093834
0.20784660523868212
0.2459529434554814
0.2897546667197326
0.3549234973861655
0.43191139076661383
0.18043352213527014
0.20944883544654347
0.24470549711403525
0.2885742500797244
0.3523239178967613
0.42646817170994145
0.18630303277887467
0.21064861131356355
0.24347582217479385
0.28771450279427624
0.3505332953088736
0.42259426127181543
0.19045606079338578
0.21172191222258666
0.24400013739990456
0.2879521640867784
0.35002304712276583
0.4206952190157723
0.1926072830738936
0.21287112286792997
0.24573136443846197
0.2895600622848936
0.3507971318800704
0.4197545204682046
0.1929208200214604
0.21368806865824527
0.2480466050586868
0.2927302959452783
0.3533982792659433
0.42130085596327027
0.191185290866163
0.21413913708759982
0.2504529061894392
0.29708783886636025
0.3583593720538573
0.42614563981774706
0.18730550325383596
0.214122935168046
0.2527609942177037
0.30149179820092376
0.3639102874354698
0.43197896525739593
0.18169269769821572
0.21342770077804923
0.2550693375316849
0.30529031582251587
0.36906438473791237
0.43808032372913736
0.17452088718886302
0.21232243573555487
0.2572371812004333
0.30803815355435815
0.3736541430094278
0.4440120962102849
0.16539485925356437
0.21010854514597332
0.2583428938659812
0.309975675875325
0.37704127816359806
0.4490721431174092
0.1541598065873519
0.20588045942673644
0.2589807600690034
0.31064899867197426
0.3787304468104586
0.45281203042364787
0.1408169053570853
0.1992721847284827
0.2583044036816671
0.3092498081065459
0.3786669685651682
0.45403618747386937
0.12579810893456062
0.19022395726722643
0.25601775084900913
0.3073960229227011
0.37645304011653874
0.4517273079475945
0.11082586837463317
0.1785892307910842
0.2515627269995292
0.30356067830593836
0.3728282597559755
0.4444516346647361
0.09449288338969446
0.16378455221700727
0.24270815185140274
0.29574638793965924
0.3697511718494148
0.43378221823226837
0.06435311677764227
0.13045424372384154
0.21644071597222359
0.2698174454213781
0.36266495647217845
0.4328008436751278
0.8244282982736622
0.9063145834171984
0.946780109597055
0.9705262289500834
0.9864466464535309
0.9976034455559604
1.008373864526909
1.0232013470416998
1.0397307514043692
1.056204743039372
1.0717357379027945
1.0853883713854338
1.095423790220872
1.101548536956186
1.1045742063218151
1.1051767447166385
1.103252087399459
1.0990852084932667
1.0933683431047152
1.0858619082547294
1.0766038733066636
1.0651977658399263
1.0511006108686016
1.035105886987171
0.7274426001500925
0.8727513543698321
0.9309548089939593
0.961092504465561
0.9814208248032894
0.9962169240892165
1.0101546134572874
1.0283239397916157
1.0488140029769664
1.0672290705489678
1.0826861926337732
1.094659466537572
1.1032225643422418
1.1080536292095398
1.1089535866693692
1.107556386390774
1.104386345921316
1.099485046543697
1.0925583634146567
1.0845087859303701
1.0747092141210617
1.0629332014499075
1.0483312749483706
1.0322798360808358
0.6616705550441344
0.8247791912832815
0.8990946318830727
0.942127834138086
0.969229706417111
0.9904477102059609
1.01018749223813
1.033784570257993
1.0566342077921138
1.0766285544134837
1.0924255609779565
1.102682098527333
1.1087043563585168
1.1108338374040754
1.1107532997389642
1.1081804052921844
1.103799734556115
1.0978007755663866
1.0903824719988007
1.0815809519909028
1.0715285535393388
1.0593169927786592
1.0447874630322944
1.0284117829073485
0.6211084078760343
0.7743771980187344
0.8600205036213723
0.9131473816752228
0.9492599227707612
0.9785473397667166
1.0087255430797142
1.0370851295767511
1.0619050594772748
1.0827102757403937
1.097737336953309
1.1065809615516469
1.1105340675750113
1.1113057993608857
1.1096547218201112
1.1060330539744554
1.1006491825068667
1.09420451142116
1.0863516439459804
1.0774428867508734
1.0666984683662986
1.054937458525898
1.0399184623872564
1.024015897102774
0.593153476065848
0.7309647463041035
0.820815979386834
0.8815194399610433
0.9255276690365669
0.9638072849141625
1.001720531284077
1.0359113341717463
1.0641395517411196
1.084552668185906
1.097994043053589
1.1056428429629233
1.1083552308751512
1.1082529475789744
1.105870443860364
1.1017461728821791
1.0962613531711458
1.0895355998400467
1.081597061340758
1.0725079649990947
1.0623387190550788
1.0505786702100606
1.035605243308925
1.0196812257411907
0.5710708002973154
0.6954990600646872
0.7849007812024438
0.8513821195251416
0.9027202143500952
0.9497209456132908
0.9943971790603978
1.0327544057468412
1.0621462467428875
1.082412537695958
1.094076598646577
1.1000569327271534
1.1024187937387016
1.1017708428570054
1.0991878808416315
1.0950430667120266
1.0895766483854226
1.0834198843170877
1.07546390655209
1.066500328293518
1.0565860587944496
1.044957510159903
1.0304575952127488
1.0150424766872161
0.5522429659908601
0.6663488540625536
0.7548589796367411
0.8248521666029545
0.8840581939182853
0.9396408603039951
0.9886085160043645
1.0285490174489704
1.058024772241847
1.0764393654551276
1.0872950486500803
1.0925581657280132
1.0945785466878213
1.0939572956110124
1.0916812673845215
1.087645050802729
1.0827806148117225
1.076622764515189
1.0692216835562796
1.060911032237718
1.051605457316318
1.0403190350954832
1.0261374196445565
1.0121328875537405
0.5360928791268912
0.6424633231156193
0.7305426457832165
0.8042294480520126
0.8702187763929997
0.9322720941868409
0.9847503410747906
1.0250967300697817
1.052428089908287
1.0689631700157796
1.0791179647449767
1.083806906267485
1.0858007005473906
1.0853887942588607
1.0835044839528984
1.07990352461162
1.0757262949882818
1.070270451499748
1.0635247429873564
1.0554468083593092
1.0468058967718687
1.036291897629705
1.0232736263749858
1.0095627934316267
0.5231094022054892
0.6247598348840718
0.7133074019425892
0.7893268300310103
0.8626793945712742
0.9292155905391908
0.9829115096211575
1.0211567871754674
1.0457028758110791
1.0610673246716935
1.069813087418998
1.0743101137064248
1.076491859212442
1.0763832858425921
1.0749623095420413
1.0720887540144932
1.0684132397661825
1.063068529704828
1.0573783105462362
1.0505853188357848
1.0427329172879864
1.0334559657181088
1.0210755513192291
1.0087494005738613
0.5145077393578248
0.6128144703864069
0.7021011788519383
0.783121098029528
0.8620992775791047
0.9299816282148072
0.9819067543085406
1.016528110697016
1.0385134253361061
1.0520959889064845
1.0605367582968617
1.0648972593264936
1.0672350457280158
1.0677621070139278
1.0663659051556105
1.064156627785101
1.0612240704202882
1.0573000717848877
1.0524596648717448
1.0466550813131932
1.0401587140430695
1.0320521458420429
1.0214415088330673
1.01031810461887
0.5090198210648964
0.6074774195548684
0.6977354557495141
0.7843045803164777
0.8665995806479819
0.9340465381961667
0.9816595450897508
1.0122792404143448
1.031919041149751
1.0443361375669489
1.0519598066728075
1.0565985101433937
1.0589618295588328
1.0597239954496904
1.0590273744271728
1.0576369374380288
1.0551745795238907
1.0522469236789784
1.0483101615572774
1.0442603339044931
1.0391276741735413
1.0326002152856468
1.0235692524868911
1.0136117426778564
0.5069774224650073
0.606976015953052
0.6994882590858604
0.7928529079670644
0.8766274458968534
0.9401694996314278
0.982493637845758
1.009276516167915
1.0264437489833618
1.037563953010556
1.0444881571745996
1.0492148124172502
1.0519246205371202
1.0530509143878684
1.0529711525384404
1.0516918822345607
1.05011659178763
1.048350991732951
1.0464043677047727
1.0438483623281758
1.0402629608049803
1.0353605658849856
1.02736620646551
1.0182070663921545
0.5088558053438005
0.6101714114338206
0.7091244811478341
0.8079174991012993
0.8901760379647707
0.9473470869151596
0.9842292698267252
1.0069657099388347
1.0220485624153544
1.0323483043567112
1.0393228177508937
1.043773159939364
1.046905794690594
1.0478191127847587
1.047811249867425
1.047724960972577
1.0478400588829648
1.0475432613628042
1.0470619498246918
1.04593600606142
1.0433801612192934
1.0392804548776706
1.0321575081582024
1.0236710429669817
0.5138711086409643
0.6172781141878839
0.7243631581180063
0.8268671181400382
0.9041189225967622
0.9543846873555083
0.9855722146249732
1.005688414062624
1.019253971490116
1.0292052816787791
1.0355038640669283
1.0391616346315826
1.0422494478472992
1.044641751337301
1.0462903753108563
1.0476003451794857
1.0478944728512003
1.0483171071731872
1.0492112517517123
1.0491742397582964
1.047833819151514
1.0443856398321425
1.03757274508427
1.0292778047856008
0.5220915531217537
0.6295459679690292
0.7455900827223771
0.8481399969257017
0.9175642884397572
0.9605797686936629
0.9872687211396552
1.005716503627439
1.017971018635284
1.026039294847133
1.0326652575921111
1.0373681791976304
1.040952111660866
1.0429692988820514
1.0447427287113757
1.0476292331090047
1.050045758009003
1.0524324233005984
1.053623859223169
1.0538711256188689
1.0524898845799397
1.0491965571502924
1.042732110454863
1.034177780756935
0.5326237479338216
0.6495151414203555
0.7730548161043109
0.8693731796432526
0.9302372632612482
0.9667392990482478
0.9902133483575105
1.0054829884197714
1.017100523346806
1.025543311175348
1.0311021479029931
1.0353257359397472
1.0390341915672006
1.0428117043656557
1.047041268702959
1.0505850702934358
1.0532387771982434
1.055964893196972
1.0582529962177376
1.058940009428644
1.0578212120072032
1.054362104674567
1.0469877280701267
1.0381422376882001
0.5446881788721403
0.675707801891103
0.8041464815688227
0.8911939171679328
0.9420712436524924
0.9723086262481492
0.9929958023174849
1.0073706396306001
1.0171713700739493
1.0242402282243912
1.0299848897892312
1.0352327988072643
1.0400204091914846
1.045013603779314
1.0498648973145825
1.0548643907576474
1.0589205894013753
1.061491732210759
1.0632135895656967
1.0639528498346442
1.062162971564563
1.0580988740209043
1.050449344493008
1.0406565095874667
0.5581098791626651
0.7082730038171852
0.8366590278302186
0.9107431606266471
0.9521258667705393
0.9785107718634853
0.995824390054435
1.0081172905274831
1.0175181584756208
1.0246506806676847
1.0308887968721883
1.0369447489809525
1.043233607109693
1.0490284799620062
1.0544537475521476
1.0593010740733175
1.0635715769195009
1.0668612783997236
1.0685867748146032
1.0682965390239878
1.0662305137535568
1.0609896548863411
1.0521274862795522
1.041464527163627
0.5754174145560902
0.7482237844806681
0.8660546025126526
0.927104040905731
0.9612779625368818
0.9829811373297213
0.9980575661504053
1.0092872153679162
1.0178802592491638
1.0253978873086067
1.0317132451762234
1.0390456582466312
1.0460426736278794
1.053513110596097
1.0599583116100677
1.065312055534726
1.0686752402902868
1.0720061649460124
1.0733179549382705
1.0725772265544953
1.068865076848798
1.0628094796710181
1.052958132246613
1.0409003532118217
0.5983685344318848
0.7914893490733443
0.891881135398647
0.9410194932948764
0.968830102336638
0.9869168847757831
0.9997412105781414
1.0099698243856996
1.018052467428301
1.0256009226726788
1.0345592885954802
1.0434805416095512
1.0517927305803354
1.059231918801997
1.0653158651493098
1.070924297472038
1.0744895149479783
1.076778948878716
1.0771312770341517
1.075142912878677
1.0705821842950827
1.0633007480340293
1.05304049576689
1.040175272545887
0.6318719747045045
0.8333206415192501
0.9136599968815938
0.9522169788841452
0.9745521799209867
0.9900138436596354
1.001341840197074
1.0104497189182895
1.019534414035071
1.029251365281789
1.0387694327300112
1.0483580110432502
1.0575005038702239
1.0653913337539234
1.07167912658858
1.0760635539987677
1.0795647070380212
1.0809823424404066
1.0802827690592844
1.076993696473339
1.0713170983945524
1.0629723363538286
1.051862128989639
1.0381656525407308
0.6833626535865233
0.8681573007409513
0.9302250925539072
0.9604116313037789
0.978780857014102
0.991715842231397
1.0021434978705999
1.0116648939016377
1.0211994288309718
1.0315759936035716
1.0436226811158122
1.0546676613244728
1.063701932140455
1.071350885242786
1.0775655076009982
1.0816435110025078
1.0842591278633558
1.0843723626645327
1.0824113280123284
1.0779271577233025
1.0715872988156407
1.0621957756316784
1.0508565718325482
1.0368478860463277
0.7532808432513873
0.8939790459189321
0.9404571978436476
0.9651323807946756
0.9809705639465841
0.9927317352680178
1.0026769603314563
1.0123023871175056
1.0239629267616346
1.0368166442951898
1.049331565632644
1.0610989216638
1.0712043074792168
1.0785055720706918
1.08328330553692
1.0867164034922503
1.0879801372925553
1.0866734405720808
1.0837731112377988
1.0782580655718825
1.071156244979276
1.0614690464208723
1.0490816266845693
1.0347029322364205
0.8301825564970056
0.9077857758945678
0.9433726258513747
0.966247477721445
0.981128121774431
0.9927991091108622
1.002408060406038
1.014673687479741
1.028362133763034
1.042643880714088
1.056046771252579
1.0676617323711308
1.0775944581272987
1.0845003789055752
1.088784420389703
1.091186054417247
1.0909955275438923
1.0885667036983826
1.0844754517266708
1.0782332222241295
1.0705741342928838
1.0605003106088395
1.0475231542919925
1.033262143194441
0.07183543477823473
0.1438368259802264
0.2253148269971215
0.2752225393097714
0.3446144702276822
0.452499325368572
0.10246067509126325
0.17517204694140873
0.24879711110014138
0.29299417865200517
0.3540580877639463
0.4225255217694396
0.11679810350021597
0.1861673782194498
0.2528464341214249
0.2954363409402043
0.35812973255871283
0.4299873419899416
0.12933312836040559
0.1942462899221004
0.2536084607907754
0.2956333553175879
0.359823727107957
0.43745449118144347
0.1424115102890944
0.20068442408435125
0.25304572254950397
0.295163982760406
0.3600395490313155
0.43944810963385195
0.15504024001505654
0.20549177572175883
0.2523739551354094
0.29438595646282567
0.35914878517382154
0.43769682040920754
0.16673623658756334
0.20881276306302413
0.2509381739073612
0.29320934216515016
0.3569942705438543
0.4333487153669959
0.176328692939361
0.21163391041260596
0.2491908480046399
0.29163107608785294
0.35412321601231816
0.42749473627675916
0.18408787047052105
0.21369398825502198
0.24846934709449078
0.2902757682740083
0.3511869028641422
0.42144565863744654
0.19017256250329895
0.21519429292219738
0.2483887202432582
0.2898153298054043
0.3491517667917996
0.4172107782092664
0.19448169496402806
0.2163822152478344
0.24888760438896482
0.2900256421584211
0.3486372958245649
0.4156948526673856
0.19662666603385173
0.21730408026773496
0.25017677137320743
0.2913421158479598
0.35000912251526195
0.4160494241653564
0.19674627287622548
0.21796398848700554
0.2521292213983116
0.2946633156092141
0.3534448148784454
0.4182538015144396
0.1948266905050826
0.21829275589692995
0.2545312876565658
0.299030196878857
0.35833780961155165
0.4229209877324747
0.19082521702723423
0.218093846678439
0.25695420821333953
0.30350823035693913
0.3639046570205356
0.4288520005933294
0.18500590670425626
0.21726554997077613
0.2589778191620821
0.307665670350632
0.36932997087581576
0.4352513204463511
0.17763714532510014
0.21567814269160715
0.26031022252094116
0.3109275141902761
0.37408923984559544
0.44144217786836876
0.16824773092940493
0.21289748758434995
0.26172046596347875
0.3128343955172856
0.3778892757987316
0.44692791903141027
0.15678819975538177
0.20863023540236517
0.26188551606465094
0.3131518990134788
0.3801506532741015
0.4511543000059851
0.1432572270879119
0.20210923408411074
0.2609820864209656
0.31248126835527074
0.3803427829446803
0.45294596342014015
0.1274340361935009
0.19256107951378337
0.2584672248631405
0.30998877247530193
0.37865782464508585
0.45163431607380283
0.11194435902155918
0.1804631322542011
0.25321646762169625
0.305845191012075
0.3751958157937332
0.4458603296168566
0.09507957167311884
0.1652763670642553
0.24405360039881877
0.2976149969127148
0.3712934059118811
0.4371568208964099
0.06360939186127187
0.13098368024405047
0.2163513909681944
0.270855036990043
0.36223301757142884
0.43751041773983207
0.8158599592843775
0.8988895756255066
0.9380317488554109
0.9627001497451942
0.9781689016806873
0.9909262158686708
1.0032759633976853
1.0166571411079919
1.0328671779864598
1.0492774530878373
1.0636444077839786
1.0752837641060522
1.0837061822361447
1.0899972761300298
1.0935545710315058
1.0944324674350308
1.093061311455759
1.0894946831852597
1.0846879434533248
1.0777784745310601
1.069439044559256
1.0591559022982622
1.0460371349704407
1.0314081951044796
0.7184081315625858
0.863536022314971
0.9210590821198558
0.9524931059534981
0.9719749823031736
0.9870656378047818
1.0022287200429807
1.0205634719435281
1.038648437478631
1.0555925886930424
1.070874269498707
1.0816500138549683
1.0899275551439829
1.0947286976725614
1.096597166772343
1.0963205868691128
1.093938078079972
1.089535639696168
1.0836335103561934
1.0766787004239422
1.06781817867972
1.0570351878422257
1.0440910388048852
1.0293675718011566
0.6544478683800417
0.8152066221892695
0.8900431070577838
0.9322919227814678
0.9593565579413159
0.9791370428199109
1.000609455681016
1.0227194527789418
1.043532914637861
1.0617232817793267
1.076344619216225
1.0867986866404233
1.0936656353692753
1.0971846299334262
1.0980018420660091
1.0966516899542764
1.093283222537987
1.088441744355949
1.0821892076717516
1.075028623931805
1.0659989335765176
1.0550382101902123
1.0418750413652915
1.0274629723804414
0.6142461863705456
0.7665467469436287
0.8513583753231413
0.9038942883114123
0.9392211432995452
0.9682798259405014
0.9953873142605568
1.0220710749180748
1.046020497725231
1.0656566993209953
1.0798699669164475
1.0895312115431766
1.0950994218347725
1.0973563532971404
1.0972773911995963
1.0948862527276677
1.0910836450185424
1.0861131182133825
1.0798433013808537
1.072095723234428
1.0625678538904535
1.052173913591319
1.0387233281334953
1.0243116096477072
0.5861924808964675
0.7238990148305058
0.8130955560831645
0.8729433424913015
0.9165018943709312
0.9529161510636314
0.9881203273157569
1.0192341487779457
1.0453127087861223
1.0654932831078687
1.0797000581790135
1.088253117215176
1.092701813435664
1.0941520450926028
1.0933165990457994
1.0907364274895262
1.0866656011749674
1.0815377661415104
1.0752841689458923
1.0675985444167342
1.058780111289841
1.0482345862738978
1.0348318580132239
1.021065016983114
0.5636562620688408
0.6873779044651064
0.7781522993072706
0.8439150709156114
0.8939248494417671
0.938711379603021
0.9794203088468653
1.0145782969115869
1.042433421870359
1.06281529857428
1.0758680477737774
1.0834955145991862
1.0871582695134727
1.0883198112159722
1.0872868002373537
1.084803956252503
1.0810906622184526
1.0763515188691735
1.070166952813971
1.0627574008973608
1.054282125076894
1.044499324142901
1.0313096446224925
1.0178942926383596
0.5446591534931383
0.6582551517825403
0.747871465243008
0.8181496235948043
0.8751086584915166
0.9266300212469025
0.9724528900594491
1.0102407088078185
1.038463672241399
1.0574235317732177
1.069364468337416
1.0763697296423769
1.0799516997167244
1.080737197068994
1.0799937846721481
1.0779561516115412
1.0745131485333543
1.0697514615623358
1.0640257885251545
1.0574162105992375
1.0494695403054193
1.039633795696073
1.0272343439743177
1.0145541351960021
0.5282722222522518
0.6345977471934049
0.7235126461164533
0.7970913966565794
0.8604002478023816
0.9189826679174348
0.9680628795747228
1.006822270796489
1.0340342185692957
1.0513321376178595
1.0617721233260706
1.0683086364395322
1.0713626817086617
1.0726521421413038
1.0720440334999715
1.070305142445577
1.0672654176417498
1.0634952278985352
1.058348811276679
1.052268944280657
1.0448236055286704
1.0361555664511874
1.024127837187571
1.0117516412801462
0.5145733548545107
0.6155960089143742
0.7051667146672498
0.781549553922843
0.8519802170656672
0.9155368143447075
0.9665973523426924
1.0043096035684471
1.0289112810815084
1.044590807790138
1.054292609743467
1.060261730720684
1.063311758926065
1.0646725194608548
1.0648617128664568
1.0636590568152582
1.0615624590256691
1.0579975915856925
1.0535055428185103
1.0476795776290801
1.0411769609404846
1.0326412600609927
1.02156956198655
1.0100003082662734
0.5056571970361028
0.6035772098689769
0.6931329419987413
0.7727922172072037
0.850070389322869
0.9169811477007738
0.967825801238349
1.0025825131597699
1.0245510375676004
1.0387530895476143
1.047976668952876
1.053630774408459
1.0569475876693863
1.0583819656846176
1.058993480136257
1.0581126719058018
1.0560385552328133
1.0530338633190295
1.0493398812376444
1.0443868668769871
1.0381372531102477
1.030913860298535
1.0205027294631752
1.0096636744366179
0.5015002852553236
0.5984783927519208
0.6879589675210414
0.7734252037058997
0.8549530946175434
0.9220942968233886
0.9697124193744673
1.001071152574048
1.0209164270544444
1.0339748666992836
1.0423960146192106
1.0480034734066894
1.05173546870631
1.0536469400850101
1.0539224561010432
1.0538748529262691
1.052445224175199
1.0501167263666507
1.0470064233446301
1.042707895953429
1.0375018687298563
1.0311076077604908
1.021683714118986
1.0113493911728313
0.5002653469319874
0.5979241620180593
0.6902016609069885
0.7826864493908311
0.8659824769500074
0.9297147631003507
0.9727280024259802
1.0003409550957518
1.018482709702221
1.030587995793732
1.0387922995382963
1.0444490149743564
1.0482062702568606
1.0503951211029114
1.0518185760013896
1.051456701645709
1.0503162190845807
1.0485789341810883
1.0460665772886037
1.0429821716703749
1.0386096723571558
1.032981204918525
1.0242291812739617
1.0142967217272156
0.5012203336200437
0.6007116237551032
0.6983173151227254
0.7974802382229863
0.8796347409915699
0.9385498617332451
0.9763814591660106
1.0005463720383219
1.0171561168092922
1.0293062371705248
1.0372006520761943
1.0428745157309223
1.0466816945212387
1.0492950353709476
1.0508079524568517
1.0512368999069803
1.0502158216641992
1.0486791078902915
1.0472797064637362
1.045422562492749
1.0417573484469522
1.036663567090218
1.0282912805360434
1.0188209300336237
0.5070296462207113
0.6073334454670816
0.7128477879071401
0.8157053675318564
0.8943363553385955
0.9462849298281795
0.9794916971725502
1.0018954686878363
1.0174678352541842
1.0283540674793152
1.0365284429938173
1.0425352911036057
1.0471630600139858
1.049950831823103
1.0512250588217869
1.0517133845918432
1.052204000629965
1.0526040749977326
1.051584952738958
1.049881738119948
1.046730533065539
1.041723667320953
1.0332260178440587
1.0233731214672883
0.5156046437669378
0.619562006426922
0.7331942811151982
0.8358249472753893
0.9076655271438654
0.9527338987406783
0.9824325894574865
1.0026395892610085
1.017412228103453
1.0287914023383602
1.0375248428706156
1.043416457499162
1.0478606442092528
1.0513733589096041
1.053783132304256
1.0557479282532498
1.0570801680943374
1.0574423940015303
1.057189594281751
1.0558204254086057
1.0528147489666044
1.0475967071631445
1.0390027755957527
1.0287769864637701
0.5257656342243803
0.6383687217946774
0.759806381928971
0.8573528918157329
0.918764129138458
0.9584398785490228
0.9844283997542073
1.0036402872853025
1.018142596426407
1.0292144851200444
1.0377607784444123
1.0452123154996835
1.050701454108631
1.0544786929281427
1.057702627267527
1.0602587009240751
1.0627813060640454
1.0642196328953606
1.0639157426016588
1.062445125305641
1.0590050473834909
1.0535908516906467
1.044665981267701
1.0338406084311746
0.5371687556858278
0.6642954431568607
0.7914477018155379
0.8774776805731964
0.9295729353099695
0.9628209691782376
0.9866448165480948
1.0047640799201707
1.0187791779889546
1.0306545626125065
1.039886122929398
1.046977910973797
1.0530182953791887
1.058309358588481
1.0634898932975407
1.0667728319477023
1.0692131851933073
1.0707398530198886
1.0709000349064641
1.0691047792246566
1.0655980849529882
1.059263043079514
1.049653776974017
1.0384421801115444
0.550774963212379
0.6974166199390031
0.8232661790828085
0.8967259166490367
0.9401290336742806
0.9681389521031991
0.9887363043504053
1.0063871913900775
1.0202371790967861
1.031561679786044
1.0416797586502058
1.0497116304389582
1.0570720654345078
1.0634602085378122
1.0690607128354215
1.073475591397427
1.076808324138242
1.0779785918014133
1.0775971702375706
1.0758509282741775
1.0710869469505588
1.0644966202330082
1.054187195641343
1.0420920039144037
0.5684148364660672
0.7374770392343536
0.85314696589551
0.914403917092469
0.9494202763590593
0.9738642751368614
0.9920421910090599
1.0078346311166093
1.0217169069948242
1.033603267650262
1.043950180602953
1.0532511787893355
1.062184961084846
1.069670838699671
1.0752565961724636
1.0792368325701582
1.0832231927672518
1.0843242982134091
1.083827581514814
1.0812276492525374
1.0761881123040529
1.068670765617893
1.0575186853222773
1.044368682421812
0.5919940688075755
0.7817298711416466
0.8804949284686078
0.9293758824057107
0.9587091869082184
0.9796289624082791
0.9967726705789233
1.0114434975995181
1.0241309513091241
1.0364291101432155
1.0474145369071044
1.0579007813125876
1.0667828020471344
1.075318179467264
1.0814392280055998
1.0860428781804896
1.0885815344462386
1.0898046499519767
1.0885260108934942
1.0854860170314018
1.0796376445828302
1.0712734074945691
1.0596483478779202
1.046077048741305
0.6265659320120038
0.8251622133607738
0.9040072135532783
0.942220182629054
0.9673492727572026
0.9860174722129853
1.0018579605294846
1.0158859357645749
1.028276359401395
1.0389905700096
1.051723375319572
1.0630316147866372
1.0727766843800661
1.080234309253712
1.0865085501194574
1.0913089690813405
1.093671060735135
1.093873622814726
1.092155172394087
1.087916751258864
1.0815022153721277
1.0725389536051497
1.0605346311228303
1.0460112154082764
0.6797388409575642
0.8625114693754202
0.9226010046858582
0.9538245478094621
0.9751926605787741
0.9925341306348442
1.0072949062222691
1.0208550550648745
1.0336594750033992
1.045818353990528
1.05715376939068
1.068047587159645
1.0783370114186912
1.086226171854334
1.0917721725407368
1.0957561531247149
1.0971491605611083
1.0966426196260886
1.0938329707213108
1.0890367021388776
1.0819695505122087
1.072505070718421
1.0596119151584225
1.0451399212101558
0.7517961143459391
0.8902606645439446
0.9355036112594847
0.96257823404999
0.9821011465571247
0.9989055636058508
1.0136620590913807
1.0264364586970474
1.0389479879372703
1.0521910871495792
1.06457103710673
1.074670929494916
1.0834039577669337
1.091061672337772
1.096307106168725
1.0989119568742072
1.0994917173350356
1.0981679437705967
1.0944302071603342
1.0888436075476002
1.0811270200028582
1.0711365029171778
1.05818823420674
1.0431364277049213
0.8303358695916103
0.9052534111945464
0.9425452646594669
0.9683360642038199
0.9884877884148828
1.0043549669959917
1.0192718448686402
1.032161743408602
1.0458389933796446
1.0593074751698908
1.071849127037094
1.0822914127166177
1.0896903543641063
1.0953725756484431
1.0993022212035717
1.1010205211907453
1.100650870829001
1.0980015167271673
1.0936927300584656
1.0872977987255998
1.0791455803023255
1.0687829222761693
1.0554888953752952
1.039652584386149
0.07613325180556287
0.15461125531078299
0.23906114381702193
0.28731756564427924
0.35624097338944416
0.45483203032029856
0.10806285889262275
0.18668394565211896
0.2611691694594559
0.30441640197359615
0.36427138686504484
0.42769147512730915
0.1238638924322779
0.19727025722681912
0.2636767552652622
0.3051510362997601
0.3654538045835542
0.4344440631341924
0.1377707886141719
0.2045336343222911
0.2633144327443093
0.3033488193476538
0.36631259686049467
0.44169768159371886
0.15183008111523152
0.2105247121674755
0.26188645147952433
0.301724529843235
0.3657558882877338
0.44442990910037344
0.16518471377246635
0.21518784138692143
0.25942917624582273
0.2996503092922805
0.36371824443608275
0.44266837018845945
0.17711415187281682
0.21819151551377203
0.25722458073124055
0.29740331667637465
0.36050698974248585
0.4378821369432931
0.18701919175040305
0.22010226213956605
0.2552445241474227
0.29526970755433984
0.3567863852742594
0.4316544803792029
0.19521696085211046
0.22134270709204013
0.253168043225864
0.2930232552325925
0.35307417356866777
0.4247984882481954
0.20167454734328769
0.2223994911017917
0.25134595444023733
0.291221474662544
0.34976843146894804
0.4196430950181682
0.20622111306896318
0.22328434746583634
0.2515903181706137
0.290710656297113
0.3485088744052383
0.4179155370670146
0.20858491092841272
0.2242215990698043
0.2528581321055618
0.29195618787004496
0.34906051961475754
0.41789521880845604
0.20892366568497134
0.2249461696953406
0.2549252962895846
0.2952170809594275
0.35253346893675935
0.4212085932895336
0.20693350233400978
0.22529254981584712
0.25732410987085524
0.29982350023840654
0.35866302364962577
0.42733530439156936
0.20262729922778988
0.22519256722189693
0.2599852123868608
0.3047317571033802
0.3650262088910256
0.4346748214120863
0.19635517284889878
0.22471257788494312
0.26284577414095217
0.30929036989122105
0.37138864217481743
0.4422511297543036
0.18829988252964494
0.2236523448686044
0.26552625911044353
0.31304341421739834
0.3769775160619103
0.4494187484301952
0.17830039842332276
0.22158155160008638
0.26732727636511583
0.3161546376639348
0.38144658701752865
0.4553149314211694
0.1662616565784291
0.21770920883701322
0.26911512924115755
0.3180026373549941
0.3843589354171515
0.45957803227118327
0.15232984203672353
0.21174093402863073
0.2694827728989557
0.3181805595940955
0.38551409779761114
0.46094370579435984
0.13610927118530441
0.2032339315200567
0.2683996606603183
0.3175743697239667
0.3843971597666266
0.4587609216053484
0.12002631455600732
0.19168079963668042
0.26499933525720787
0.31546452644956546
0.38154012591751996
0.45174229092116996
0.10243330610603579
0.17640843609156412
0.2566031777616793
0.30923351755725503
0.3788517929803693
0.44119345032897506
0.06993996009242466
0.14038933440398316
0.22921562303967913
0.2845533443600949
0.3711388928382473
0.44088500068762254
0.8196850197433806
0.8996784348193255
0.9416310197964662
0.9698446026684149
0.9923636446594786
1.0092605557946972
1.0241314018678667
1.0397124421449104
1.0542989572067991
1.0672719567681295
1.0782524243433655
1.088608197140531
1.0956825558055663
1.099964036217514
1.102444097052567
1.1024533411957556
1.1008462540381052
1.0971113705005446
1.0921871299668782
1.0849144579817174
1.0763405985857681
1.0655493579392463
1.0520875097788907
1.03627705428477
0.7241947911676798
0.8679817782897601
0.9289494838126048
0.9651870877772383
0.9919678699028806
1.0122623147947356
1.028608972087324
1.045013350473149
1.061319879091449
1.0751182356743778
1.086075662402649
1.094050934006702
1.100112697049224
1.1034188059576264
1.1042595786915577
1.1031796732079044
1.1004730495996162
1.0957716887243298
1.0897719237139396
1.0822262113005678
1.073011123902147
1.06178351577182
1.0479721648785476
1.0320019333407593
0.659831683314072
0.8220543940454595
0.9009691614461975
0.9509807343150082
0.9845475620438381
1.0100931609241572
1.0304065754052372
1.0496766480205482
1.0664268293089902
1.0809604411161322
1.0917633578981671
1.0988585047496808
1.102915321510989
1.1048702633783771
1.1044111622073454
1.1019704608663636
1.0982135561433328
1.0929203620984087
1.086350827407291
1.0785446262483247
1.0688001063283916
1.0572358266674888
1.0427883299521372
1.0267549168587913
0.6202017197674556
0.7742772626138802
0.8654460566965833
0.9269873552215367
0.9690909713563497
1.0010954653958446
1.0279210760538922
1.0504914238446952
1.0687137422788426
1.0830135158474803
1.0938832095469933
1.1000969005918282
1.1031168407895133
1.1037180991321758
1.102286281656475
1.0991646602599752
1.0947634013701886
1.089017371302375
1.081851888140889
1.073060401796983
1.0633280215095142
1.0516789534197204
1.037158969912766
1.0214371608776853
0.5926959717680221
0.7333224270399503
0.8303203064828261
0.8989462175902562
0.9484168120127101
0.9857967931007512
1.0181745142652563
1.045287086065412
1.0662765281597508
1.08112174458625
1.091324925360071
1.0968106331811216
1.0995487699013549
1.0996669070576846
1.097702033684428
1.0944162390951697
1.0893266283611893
1.0835024576655428
1.07607117879058
1.0673904190461356
1.0574654480406587
1.0461861345460133
1.0314450421817458
1.0160135830385473
0.5709721895203443
0.69981391735218
0.7981459223368623
0.8714704315576554
0.9260338317507084
0.9695925001478511
1.006645857524883
1.0366068984930004
1.0592330709094264
1.0751333239592484
1.085138705349166
1.0906856450130566
1.0923643952231206
1.092411917749257
1.0905962228230024
1.087272428474722
1.0829082229253515
1.0770424280696598
1.0696921113514413
1.0612006718872034
1.051526927910021
1.0403290684577438
1.0260290211564262
1.011122718928729
0.5522481217223021
0.6730053527311076
0.7707949749586861
0.8463820490041556
0.9052432472183986
0.9546043030090717
0.9957484360274105
1.0275803336655178
1.0510930493935449
1.066838402833598
1.0764409534027144
1.082103467720419
1.084502829968081
1.0846423777187308
1.0832065337547288
1.0803699394707935
1.0756391620078862
1.0701921277887496
1.0634184770086585
1.0555718762442443
1.0459471738331863
1.0352576035804761
1.021974599213091
1.0076116140854046
0.536261210440434
0.6512125601515436
0.7480282299018614
0.8248362556699319
0.8873111009180851
0.9419753354491514
0.9862740041034195
1.019705597064747
1.043212432403276
1.058265103505732
1.0678285185162417
1.0732137314020218
1.075954960343117
1.0762980746723123
1.0753097097509103
1.0723431992604398
1.0686802360253638
1.0635826331715437
1.0573026942703763
1.0496783320814196
1.0409558013597497
1.030766733989058
1.0177137840884147
1.0046291406309866
0.5230053131158124
0.6345360974365347
0.7307996665377936
0.8078139702773177
0.8755859373988644
0.9338638460932338
0.9798114660610598
1.0130512060200478
1.0352464400598158
1.049511934804503
1.0588762039580386
1.064237538130655
1.0669144603961707
1.0675613176317515
1.0668518913127296
1.064448615769249
1.061282534812811
1.0568343739393709
1.0512171067149063
1.0439614686004537
1.036276082089394
1.0270478485414298
1.0149833408792677
1.003272124641726
0.5152723445920595
0.6242363574998987
0.719389242105979
0.79916832715777
0.8706884130123397
0.930276548399908
0.9754848299966399
1.0072404349345465
1.027879602444513
1.0414720461178573
1.0501803277284234
1.0556289058732078
1.05850085195039
1.0593198535139616
1.059029543463425
1.0574780681039557
1.0546837060666798
1.0503388717767965
1.04559872436665
1.0399682608370646
1.0331819549093828
1.025316377722849
1.0146794087138904
1.004255233995763
0.5119111907106954
0.6204534186197287
0.7143550337544401
0.7977862436727333
0.8716790179521215
0.9308833053268517
0.9741369495484038
1.0028607941472936
1.0218579006684647
1.0347535146169442
1.0428665402449986
1.0480475033706207
1.0507722865247784
1.0524272251298952
1.0524481369645553
1.0509212701013992
1.0483552339837099
1.0449412567722232
1.0410205309630365
1.0364550418674934
1.0313175170639746
1.025055027186811
1.0163749007318514
1.0070097897476755
0.5121621461516995
0.6210148941294179
0.7149042788843397
0.802545778393321
0.8780019415991067
0.9354522314435126
0.9743976298957183
1.0000782301723767
1.0169870554162472
1.0287986353372798
1.0365317840512982
1.04140112023967
1.0445561323748573
1.0458656896501874
1.046210503313406
1.045030632526052
1.0428002316871887
1.0399557697345387
1.0374811496611425
1.0351803482186521
1.0321380480308684
1.0276508081569646
1.020304033101893
1.0120119056582493
0.5161017861870378
0.624984002985929
0.7234008820730604
0.8145442686340078
0.8884194445382878
0.9408912378602654
0.9757878625528971
0.9985398044729256
1.0141231499360586
1.0243314329321134
1.031582542748941
1.036639857209006
1.039790272081217
1.0412116138809788
1.0410731982356816
1.0400524332269947
1.039149648841662
1.0382479949277126
1.0378721516619613
1.0372805216814978
1.0354512344036932
1.0321512436764297
1.0256853141975002
1.0180936695030076
0.522715754318881
0.6323917556901593
0.7364516294698955
0.8300693578437995
0.9007967225930689
0.9481034998520805
0.9782545912428302
0.998172295034485
1.011873075313388
1.0222820172435934
1.0292865753475242
1.03352553984642
1.0358785248397984
1.037730578056308
1.038797201200528
1.0390755238693807
1.039371327099292
1.0394694502159691
1.0402660044589127
1.041107191159312
1.0406167618032414
1.038178518288224
1.0321467190219746
1.0249474300300419
0.532325872107796
0.6444721565221229
0.7549300133759483
0.8488051594364225
0.9136114456423496
0.9552507959950408
0.9803623363166014
0.9994151735649734
1.0122392854133428
1.020604258875275
1.0265096347984048
1.0314742516357094
1.0348284183729537
1.0365169560239211
1.037090305327572
1.0385563789825805
1.041477544675099
1.0442059477790377
1.0463031948343966
1.0472614957927857
1.0468576903110485
1.0446970693272417
1.0388371442958333
1.031491183869487
0.5440607784072478
0.6636654659666686
0.7790304784659703
0.8684944142807117
0.9265161607924074
0.9614665906620855
0.9851158974035826
1.0004972555338894
1.011637275778718
1.0206568310374393
1.0266596440995543
1.0300471707882757
1.0324085212074432
1.0349903999569405
1.0388143452267968
1.0430089824675162
1.0461573072183703
1.049274731747088
1.0524206539027752
1.0540167361140567
1.0536446789309406
1.0513951696003943
1.0450675212649478
1.0369391500765104
0.5570368898333427
0.6876367077949783
0.8071589796841488
0.8895283971181546
0.9385139812637736
0.9684067042309499
0.9879332902877269
1.00285851114206
1.0130550132257252
1.0199755285515113
1.0254133061462007
1.0300324120170867
1.0339738701067493
1.0380309649767647
1.0424642951040066
1.047948048899789
1.0529792719010518
1.0570503413044356
1.0596233548744818
1.061149916970176
1.0603668734275133
1.0572361494248628
1.0501976732010525
1.0411829585329
0.571265498584928
0.7168904384931758
0.8375836764496838
0.9085528219501989
0.9483450296222964
0.9745456898885343
0.9918231419146897
1.003795366396575
1.0136175051521379
1.0207633794779365
1.0262957520330926
1.030577481726681
1.0363900691836223
1.0429028223616532
1.049058618092704
1.0544561840904203
1.0590562706145257
1.063886288168947
1.0672004727748132
1.068065121316038
1.066490225908082
1.0619823082542919
1.0537184074789148
1.04320176322939
0.5883515529795974
0.753712114666215
0.865399423577011
0.9240995577623824
0.9582767781956615
0.9795066119526364
0.9951445000947603
1.0060318714050651
1.0140941104044792
1.0208952674229252
1.0266276008228745
1.03284055349427
1.0403581394793122
1.047947366619898
1.0562255914854697
1.0627176073372302
1.0678140549286956
1.0716286588819386
1.0735843393331437
1.0737984930066171
1.0712132265944037
1.0652339565155167
1.0558746947946758
1.0444060143655256
0.6105340331793883
0.7943056874944167
0.8904663399210522
0.9385004561402983
0.9661078087929913
0.9844389699412464
0.9970865247814809
1.007468712061271
1.0155980071694775
1.0215512345455071
1.0291976979666648
1.0385610564720082
1.0478695769949058
1.0559361814964214
1.0623685875954367
1.0699993319422403
1.0757073603384666
1.0790991752360768
1.0801523553233114
1.0786707070587984
1.074788271784393
1.0672354268303834
1.0568874119902214
1.0439528539767604
0.6415277605262253
0.8340390468385693
0.9119871470713179
0.9505721744823606
0.9727774262228357
0.9882358160493883
0.9997546389607321
1.0081999094254996
1.0166294643981288
1.0252367171799646
1.0344297663477533
1.0442722271240572
1.0549570125542294
1.0644702042181606
1.0725024812880073
1.0782561359877951
1.0824366237799783
1.0852379536489987
1.0849530927874222
1.0823904834611577
1.0764715694295117
1.0682127276275202
1.0568672515362947
1.04302099325369
0.6895406754902867
0.8685060964828747
0.9293954415220388
0.9595887568813286
0.9781876760483756
0.9907614709523546
1.0015857294124133
1.010295658996492
1.0177042222100237
1.0278415240437393
1.0406888460716126
1.0526788951791366
1.0630217670786748
1.07231892711672
1.0808466924349125
1.0864878810644196
1.0898321146347218
1.0905798965470832
1.088704879496079
1.0843851278376564
1.0777199713270187
1.0685346274615186
1.0564294028975245
1.0416228558695548
0.7562902520141049
0.8946095273400776
0.9407359387833111
0.965537155823651
0.9818561739480058
0.9933932698532235
1.0025758092263328
1.0114779011248825
1.0216724405710311
1.0345096158648441
1.0480657423033513
1.0614182952528688
1.0728412364214026
1.0816684849274114
1.0881728024387862
1.0930528207575065
1.0950653257284693
1.0941292154371132
1.0909610735583526
1.0854622378528471
1.078110780389701
1.067820853550977
1.054933161146713
1.0401265322463207
0.8292087292246972
0.9088171688709192
0.9452301903019816
0.9682245483004093
0.9833479312521982
0.9948466861852422
1.0034708610052692
1.0142402956196688
1.0278573153684751
1.0426234414023714
1.057042399839509
1.0705179880329851
1.0822350807082026
1.0908142744410987
1.0963843937615156
1.0988153263197962
1.0992051507081908
1.096537337576529
1.0924909045629947
1.0859115588026593
1.0777534256907697
1.0671965676305364
1.0540173127079202
1.0388690098623312
0.07060695299917269
0.1404265448766926
0.22291505619038096
0.27059967744133545
0.34184928186033664
0.450063137179032
0.09979039521192799
0.17243295990240945
0.24639005720205354
0.2895921961902318
0.35125850590652025
0.4209297731904132
0.11369085036034103
0.18370703524000453
0.2505128215910126
0.29273759685773454
0.35573146325886695
0.42788340348743736
0.1261723789131548
0.1919523969456913
0.25139825132567084
0.29324630005254443
0.3575081051666221
0.43522651541011353
0.13955580162955764
0.19845557649899334
0.250949032596646
0.2929040960819012
0.35769189297480103
0.43730901071318634
0.15247840913790475
0.20344661089039762
0.2502745906942467
0.2921390391296033
0.3567065477776966
0.43517874166662096
0.16430344363046978
0.2067826102195468
0.24869268370686853
0.29077359201216835
0.35448511246132874
0.4305905546706135
0.17367140365814834
0.20957404233972488
0.2467819286922062
0.28894411555101485
0.35127002667893487
0.4245949664261253
0.18145186051283924
0.21145396479044234
0.2456863359605893
0.28715606258140597
0.3479335394725308
0.41807310768016165
0.1877836352572455
0.21289709272127075
0.24537863348648092
0.2863268197487518
0.34534306786642854
0.41399343887118395
0.1922502321122246
0.21400830850517652
0.24577340811718457
0.28640887282085303
0.3452084750123091
0.41302743753714055
0.19472353841186416
0.21502144708168944
0.2470212438768735
0.2879161127579584
0.34701188771039826
0.413684316261817
0.19491817315279317
0.21585850115584804
0.2491254401869346
0.2914439302409005
0.3507281392743161
0.41647935381685197
0.19302299617659974
0.21629357767523025
0.2516772574478246
0.29599187515098024
0.3561208361630753
0.4216557335696247
0.18905534959517767
0.2163368755756736
0.2542659248856212
0.3006675810725439
0.36201422311897835
0.42814208270244397
0.18313907557968656
0.21576140512513886
0.2564811533125792
0.3050381060610045
0.36773893500308086
0.43512096796530836
0.1757030705448557
0.21440018113859566
0.25813548515845497
0.30860605112263234
0.3728728908539322
0.4420746593356477
0.16639154966008693
0.211859606910345
0.25992477291426386
0.3109413916010778
0.37701125147306686
0.448229439084887
0.1548554021128369
0.2079400908323287
0.26049010192113475
0.31142332615679863
0.3795442849612921
0.4527200143205445
0.1412342613954383
0.2015723603563983
0.2602587536734256
0.31124975442253444
0.37988147088486685
0.4549580588789529
0.12540621477466787
0.19236083027722725
0.25834832814840625
0.30939009754743685
0.37829198144785314
0.4535270542059963
0.11015185229786956
0.1805303281292561
0.2539437985627598
0.30602887226451914
0.37527761176852714
0.44722941689158463
0.09379053645256297
0.1653398714981884
0.2456155810904961
0.2988757734824726
0.3720008050593834
0.43735401823907977
0.06328664912502081
0.13046921659932798
0.2189896953913893
0.2738028035887279
0.36478373965588395
0.4376893869583801
0.8165030400733518
0.900866860130605
0.940931931078974
0.9664689853263037
0.9815217835430072
0.994547576606232
1.0052713154763064
1.0167644455391553
1.0339697054740737
1.0520604191512846
1.0678428525224493
1.080848702429675
1.0908191794503246
1.0982877940387579
1.1024015370944955
1.1035175574090677
1.1018377598177505
1.0982937876267984
1.092817615939851
1.0853986583588628
1.076575057044601
1.0657045782856465
1.0519994199376437
1.036390393690953
0.719975256616962
0.8651518264876729
0.9247730543402936
0.957445374296566
0.9768844076111536
0.991141891642577
1.0055728005542934
1.0240505474705393
1.042710402757999
1.0610586994733786
1.0780642126282625
1.0913079295632113
1.0996487685534564
1.1046317753021497
1.106700366516101
1.1057513305525704
1.1029467726653885
1.0982811335429177
1.0918429398617198
1.0842067520027348
1.074700930121474
1.0635413698544804
1.0490385305911933
1.0336083211021132
0.6540285159836272
0.8156321668974426
0.8919930220446973
0.9368560010585874
0.964726864234099
0.9845956960716822
1.0052949078195093
1.0285106193041953
1.0512339285548529
1.0709174425503523
1.0868109295134163
1.0985995353747418
1.1057866281678508
1.1087594427000191
1.1086838296386654
1.1064124586851989
1.1024725188318618
1.09685200758295
1.089767820804035
1.081548377559335
1.0716486613761385
1.060277096986055
1.045616810419519
1.030141501501022
0.6129381528107777
0.7656327748799938
0.8515323275426995
0.9060725315584538
0.943564093984909
0.9724804819579752
1.000449602105342
1.0301545097809337
1.056516571364001
1.0777846641315816
1.092842337828141
1.1026631256855373
1.1073225308344272
1.1087339341454077
1.1077396501470569
1.1044135504835386
1.0996198789613236
1.0933812228960995
1.0858684467956126
1.0769712903840842
1.0670893015832448
1.055358743110382
1.0410961812964588
1.0255785034885982
0.5840451997730148
0.721074614680152
0.811192177077355
0.8727173805132745
0.9178133078836697
0.9557624196968891
0.9939572196199605
1.0280817010500145
1.0568389242207776
1.0787928275356715
1.0932367102677762
1.100943615045089
1.1043791608156066
1.10475945185268
1.102659517248917
1.0988686017866043
1.0937309346871402
1.0872095606361907
1.0797571343824206
1.071091554256259
1.061011594859247
1.049449049899443
1.0352051430564415
1.0195257170854601
0.5612912516172164
0.683703768159041
0.7744780658528287
0.8409532314662526
0.8928668440431524
0.940051964605721
0.9849557415148029
1.0236421290655962
1.0539265056358702
1.0752052212626637
1.0882047555401528
1.0952707828084294
1.097872093416452
1.09788829878707
1.0955035095975876
1.0917803179197734
1.0866764131254152
1.0805160938475726
1.0731376511170378
1.0646354841120904
1.0548317252503236
1.0437177242388496
1.0297441872263613
1.015232783677838
0.5419041527357104
0.6538040165814938
0.7429674128557778
0.8131928878491768
0.8712225126882898
0.9269632298821437
0.9772232906957499
1.0185866986712644
1.0490782317683012
1.068429472560234
1.0799819016324093
1.0863373210365062
1.089011074366726
1.0887355195999293
1.0868347933484128
1.0834244254691179
1.078833057502775
1.0726026428602118
1.0656921489053994
1.0575721795067567
1.048269845356885
1.0375960597674618
1.0236430598810773
1.0098280629486744
0.5251815154344358
0.6298453437587964
0.7173913165306743
0.7907238676470797
0.8565155663638112
0.9189276069620473
0.972260169850684
1.01374209919065
1.0421807175993378
1.0600331505624594
1.0703065003958074
1.076194610605309
1.078601614779523
1.078553645245179
1.0770829512701383
1.074387057320678
1.0703072093466295
1.0648309631833424
1.0583508583944201
1.0512773025719273
1.04228836296988
1.0320522204599891
1.0194194616778318
1.0062829851595485
0.5111067580016063
0.6108298311972828
0.6987874290629248
0.7751693816206701
0.8482541794899989
0.9153692646265951
0.9696404728696403
1.00887757072334
1.0346480130884583
1.0508527209230227
1.0605535806525128
1.0660393635536318
1.0684976142224631
1.0691660146294104
1.0682055951347051
1.0657555435464283
1.0621381492106654
1.0577003985455653
1.0522927756039717
1.0451705043618966
1.037517131298201
1.0278555120890747
1.0163772822719437
1.0046696445776564
0.5026336478015173
0.5992177723043826
0.6873965571870679
0.7675158489687758
0.8466238452743867
0.9153974326378483
0.9685172210691859
1.0048562382220345
1.0276020647205681
1.0420996153264355
1.051322125144731
1.0566140482742912
1.0593419973947464
1.0601590048993028
1.0595517744947835
1.0574840942172279
1.0546456474838697
1.0507838197798005
1.0459932852665212
1.0401500307061786
1.0335091630485063
1.0258867698484304
1.0152406898745319
1.0050148245259354
0.4989983020702326
0.5945394957194107
0.6830541440425959
0.7690049195026796
0.8519296554278819
0.9200590634951393
0.9689736653226941
1.0007740607867088
1.0209144630333704
1.034122487384919
1.0423523042955896
1.047516291500351
1.0506796911361307
1.0518817380116394
1.0514479281799016
1.0501354907603382
1.0478002273845157
1.0444159888341293
1.0407726375509672
1.0367263044446133
1.0318279518153612
1.0259471464573928
1.0173505742753268
1.008120320850665
0.49796156328825103
0.5949661151174269
0.6870021349566042
0.7790517290342437
0.8622208104722603
0.9263354187915841
0.970050335940215
0.9977736585759222
1.0160581711260233
1.0275101589184794
1.0353420277399514
1.0401196399906725
1.0435215244396658
1.0446356039768383
1.044580922411898
1.043617551702869
1.0420721734760119
1.039621705174857
1.0378116504235757
1.0357414770754625
1.0330511122828745
1.028553947669649
1.0212705923150316
1.013257686150763
0.4996647672181089
0.5993262451580244
0.6968299476706057
0.7946179464521799
0.876649768442046
0.9351141744372387
0.9723586693055868
0.9958236146326541
1.0121306968782515
1.023480248334564
1.030645880534495
1.035015304437287
1.037814333400382
1.0396156040128004
1.0404907750905914
1.0397775692180111
1.0384502214054636
1.0375378917751228
1.0379438025357997
1.0377342319879486
1.0366189528735168
1.033092044736168
1.0271560215472697
1.0195817609210542
0.5061990143001588
0.6077793293974164
0.7134943050253721
0.815276531438556
0.8929320757913249
0.943383839889612
0.9750198364562832
0.9964701902426528
1.010820384820607
1.0199534877581076
1.026683726264016
1.031557431793373
1.035175652890548
1.0369378403059915
1.03701221855426
1.0366474267921986
1.0383933204322038
1.0406155980919727
1.0418919945397986
1.042826061622014
1.0420190653604604
1.039419695312969
1.0338082076906514
1.0264850287785978
0.5162791951608964
0.6221289972670081
0.7356400566143676
0.8381246774442079
0.9082792585988115
0.951399687882441
0.9793676751498195
0.9970765550478672
1.0093387030796885
1.0189594865290248
1.025541255182337
1.029395746967602
1.0317217567624137
1.0339449332928827
1.0365977672668334
1.0396689813972237
1.0423261028037956
1.0446983853783967
1.047021193776283
1.0486689704530605
1.0486248297623733
1.0465842764717401
1.0405520737056086
1.0330864124655845
0.5275886972604426
0.6422030079976921
0.7638571716588953
0.8617445847870789
0.922033107151774
0.9593012444658181
0.9819091190618674
0.9991976056202839
1.0106957551289562
1.0179651423881193
1.0237400811507391
1.0286537584770465
1.0323215638419405
1.0356549780194957
1.0381671610324166
1.0426272868315218
1.0475657756212153
1.0516013952634833
1.0544787862381464
1.0559367429570783
1.0554850955501665
1.053117752692065
1.0466796471820692
1.0384891231795317
0.5404884657905756
0.6690760677993353
0.7974951802407544
0.8841244471630498
0.9351277120919064
0.9661780600255541
0.9870995703825571
1.0004283731578312
1.0109043223438028
1.0191400695454154
1.024547444340927
1.0285435509228418
1.032389590697809
1.0379893301202474
1.044148735470869
1.049607284748989
1.0536442572463773
1.0579822883318717
1.0612015035354574
1.0630993198460246
1.0622094058372598
1.0591342329142592
1.051644011625656
1.0421583963865617
0.5553025440403973
0.7030475533027712
0.8302017263690639
0.9044893805892452
0.9470770885146783
0.9727961867221597
0.99031550787181
1.0035560224123932
1.012306100754602
1.0188823146310138
1.0244810596246465
1.0295502413124014
1.0362022335166425
1.0426607691175924
1.0497515888288584
1.0569074165877437
1.062247408122321
1.066344606568992
1.0688691035182227
1.0694947115916975
1.0681150832700885
1.0636377718367505
1.055075422876377
1.044590456512258
0.5736754950722542
0.7441142111237086
0.8612074321235006
0.9229666659010017
0.957011872748026
0.9790616764192225
0.994049205416234
1.0051245286402568
1.014014634034151
1.0203595995788224
1.0268217811347422
1.0342650776843223
1.0425273548711969
1.0507653602144174
1.0576343470635208
1.0630694833981162
1.0697634235391826
1.0740910870094837
1.0759528327233077
1.0757508410684364
1.072656063812848
1.066534734322006
1.05673448587965
1.0447717870316116
0.5978359731825789
0.7888456650431734
0.8896841941571405
0.938708854439086
0.9664170886417792
0.9844428886736589
0.9975269921514196
1.0070012979830862
1.0150061123606027
1.022812283983946
1.0304788347278417
1.0396142147015226
1.0489301195393577
1.0583095217505978
1.066562394616936
1.0727647978922963
1.077450223532014
1.0808439080317531
1.0818580632539103
1.08021672864242
1.0757189749664822
1.0682137733873407
1.0576734132792591
1.0441052873545524
0.6325706506355101
0.8330165308622764
0.9131182493937234
0.9513421342237199
0.9743775579768452
0.9888232606085497
1.000083925114804
1.0094598848947036
1.0168074475435698
1.0243262860339026
1.036123814053053
1.0475020280089822
1.0577460310299784
1.066096338805183
1.0742797138772926
1.081154916842605
1.0855118106283073
1.0872739238320779
1.0864590125263787
1.083340866818033
1.0773931585901484
1.0689054971465042
1.0572390364417303
1.0430791518546156
0.6859783594704616
0.870820015299827
0.9316760073290241
0.961849628956217
0.9800486264024045
0.9929279373056057
1.00247699455654
1.0111302044286683
1.0205018887456172
1.0315982618528667
1.0430616591648045
1.0554565601823565
1.0668862098560616
1.076537871619079
1.0831049336271792
1.0882616513362908
1.0915129783809314
1.091838428086401
1.0900110416943776
1.0854221027580344
1.0780413692727846
1.0688326984486456
1.0560827411721965
1.0412052803588643
0.7580614191570181
0.8985645260192279
0.9439500454713741
0.9691854000260711
0.9841864786553594
0.9958949031493836
1.0050372769430094
1.0138066245040318
1.0246996373963473
1.0385486199870544
1.0521932072708235
1.0645659168499737
1.075831214371609
1.0854905380024278
1.0919282086073345
1.0958649577926145
1.0970090912414985
1.0956361223638087
1.0918579750133206
1.086328773498263
1.0783924610633093
1.068162504198804
1.0549513963217878
1.039808703569463
0.8364099076096161
0.9132259290337936
0.9496795334547695
0.9724776301764216
0.986749242432921
0.9971818114020874
1.0070996525853015
1.0161773851993734
1.0307338709423184
1.0463994371663272
1.0622455874343426
1.0752046490948575
1.0855715591264916
1.0933552907089252
1.0988238150129936
1.101360825662193
1.1007163587299185
1.0980983258956039
1.0931164260324717
1.086360113418878
1.0776670095798002
1.0668549025229086
1.0530904864474178
1.0371470601581556
) 
; 
boundaryField
{
    rotor
    {
        type            movingWallVelocity;
        value           uniform 0;
    }
        freestream
    {
        type            freestreamVelocity;
        freestreamValue uniform (1 0 0);
        value           uniform 0;
    }
    frontAndBack
    {
        type            empty;
    }
}    
