/*--------------------------------*- C++ -*----------------------------------*\
  =========                 |
  \\      /  F ield         | OpenFOAM: The Open Source CFD Toolbox
   \\    /   O peration     | Website:  https://openfoam.org
    \\  /    A nd           | Version:  11
     \\/     M anipulation  |
\*---------------------------------------------------------------------------*/
FoamFile
{
    format      ascii;
    class       surfaceScalarField;
    location    "1.14";
    object      phi;
}
// * * * * * * * * * * * * * * * * * * * * * * * * * * * * * * * * * * * * * //

dimensions      [0 3 -1 0 0 0 0];

internalField   nonuniform List<scalar> 
5640
(
1.32581e-06
-1.32581e-06
2.82219e-06
-1.49638e-06
3.77532e-06
-9.53128e-07
4.65021e-06
-8.74888e-07
4.68985e-06
-3.96426e-08
2.52749e-06
2.16236e-06
1.66516e-06
-2.99097e-06
3.12363e-06
-2.95485e-06
4.14019e-06
-1.9697e-06
4.63119e-06
-1.36588e-06
3.98664e-06
6.04906e-07
5.01349e-06
1.50063e-06
1.68361e-06
-4.67459e-06
2.99717e-06
-4.2684e-06
3.90198e-06
-2.87451e-06
4.12042e-06
-1.58432e-06
3.24617e-06
1.47915e-06
7.39961e-06
8.60061e-07
1.5961e-06
-6.27068e-06
2.7514e-06
-5.42371e-06
3.50032e-06
-3.62342e-06
3.50225e-06
-1.58625e-06
2.52166e-06
2.45974e-06
9.59498e-06
3.26282e-07
1.45133e-06
-7.72201e-06
2.44048e-06
-6.41286e-06
3.02208e-06
-4.20503e-06
2.87779e-06
-1.44196e-06
1.85996e-06
3.47757e-06
1.14889e-05
-3.39175e-08
1.27655e-06
-8.99856e-06
2.09141e-06
-7.22771e-06
2.5206e-06
-4.63422e-06
2.2801e-06
-1.20145e-06
1.28053e-06
4.47714e-06
1.31202e-05
-3.50799e-07
1.07916e-06
-1.00777e-05
1.73863e-06
-7.88718e-06
2.02846e-06
-4.92405e-06
1.72889e-06
-9.01887e-07
8.08922e-07
5.3971e-06
1.44066e-05
-4.77504e-07
8.73686e-07
-1.09514e-05
1.38442e-06
-8.39791e-06
1.55758e-06
-5.09721e-06
1.23369e-06
-5.77992e-07
4.39655e-07
6.19113e-06
1.53472e-05
-5.0093e-07
6.62323e-07
-1.16137e-05
1.03345e-06
-8.76904e-06
1.1133e-06
-5.17706e-06
7.95867e-07
-2.6056e-07
1.53181e-07
6.83382e-06
1.59534e-05
-4.52983e-07
4.47628e-07
-1.20614e-05
6.89487e-07
-9.0109e-06
6.9753e-07
-5.1851e-06
4.1225e-07
2.47195e-08
-5.35777e-08
7.29965e-06
1.62558e-05
-3.55976e-07
2.31869e-07
-1.22932e-05
3.55015e-07
-9.13405e-06
3.09533e-07
-5.13962e-06
7.6658e-08
2.57595e-07
-1.94019e-07
7.57033e-06
1.62849e-05
-2.23151e-07
1.01997e-08
-1.23034e-05
2.93828e-08
-9.15323e-06
-5.38402e-08
-5.0564e-06
-2.25179e-07
4.28934e-07
-3.10791e-07
7.65594e-06
1.60409e-05
-6.6818e-08
-1.89346e-07
-1.21141e-05
-2.8042e-07
-9.06215e-06
-3.94177e-07
-4.94264e-06
-4.99261e-07
5.34019e-07
-4.11506e-07
7.56818e-06
1.55584e-05
7.09804e-08
-3.90212e-07
-1.17239e-05
-5.8194e-07
-8.87043e-06
-7.19444e-07
-4.80514e-06
-7.56714e-07
5.71289e-07
-5.08411e-07
7.31988e-06
1.48637e-05
1.86286e-07
-5.84073e-07
-1.11398e-05
-8.74664e-07
-8.57984e-06
-1.03424e-06
-4.64556e-06
-1.00733e-06
5.44374e-07
-6.13851e-07
6.9264e-06
1.39751e-05
2.74802e-07
-7.69172e-07
-1.03706e-05
-1.16009e-06
-8.18892e-06
-1.34441e-06
-4.46123e-06
-1.26067e-06
4.60635e-07
-7.40431e-07
6.40616e-06
1.29184e-05
3.16289e-07
-9.43826e-07
-9.4268e-06
-1.43975e-06
-7.69299e-06
-1.65598e-06
-4.245e-06
-1.52592e-06
3.30568e-07
-8.99228e-07
5.77947e-06
1.17221e-05
2.96994e-07
-1.10576e-06
-8.32104e-06
-1.71476e-06
-7.08399e-06
-1.97502e-06
-3.98475e-06
-1.81204e-06
1.67585e-07
-1.09929e-06
5.06672e-06
1.04147e-05
2.08187e-07
-1.25159e-06
-7.06945e-06
-1.98535e-06
-6.35022e-06
-2.30747e-06
-3.66263e-06
-2.12887e-06
-1.10172e-08
-1.3502e-06
4.28805e-06
9.01562e-06
4.88513e-08
-1.37641e-06
-5.69304e-06
-2.2502e-06
-5.47643e-06
-2.65859e-06
-3.25423e-06
-2.48719e-06
-1.82415e-07
-1.66149e-06
3.46235e-06
7.55264e-06
-1.98516e-07
-1.46968e-06
-4.22336e-06
-2.50885e-06
-4.43727e-06
-3.03182e-06
-2.73127e-06
-2.89884e-06
-3.15392e-07
-2.0392e-06
2.60272e-06
6.0302e-06
-5.16756e-07
-1.51602e-06
-2.70734e-06
-2.76029e-06
-3.19299e-06
-3.42776e-06
-2.0638e-06
-3.37769e-06
-3.65463e-07
-2.49233e-06
1.71735e-06
4.37796e-06
-8.40095e-07
-1.49874e-06
-1.2086e-06
-2.97369e-06
-1.71805e-06
-3.83682e-06
-1.20066e-06
-3.92458e-06
-2.77702e-07
-3.0306e-06
8.23365e-07
2.42137e-06
-1.07401e-06
-1.2086e-06
-2.92665e-06
-4.12731e-06
-4.40501e-06
-3.58165e-06
-1.16027e-06
2.62045e-06
3.52574e-05
-3.57155e-05
-7.57547e-07
4.07508e-05
-3.73728e-05
-3.46125e-06
3.92868e-05
-3.65831e-05
-5.89387e-06
3.67124e-05
-3.42798e-05
-8.12026e-06
3.39818e-05
-3.17554e-05
-1.0179e-05
3.14821e-05
-2.94234e-05
-1.21104e-05
2.93685e-05
-2.74371e-05
-1.39513e-05
2.75932e-05
-2.57524e-05
-1.57288e-05
2.60502e-05
-2.42727e-05
-1.74614e-05
2.46499e-05
-2.29173e-05
-1.91613e-05
2.33312e-05
-2.16313e-05
-2.08356e-05
2.20585e-05
-2.03842e-05
-2.24886e-05
2.08117e-05
-1.91587e-05
-2.41225e-05
1.95779e-05
-1.79439e-05
-2.57387e-05
1.83476e-05
-1.67314e-05
-2.73375e-05
1.71137e-05
-1.55149e-05
-2.89185e-05
1.58709e-05
-1.429e-05
-3.04805e-05
1.46157e-05
-1.30537e-05
-3.20218e-05
1.33462e-05
-1.1805e-05
-3.35393e-05
1.20619e-05
-1.05443e-05
-3.50294e-05
1.07626e-05
-9.27249e-06
-3.64877e-05
9.44832e-06
-7.99004e-06
-3.79086e-05
8.12091e-06
-6.7e-06
6.85129e-06
-5.47036e-06
1.04815e-06
3.57099e-05
-9.91447e-07
4.27904e-05
-3.13187e-06
4.14272e-05
-5.22317e-06
3.88037e-05
-7.19389e-06
3.59525e-05
-9.0451e-06
3.33333e-05
-1.07954e-05
3.11188e-05
-1.24693e-05
2.92671e-05
-1.4088e-05
2.76689e-05
-1.56672e-05
2.62291e-05
-1.72177e-05
2.48816e-05
-1.87461e-05
2.35869e-05
-2.02566e-05
2.23222e-05
-2.17513e-05
2.10726e-05
-2.32315e-05
1.98278e-05
-2.46975e-05
1.85797e-05
-2.6149e-05
1.73225e-05
-2.7585e-05
1.60518e-05
-2.90037e-05
1.47649e-05
-3.04023e-05
1.34604e-05
-3.1777e-05
1.21373e-05
-3.31231e-05
1.07945e-05
-3.44345e-05
9.43225e-06
8.11977e-06
2.45611e-07
3.63243e-05
-1.15939e-06
4.41954e-05
-2.8137e-06
4.30816e-05
-4.55069e-06
4.05407e-05
-6.24842e-06
3.76503e-05
-7.87575e-06
3.49607e-05
-9.4316e-06
3.26747e-05
-1.09276e-05
3.07631e-05
-1.23783e-05
2.91195e-05
-1.37958e-05
2.76466e-05
-1.51892e-05
2.62751e-05
-1.65646e-05
2.49623e-05
-1.79255e-05
2.36831e-05
-1.92741e-05
2.24212e-05
-2.06115e-05
2.11652e-05
-2.1938e-05
1.99062e-05
-2.32535e-05
1.86379e-05
-2.4557e-05
1.73553e-05
-2.58469e-05
1.60548e-05
-2.71204e-05
1.4734e-05
-2.8374e-05
1.33909e-05
-2.96027e-05
1.20231e-05
-3.07993e-05
1.06289e-05
9.27099e-06
-2.84658e-07
3.69353e-05
-1.18423e-06
4.50949e-05
-2.43178e-06
4.43291e-05
-3.83428e-06
4.19432e-05
-5.26127e-06
3.90773e-05
-6.65987e-06
3.63593e-05
-8.01422e-06
3.4029e-05
-9.32538e-06
3.20743e-05
-1.06014e-05
3.03956e-05
-1.18511e-05
2.88962e-05
-1.30816e-05
2.75056e-05
-1.4298e-05
2.61787e-05
-1.55035e-05
2.48886e-05
-1.67002e-05
2.36178e-05
-1.78889e-05
2.23538e-05
-1.90701e-05
2.10874e-05
-2.02436e-05
1.98115e-05
-2.14088e-05
1.85205e-05
-2.25642e-05
1.72101e-05
-2.37072e-05
1.58771e-05
-2.48344e-05
1.45181e-05
-2.59405e-05
1.31292e-05
-2.70177e-05
1.17061e-05
1.03007e-05
-5.64153e-07
3.74655e-05
-1.06478e-06
4.55956e-05
-1.96319e-06
4.52275e-05
-3.05423e-06
4.30342e-05
-4.21816e-06
4.02412e-05
-5.38922e-06
3.75303e-05
-6.5398e-06
3.51796e-05
-7.66248e-06
3.31969e-05
-8.75984e-06
3.14929e-05
-9.83742e-06
2.99738e-05
-1.09007e-05
2.85688e-05
-1.19538e-05
2.72318e-05
-1.29995e-05
2.59344e-05
-1.40395e-05
2.46578e-05
-1.50747e-05
2.33891e-05
-1.61056e-05
2.21183e-05
-1.7132e-05
2.0838e-05
-1.81536e-05
1.95421e-05
-1.91692e-05
1.82257e-05
-2.01765e-05
1.68844e-05
-2.11722e-05
1.55138e-05
-2.21511e-05
1.41082e-05
-2.31044e-05
1.26593e-05
1.12054e-05
-6.36122e-07
3.77508e-05
-8.19315e-07
4.57787e-05
-1.40348e-06
4.58117e-05
-2.20365e-06
4.38344e-05
-3.11291e-06
4.11505e-05
-4.05989e-06
3.84773e-05
-5.0071e-06
3.61268e-05
-5.94005e-06
3.41299e-05
-6.85666e-06
3.24096e-05
-7.75972e-06
3.08769e-05
-8.65304e-06
2.94621e-05
-9.53996e-06
2.81187e-05
-1.04227e-05
2.68171e-05
-1.13028e-05
2.55379e-05
-1.21809e-05
2.42672e-05
-1.30574e-05
2.29949e-05
-1.39325e-05
2.17131e-05
-1.48059e-05
2.04154e-05
-1.56765e-05
1.90964e-05
-1.65429e-05
1.77508e-05
-1.74022e-05
1.63731e-05
-1.82494e-05
1.49553e-05
-1.90747e-05
1.34846e-05
1.19817e-05
-5.42494e-07
3.78158e-05
-4.60842e-07
4.56971e-05
-7.56019e-07
4.61068e-05
-1.28217e-06
4.43606e-05
-1.94505e-06
4.18133e-05
-2.67171e-06
3.9204e-05
-3.41716e-06
3.68723e-05
-4.16062e-06
3.48733e-05
-4.89596e-06
3.31449e-05
-5.62353e-06
3.16044e-05
-6.34574e-06
3.01844e-05
-7.06508e-06
2.88381e-05
-7.78334e-06
2.75354e-05
-8.5016e-06
2.62561e-05
-9.22047e-06
2.4986e-05
-9.94018e-06
2.37146e-05
-1.06607e-05
2.24336e-05
-1.13819e-05
2.11366e-05
-1.21032e-05
1.98176e-05
-1.28234e-05
1.8471e-05
-1.35406e-05
1.70903e-05
-1.42509e-05
1.56656e-05
-1.4944e-05
1.41778e-05
1.26263e-05
-3.23258e-07
3.76382e-05
1.02185e-08
4.53636e-05
-2.56985e-08
4.61428e-05
-2.93823e-07
4.46287e-05
-7.17402e-07
4.22369e-05
-1.22704e-06
3.97136e-05
-1.77282e-06
3.7418e-05
-2.32793e-06
3.54284e-05
-2.88255e-06
3.36995e-05
-3.43494e-06
3.21568e-05
-3.98622e-06
3.07356e-05
-4.53813e-06
2.939e-05
-5.09199e-06
2.80892e-05
-5.64853e-06
2.68127e-05
-6.20803e-06
2.55455e-05
-6.77041e-06
2.4277e-05
-7.33535e-06
2.29986e-05
-7.90235e-06
2.17036e-05
-8.4707e-06
2.03859e-05
-9.03953e-06
1.90398e-05
-9.60788e-06
1.76587e-05
-1.01742e-05
1.62319e-05
-1.07301e-05
1.47337e-05
1.31349e-05
8.34189e-09
3.71768e-05
5.39979e-07
4.4832e-05
7.74323e-07
4.59084e-05
7.61163e-07
4.46418e-05
5.65877e-07
4.24322e-05
2.67482e-07
4.0012e-05
-7.93517e-08
3.77649e-05
-4.4665e-07
3.57957e-05
-8.21761e-07
3.40746e-05
-1.20026e-06
3.25353e-05
-1.58199e-06
3.11174e-05
-1.96803e-06
2.9776e-05
-2.35931e-06
2.84805e-05
-2.75629e-06
2.72096e-05
-3.15893e-06
2.59482e-05
-3.56672e-06
2.46847e-05
-3.97876e-06
2.34106e-05
-4.39378e-06
2.21186e-05
-4.81015e-06
2.08023e-05
-5.22572e-06
1.94554e-05
-5.63833e-06
1.80713e-05
-6.04848e-06
1.66421e-05
-6.46043e-06
1.51457e-05
1.35003e-05
3.3092e-07
3.64899e-05
1.13749e-06
4.40254e-05
1.63098e-06
4.54149e-05
1.8691e-06
4.44037e-05
1.90162e-06
4.23997e-05
1.81496e-06
4.00987e-05
1.6623e-06
3.79175e-05
1.47883e-06
3.59792e-05
1.28097e-06
3.42725e-05
1.07437e-06
3.27419e-05
8.59987e-07
3.13317e-05
6.37222e-07
2.99988e-05
4.0529e-07
2.87125e-05
1.63788e-07
2.74512e-05
-8.72167e-08
2.61992e-05
-3.47097e-07
2.49446e-05
-6.14636e-07
2.36782e-05
-8.87951e-07
2.23919e-05
-1.16436e-06
2.10787e-05
-1.43975e-06
1.97308e-05
-1.7066e-06
1.83381e-05
-1.95125e-06
1.68868e-05
-2.16623e-06
1.53607e-05
1.37517e-05
7.20245e-07
3.55465e-05
1.78073e-06
4.29649e-05
2.53147e-06
4.46642e-05
3.01686e-06
4.39183e-05
3.27664e-06
4.21399e-05
3.39937e-06
3.99759e-05
3.44154e-06
3.78754e-05
3.44178e-06
3.5979e-05
3.41972e-06
3.42945e-05
3.38308e-06
3.27786e-05
3.33377e-06
3.1381e-05
3.2715e-06
3.0061e-05
3.19545e-06
2.87885e-05
3.1049e-06
2.75417e-05
2.99954e-06
2.63045e-05
2.87954e-06
2.50646e-05
2.74568e-06
2.3812e-05
2.5995e-06
2.25381e-05
2.44352e-06
2.12347e-05
2.28176e-06
1.98925e-05
2.12135e-06
1.84986e-05
1.97426e-06
1.70338e-05
1.85131e-06
1.54836e-05
1.38777e-05
1.13325e-06
3.43465e-05
2.44966e-06
4.16485e-05
3.46281e-06
4.36511e-05
4.19215e-06
4.3189e-05
4.68326e-06
4.16488e-05
5.01623e-06
3.9643e-05
5.25297e-06
3.76386e-05
5.43614e-06
3.57958e-05
5.58874e-06
3.41419e-05
5.7206e-06
3.26467e-05
5.83467e-06
3.1267e-05
5.93102e-06
2.99647e-05
6.00874e-06
2.87108e-05
6.06689e-06
2.74835e-05
6.10484e-06
2.62666e-05
6.12256e-06
2.50469e-05
6.1209e-06
2.38137e-05
6.10206e-06
2.25569e-05
6.07017e-06
2.12666e-05
6.03177e-06
1.99309e-05
5.99519e-06
1.85351e-05
5.9672e-06
1.70618e-05
5.95294e-06
1.54979e-05
1.38345e-05
1.54451e-06
3.28729e-05
3.12521e-06
4.00678e-05
4.40773e-06
4.23685e-05
5.38145e-06
4.22153e-05
6.10976e-06
4.09205e-05
6.65633e-06
3.90964e-05
7.08907e-06
3.72059e-05
7.45543e-06
3.54294e-05
7.78231e-06
3.38151e-05
8.082e-06
3.2347e-05
8.35879e-06
3.09902e-05
8.61328e-06
2.97102e-05
8.84478e-06
2.84793e-05
9.05238e-06
2.72759e-05
9.23553e-06
2.60834e-05
9.39446e-06
2.4888e-05
9.53053e-06
2.36776e-05
9.64675e-06
2.24407e-05
9.74809e-06
2.11652e-05
9.84152e-06
1.98375e-05
9.93488e-06
1.84418e-05
1.00358e-05
1.69609e-05
1.01542e-05
1.53795e-05
1.36839e-05
1.93448e-06
3.11247e-05
3.78692e-06
3.82154e-05
5.34354e-06
4.08119e-05
6.5743e-06
4.09845e-05
7.54563e-06
3.99492e-05
8.30957e-06
3.83324e-05
8.94111e-06
3.65744e-05
9.49224e-06
3.48783e-05
9.99408e-06
3.33132e-05
1.04619e-05
3.18792e-05
1.09018e-05
3.05503e-05
1.13152e-05
2.92968e-05
1.17018e-05
2.80926e-05
1.20612e-05
2.69166e-05
1.23928e-05
2.57518e-05
1.26973e-05
2.45835e-05
1.29763e-05
2.33986e-05
1.32329e-05
2.21842e-05
1.34716e-05
2.09265e-05
1.36985e-05
1.96106e-05
1.39202e-05
1.82201e-05
1.41437e-05
1.67374e-05
1.43783e-05
1.51449e-05
1.34247e-05
2.28414e-06
2.91154e-05
4.41371e-06
3.60858e-05
6.25411e-06
3.89715e-05
7.75517e-06
3.94834e-05
8.97245e-06
3.87319e-05
9.96224e-06
3.73426e-05
1.07983e-05
3.57383e-05
1.15377e-05
3.41389e-05
1.22166e-05
3.26344e-05
1.2854e-05
3.12418e-05
1.34582e-05
2.99461e-05
1.40321e-05
2.87229e-05
1.4576e-05
2.75487e-05
1.50897e-05
2.6403e-05
1.5573e-05
2.52685e-05
1.60264e-05
2.41301e-05
1.64512e-05
2.29738e-05
1.68499e-05
2.17855e-05
1.7226e-05
2.05504e-05
1.7584e-05
1.92525e-05
1.79294e-05
1.78748e-05
1.82687e-05
1.63981e-05
1.86124e-05
1.48011e-05
1.30604e-05
2.57313e-06
2.68586e-05
4.98328e-06
3.36757e-05
7.11758e-06
3.68372e-05
8.90086e-06
3.77002e-05
1.03751e-05
3.72576e-05
1.15999e-05
3.61179e-05
1.26482e-05
3.46899e-05
1.35814e-05
3.32057e-05
1.44408e-05
3.17749e-05
1.52502e-05
3.04324e-05
1.6021e-05
2.91754e-05
1.67575e-05
2.79864e-05
1.74612e-05
2.6845e-05
1.8132e-05
2.57322e-05
1.87697e-05
2.46307e-05
1.93744e-05
2.35254e-05
1.99467e-05
2.24015e-05
2.04879e-05
2.12443e-05
2.10002e-05
2.00381e-05
2.14866e-05
1.87661e-05
2.19513e-05
1.741e-05
2.24011e-05
1.59483e-05
2.28479e-05
1.43544e-05
1.25975e-05
2.78261e-06
2.43729e-05
5.47318e-06
3.09851e-05
7.91028e-06
3.44001e-05
9.98778e-06
3.56227e-05
1.1733e-05
3.55124e-05
1.32047e-05
3.46462e-05
1.44756e-05
3.34191e-05
1.56102e-05
3.20711e-05
1.66557e-05
3.07294e-05
1.76409e-05
2.94472e-05
1.85811e-05
2.82352e-05
1.94832e-05
2.70844e-05
2.03494e-05
2.59788e-05
2.11802e-05
2.49014e-05
2.19752e-05
2.38358e-05
2.27337e-05
2.27668e-05
2.34554e-05
2.16798e-05
2.41401e-05
2.05596e-05
2.47885e-05
1.93898e-05
2.54019e-05
1.81526e-05
2.59836e-05
1.68284e-05
2.65399e-05
1.5392e-05
2.70838e-05
1.38106e-05
1.20437e-05
2.89647e-06
2.16847e-05
5.85832e-06
2.80232e-05
8.60273e-06
3.16557e-05
1.09869e-05
3.32385e-05
1.30192e-05
3.34801e-05
1.47533e-05
3.2912e-05
1.62603e-05
3.19121e-05
1.76073e-05
3.07241e-05
1.88467e-05
2.94901e-05
2.00133e-05
2.82806e-05
2.11272e-05
2.71212e-05
2.21983e-05
2.60133e-05
2.32305e-05
2.49466e-05
2.42248e-05
2.39071e-05
2.51804e-05
2.28801e-05
2.60962e-05
2.18511e-05
2.69703e-05
2.08057e-05
2.78012e-05
1.97287e-05
2.85877e-05
1.86032e-05
2.93296e-05
1.74107e-05
3.00283e-05
1.61297e-05
3.06891e-05
1.47312e-05
3.1325e-05
1.31747e-05
1.14072e-05
2.9068e-06
1.88267e-05
6.11918e-06
2.48109e-05
9.16431e-06
2.86106e-05
1.18632e-05
3.05396e-05
1.41991e-05
3.11442e-05
1.62145e-05
3.08966e-05
1.79754e-05
3.01512e-05
1.95497e-05
2.91498e-05
2.09944e-05
2.80454e-05
2.23507e-05
2.69243e-05
2.36443e-05
2.58276e-05
2.48893e-05
2.47683e-05
2.60919e-05
2.3744e-05
2.72539e-05
2.27451e-05
2.83748e-05
2.17592e-05
2.94525e-05
2.07734e-05
3.04841e-05
1.97741e-05
3.14664e-05
1.87464e-05
3.23963e-05
1.76733e-05
3.32712e-05
1.65357e-05
3.40904e-05
1.53105e-05
3.48568e-05
1.39648e-05
3.55821e-05
1.24494e-05
1.06951e-05
2.82229e-06
1.58059e-05
6.25247e-06
2.13807e-05
9.57108e-06
2.5292e-05
1.25793e-05
2.75315e-05
1.52301e-05
2.84933e-05
1.75464e-05
2.85804e-05
1.95833e-05
2.81143e-05
2.14052e-05
2.73279e-05
2.30718e-05
2.63788e-05
2.46301e-05
2.5366e-05
2.61124e-05
2.43453e-05
2.75381e-05
2.33426e-05
2.89171e-05
2.2365e-05
3.02527e-05
2.14094e-05
3.15449e-05
2.04671e-05
3.27911e-05
1.95271e-05
3.39877e-05
1.85775e-05
3.51296e-05
1.76045e-05
3.62116e-05
1.65914e-05
3.72285e-05
1.55188e-05
3.81764e-05
1.43626e-05
3.90542e-05
1.3087e-05
3.98703e-05
1.16332e-05
9.91138e-06
2.67926e-06
1.26099e-05
6.2835e-06
1.77764e-05
9.82085e-06
2.17546e-05
1.31064e-05
2.42459e-05
1.60671e-05
2.55327e-05
1.86974e-05
2.595e-05
2.10329e-05
2.57788e-05
2.31278e-05
2.5233e-05
2.50394e-05
2.44672e-05
2.68181e-05
2.35872e-05
2.8503e-05
2.26605e-05
3.01199e-05
2.17256e-05
3.16838e-05
2.08011e-05
3.32008e-05
1.98924e-05
3.46722e-05
1.89958e-05
3.60959e-05
1.81034e-05
3.74675e-05
1.72058e-05
3.87807e-05
1.62913e-05
4.00278e-05
1.53443e-05
4.12006e-05
1.43461e-05
4.22913e-05
1.32719e-05
4.32934e-05
1.2085e-05
4.42086e-05
1.07179e-05
9.05488e-06
2.54991e-06
9.21988e-06
6.26897e-06
1.40574e-05
9.94311e-06
1.80805e-05
1.34412e-05
2.07478e-05
1.66765e-05
2.22974e-05
1.96139e-05
2.30126e-05
2.22616e-05
2.3131e-05
2.46545e-05
2.28402e-05
2.68394e-05
2.22823e-05
2.88647e-05
2.15619e-05
3.07729e-05
2.07523e-05
3.25969e-05
1.99016e-05
3.43591e-05
1.90389e-05
3.60689e-05
1.81826e-05
3.77302e-05
1.73345e-05
3.93427e-05
1.64909e-05
4.09024e-05
1.56462e-05
4.24019e-05
1.47917e-05
4.38317e-05
1.39145e-05
4.51804e-05
1.29973e-05
4.64356e-05
1.20167e-05
4.75837e-05
1.09369e-05
4.86164e-05
9.68522e-06
8.11529e-06
2.5586e-06
5.58727e-06
6.28326e-06
1.03327e-05
9.98445e-06
1.43793e-05
1.3605e-05
1.71273e-05
1.70483e-05
1.8854e-05
2.02552e-05
1.98058e-05
2.32055e-05
2.01807e-05
2.59088e-05
2.01369e-05
2.83929e-05
1.97982e-05
3.06955e-05
1.92594e-05
3.28554e-05
1.85923e-05
3.49078e-05
1.78492e-05
3.6884e-05
1.70628e-05
3.88052e-05
1.62613e-05
4.06754e-05
1.54643e-05
4.24933e-05
1.4673e-05
4.42578e-05
1.38817e-05
4.59623e-05
1.30872e-05
4.75966e-05
1.22802e-05
4.91473e-05
1.14466e-05
5.05971e-05
1.05669e-05
5.19249e-05
9.60911e-06
5.31087e-05
8.5014e-06
7.06889e-06
2.93802e-06
1.48898e-06
6.38142e-06
6.88934e-06
9.96362e-06
1.07971e-05
1.36055e-05
1.34853e-05
1.71756e-05
1.52839e-05
2.05908e-05
1.63906e-05
2.38077e-05
1.69639e-05
2.68104e-05
1.71342e-05
2.96046e-05
1.7004e-05
3.22106e-05
1.66534e-05
3.46578e-05
1.61451e-05
3.69776e-05
1.55294e-05
3.91974e-05
1.48429e-05
4.13456e-05
1.41132e-05
4.34402e-05
1.33697e-05
4.54849e-05
1.26282e-05
4.74761e-05
1.18906e-05
4.94084e-05
1.11549e-05
5.12725e-05
1.04161e-05
5.30557e-05
9.66347e-06
5.47379e-05
8.88472e-06
5.62907e-05
8.05635e-06
5.76844e-05
7.10763e-06
5.87299e-06
1.07885e-07
-1.07885e-07
4.1873e-07
-3.10845e-07
8.66731e-07
-4.48002e-07
1.46021e-06
-5.93474e-07
2.16434e-06
-7.04137e-07
-6.42011e-07
2.80635e-06
2.01127e-07
-3.09013e-07
5.27665e-07
-6.37382e-07
9.64897e-07
-8.85234e-07
1.48735e-06
-1.11593e-06
2.08019e-06
-1.29698e-06
-1.23215e-06
2.67033e-06
2.31161e-07
-5.40174e-07
5.37431e-07
-9.43652e-07
9.314e-07
-1.2792e-06
1.37985e-06
-1.56438e-06
1.87055e-06
-1.78767e-06
-1.78198e-06
2.42038e-06
2.42802e-07
-7.82976e-07
5.17001e-07
-1.21785e-06
8.54757e-07
-1.61696e-06
1.22661e-06
-1.93624e-06
1.62745e-06
-2.18851e-06
-2.24428e-06
2.08975e-06
2.43613e-07
-1.02659e-06
4.76511e-07
-1.45075e-06
7.51631e-07
-1.89208e-06
1.04541e-06
-2.23002e-06
1.35801e-06
-2.50111e-06
-2.60708e-06
1.7208e-06
2.3511e-07
-1.2617e-06
4.19817e-07
-1.63546e-06
6.29823e-07
-2.10208e-06
8.46053e-07
-2.44625e-06
1.07154e-06
-2.7266e-06
-2.86942e-06
1.33388e-06
2.12218e-07
-1.47392e-06
3.49184e-07
-1.77242e-06
4.95247e-07
-2.24815e-06
6.3658e-07
-2.58758e-06
7.77936e-07
-2.86795e-06
-3.03484e-06
9.43362e-07
1.61042e-07
-1.63496e-06
2.65942e-07
-1.87732e-06
3.53315e-07
-2.33552e-06
4.24161e-07
-2.65843e-06
4.8654e-07
-2.93033e-06
-3.11042e-06
5.62117e-07
1.06316e-07
-1.74127e-06
1.76373e-07
-1.94738e-06
2.09557e-07
-2.36871e-06
2.15395e-07
-2.66426e-06
2.05789e-07
-2.92073e-06
-3.10627e-06
2.01645e-07
5.45043e-08
-1.79578e-06
8.59681e-08
-1.97884e-06
6.90502e-08
-2.35179e-06
1.60093e-08
-2.61122e-06
-5.70624e-08
-2.84765e-06
-3.03491e-06
-1.28429e-07
5.05283e-09
-1.80083e-06
-1.81318e-09
-1.97198e-06
-6.40538e-08
-2.28955e-06
-1.69101e-07
-2.50618e-06
-2.96235e-07
-2.72052e-06
-2.91029e-06
-4.20848e-07
-4.07869e-08
-1.76004e-06
-8.39762e-08
-1.92879e-06
-1.86383e-07
-2.18714e-06
-3.36244e-07
-2.35631e-06
-5.07614e-07
-2.54915e-06
-2.74693e-06
-6.7098e-07
-8.25027e-08
-1.67754e-06
-1.58649e-07
-1.85264e-06
-2.95401e-07
-2.05039e-06
-4.82737e-07
-2.16898e-06
-6.88736e-07
-2.34315e-06
-2.55879e-06
-8.76869e-07
-1.19049e-07
-1.55849e-06
-2.24044e-07
-1.74765e-06
-3.89238e-07
-1.88519e-06
-6.06864e-07
-1.95135e-06
-8.38581e-07
-2.11143e-06
-2.35834e-06
-1.03904e-06
-1.49537e-07
-1.40896e-06
-2.78894e-07
-1.61829e-06
-4.66584e-07
-1.6975e-06
-7.07693e-07
-1.71024e-06
-9.57165e-07
-1.86196e-06
-2.1555e-06
-1.16e-06
-1.73229e-07
-1.23573e-06
-3.2228e-07
-1.46924e-06
-5.26558e-07
-1.49323e-06
-7.8429e-07
-1.45251e-06
-1.04522e-06
-1.60103e-06
-1.95649e-06
-1.24422e-06
-1.89419e-07
-1.04631e-06
-3.53591e-07
-1.30506e-06
-5.68664e-07
-1.27815e-06
-8.35981e-07
-1.1852e-06
-1.10374e-06
-1.33327e-06
-1.7638e-06
-1.29644e-06
-1.97077e-07
-8.49231e-07
-3.72339e-07
-1.1298e-06
-5.92591e-07
-1.0579e-06
-8.61963e-07
-9.15823e-07
-1.13306e-06
-1.06218e-06
-1.57571e-06
-1.32114e-06
-1.93689e-07
-6.55542e-07
-3.78438e-07
-9.45053e-07
-5.98355e-07
-8.37985e-07
-8.60747e-07
-6.53431e-07
-1.13133e-06
-7.9159e-07
-1.38507e-06
-1.32198e-06
-1.81859e-07
-4.73683e-07
-3.7328e-07
-7.53633e-07
-5.86444e-07
-6.24821e-07
-8.30274e-07
-4.09601e-07
-1.09301e-06
-5.28854e-07
-1.17881e-06
-1.29927e-06
-1.65814e-07
-3.07869e-07
-3.60042e-07
-5.59405e-07
-5.57798e-07
-4.27065e-07
-7.67742e-07
-1.99657e-07
-1.00819e-06
-2.88406e-07
-9.40038e-07
-1.24696e-06
-1.45893e-07
-1.61976e-07
-3.39304e-07
-3.65994e-07
-5.12904e-07
-2.53466e-07
-6.68337e-07
-4.42239e-08
-8.59991e-07
-9.6752e-08
-6.51932e-07
-1.1481e-06
-1.1574e-07
-4.62353e-08
-3.07048e-07
-1.74686e-07
-4.48266e-07
-1.12248e-07
-5.23641e-07
3.11511e-08
-6.26082e-07
5.68932e-09
-3.1259e-07
-9.65423e-07
-4.62353e-08
-2.20922e-07
-3.3317e-07
-3.02019e-07
-2.9633e-07
-6.0892e-07
3.7474e-06
5.47927e-07
6.4655e-06
4.17124e-06
9.81455e-06
7.44805e-06
1.33752e-05
9.92468e-06
1.69852e-05
1.1674e-05
2.05434e-05
1.28324e-05
2.39799e-05
1.35274e-05
2.72556e-05
1.38585e-05
3.0354e-05
1.39055e-05
3.32769e-05
1.37305e-05
3.60394e-05
1.33826e-05
3.86643e-05
1.29046e-05
4.117e-05
1.23372e-05
4.35771e-05
1.17061e-05
4.59147e-05
1.10321e-05
4.82028e-05
1.03401e-05
5.04437e-05
9.64966e-06
5.26341e-05
8.9645e-06
5.47644e-05
8.28582e-06
5.68186e-05
7.60929e-06
5.87767e-05
6.92658e-06
6.06108e-05
6.2223e-06
6.22883e-05
5.43005e-06
4.4459e-06
3.88924e-06
-6.70979e-07
6.2084e-06
1.85208e-06
9.25939e-06
4.39707e-06
1.26712e-05
6.51282e-06
1.62418e-05
8.10338e-06
1.98628e-05
9.21141e-06
2.34589e-05
9.93128e-06
2.69724e-05
1.03449e-05
3.03667e-05
1.05113e-05
3.36208e-05
1.04764e-05
3.67244e-05
1.0279e-05
3.96822e-05
9.94677e-06
4.25125e-05
9.507e-06
4.52352e-05
8.98327e-06
4.78696e-05
8.39769e-06
5.04342e-05
7.77552e-06
5.29493e-05
7.13455e-06
5.54242e-05
6.48966e-06
5.7853e-05
5.85705e-06
6.02241e-05
5.23815e-06
6.25209e-05
4.62979e-06
6.47278e-05
4.01543e-06
6.6766e-05
3.39178e-06
2.69896e-06
3.51531e-06
-1.76591e-06
5.4684e-06
-1.01019e-07
8.11433e-06
1.75114e-06
1.12168e-05
3.41036e-06
1.45883e-05
4.73186e-06
1.81022e-05
5.69753e-06
2.16863e-05
6.34721e-06
2.5288e-05
6.74314e-06
2.88695e-05
6.92979e-06
3.23977e-05
6.94817e-06
3.58376e-05
6.83905e-06
3.91672e-05
6.61718e-06
4.23875e-05
6.28671e-06
4.55089e-05
5.86191e-06
4.85411e-05
5.36543e-06
5.14956e-05
4.8211e-06
5.43799e-05
4.25024e-06
5.72009e-05
3.66861e-06
5.99697e-05
3.0883e-06
6.26951e-05
2.51267e-06
6.53739e-05
1.95107e-06
6.80015e-05
1.38776e-06
7.05116e-05
8.81685e-07
4.10476e-07
2.97423e-06
-2.65039e-06
4.48294e-06
-1.60973e-06
6.58747e-06
-3.5338e-07
9.15402e-06
8.43813e-07
1.20451e-05
1.8408e-06
1.51463e-05
2.59628e-06
1.83799e-05
3.11364e-06
2.16998e-05
3.42324e-06
2.50796e-05
3.54998e-06
2.85036e-05
3.52421e-06
3.19666e-05
3.376e-06
3.54571e-05
3.12673e-06
3.89489e-05
2.79489e-06
4.24165e-05
2.39435e-06
4.58456e-05
1.93632e-06
4.92345e-05
1.43218e-06
5.25872e-05
8.97568e-07
5.59047e-05
3.51104e-07
5.91826e-05
-1.89616e-07
6.24109e-05
-7.1567e-07
6.55827e-05
-1.22069e-06
6.86914e-05
-1.72094e-06
7.17792e-05
-2.20618e-06
-2.589e-06
2.39695e-06
-3.32653e-06
3.49504e-06
-2.70782e-06
5.0428e-06
-1.90114e-06
6.97887e-06
-1.09226e-06
9.21262e-06
-3.92946e-07
1.16604e-05
1.48511e-07
1.42549e-05
5.19101e-07
1.69564e-05
7.21735e-07
1.97426e-05
7.63822e-07
2.2601e-05
6.65796e-07
2.55303e-05
4.46727e-07
2.85358e-05
1.21233e-07
3.16249e-05
-2.94259e-07
3.48036e-05
-7.84327e-07
3.80724e-05
-1.33248e-06
4.1425e-05
-1.92044e-06
4.48541e-05
-2.53152e-06
4.83531e-05
-3.14788e-06
5.19131e-05
-3.74962e-06
5.55171e-05
-4.31971e-06
5.9149e-05
-4.85258e-06
6.27681e-05
-5.34e-06
6.63967e-05
-5.83477e-06
-6.2749e-06
1.81825e-06
-3.8109e-06
2.57977e-06
-3.46934e-06
3.6523e-06
-2.97368e-06
5.01007e-06
-2.45002e-06
6.59879e-06
-1.98167e-06
8.36183e-06
-1.61453e-06
1.0252e-05
-1.37108e-06
1.22382e-05
-1.26442e-06
1.43016e-05
-1.29961e-06
1.64359e-05
-1.46849e-06
1.86449e-05
-1.76228e-06
2.09386e-05
-2.17247e-06
2.3331e-05
-2.6867e-06
2.58361e-05
-3.2894e-06
2.84649e-05
-3.96126e-06
3.12261e-05
-4.68168e-06
3.4127e-05
-5.43243e-06
3.71721e-05
-6.19293e-06
4.036e-05
-6.93749e-06
4.36837e-05
-7.64343e-06
4.71308e-05
-8.29967e-06
5.06868e-05
-8.896e-06
5.43146e-05
-9.46259e-06
-1.00321e-05
1.2546e-06
-4.12214e-06
1.74434e-06
-3.95908e-06
2.43745e-06
-3.66678e-06
3.32152e-06
-3.3341e-06
4.36444e-06
-3.02459e-06
5.5302e-06
-2.78029e-06
6.78872e-06
-2.62959e-06
8.11848e-06
-2.59418e-06
9.50639e-06
-2.68751e-06
1.09508e-05
-2.91287e-06
1.24584e-05
-3.26991e-06
1.40411e-05
-3.75514e-06
1.57143e-05
-4.35995e-06
1.74953e-05
-5.07043e-06
1.94018e-05
-5.86773e-06
2.14513e-05
-6.73119e-06
2.36597e-05
-7.64077e-06
2.60388e-05
-8.57209e-06
2.85966e-05
-9.49523e-06
3.13402e-05
-1.03871e-05
3.42765e-05
-1.1236e-05
3.74122e-05
-1.20317e-05
4.07269e-05
-1.27773e-05
-1.34943e-05
7.21606e-07
-4.28163e-06
9.92732e-07
-4.23021e-06
1.39002e-06
-4.06407e-06
1.90495e-06
-3.84902e-06
2.51724e-06
-3.63688e-06
3.20412e-06
-3.46716e-06
3.9464e-06
-3.37188e-06
4.72989e-06
-3.37767e-06
5.5467e-06
-3.50432e-06
6.39761e-06
-3.76378e-06
7.29032e-06
-4.16262e-06
8.23737e-06
-4.70218e-06
9.25568e-06
-5.37827e-06
1.03658e-05
-6.18051e-06
1.15909e-05
-7.09286e-06
1.29562e-05
-8.09645e-06
1.44859e-05
-9.17051e-06
1.62025e-05
-1.02887e-05
1.81275e-05
-1.14202e-05
2.0282e-05
-1.25417e-05
2.26866e-05
-1.36405e-05
2.53615e-05
-1.47066e-05
2.83032e-05
-1.5719e-05
-1.66127e-05
2.34227e-07
-4.31421e-06
3.35017e-07
-4.331e-06
5.10219e-07
-4.23928e-06
7.51651e-07
-4.09046e-06
1.04502e-06
-3.93025e-06
1.37505e-06
-3.79719e-06
1.72902e-06
-3.72585e-06
2.09748e-06
-3.74613e-06
2.47602e-06
-3.88286e-06
2.86689e-06
-4.15465e-06
3.27849e-06
-4.57422e-06
3.72386e-06
-5.14755e-06
4.22077e-06
-5.87518e-06
4.79283e-06
-6.75257e-06
5.46972e-06
-7.76974e-06
6.28489e-06
-8.91163e-06
7.27258e-06
-1.01582e-05
8.46588e-06
-1.1482e-05
9.89303e-06
-1.28473e-05
1.15707e-05
-1.42193e-05
1.35035e-05
-1.55734e-05
1.56887e-05
-1.68918e-05
1.81102e-05
-1.81404e-05
-1.92112e-05
-1.94677e-07
-4.24797e-06
-2.16774e-07
-4.3089e-06
-1.9447e-07
-4.26158e-06
-1.36675e-07
-4.14825e-06
-5.44732e-08
-4.01245e-06
4.13224e-08
-3.89298e-06
1.41405e-07
-3.82593e-06
2.3984e-07
-3.84457e-06
3.35799e-07
-3.97882e-06
4.33555e-07
-4.2524e-06
5.44055e-07
-4.68472e-06
6.84229e-07
-5.28773e-06
8.80952e-07
-6.0719e-06
1.16784e-06
-7.03946e-06
1.58067e-06
-8.18257e-06
2.15892e-06
-9.48988e-06
2.93996e-06
-1.09392e-05
3.95975e-06
-1.25018e-05
5.25076e-06
-1.41383e-05
6.83228e-06
-1.58008e-05
8.69538e-06
-1.74365e-05
1.07817e-05
-1.89782e-05
1.29962e-05
-2.03549e-05
-2.14743e-05
-5.55545e-07
-4.11327e-06
-6.52833e-07
-4.21161e-06
-7.16095e-07
-4.19832e-06
-7.55171e-07
-4.10917e-06
-7.78828e-07
-3.9888e-06
-7.93363e-07
-3.87845e-06
-8.01854e-07
-3.81744e-06
-8.04468e-07
-3.84195e-06
-7.97574e-07
-3.98572e-06
-7.73362e-07
-4.27661e-06
-7.17417e-07
-4.74067e-06
-6.09742e-07
-5.3954e-06
-4.25601e-07
-6.25604e-06
-1.36829e-07
-7.32824e-06
2.89853e-07
-8.60925e-06
8.89789e-07
-1.00898e-05
1.70206e-06
-1.17515e-05
2.76566e-06
-1.35654e-05
4.12667e-06
-1.54993e-05
5.84504e-06
-1.75192e-05
7.95784e-06
-1.95493e-05
1.04638e-05
-2.14842e-05
1.3299e-05
-2.31901e-05
-2.4511e-05
-8.42709e-07
-3.94154e-06
-9.67886e-07
-4.08643e-06
-1.05129e-06
-4.11491e-06
-1.0999e-06
-4.06057e-06
-1.11822e-06
-3.97047e-06
-1.1106e-06
-3.88607e-06
-1.07975e-06
-3.84829e-06
-1.02489e-06
-3.89681e-06
-9.41622e-07
-4.06899e-06
-8.19469e-07
-4.39877e-06
-6.44546e-07
-4.91559e-06
-3.97406e-07
-5.64254e-06
-5.40537e-08
-6.59939e-06
4.18551e-07
-7.80084e-06
1.06669e-06
-9.25739e-06
1.94173e-06
-1.09649e-05
3.10246e-06
-1.29122e-05
4.61243e-06
-1.50754e-05
6.53339e-06
-1.74203e-05
8.89353e-06
-1.98793e-05
1.17441e-05
-2.23999e-05
1.51377e-05
-2.48777e-05
1.90953e-05
-2.71477e-05
-2.88041e-05
-1.05464e-06
-3.76377e-06
-1.16138e-06
-3.97969e-06
-1.20104e-06
-4.07525e-06
-1.1808e-06
-4.08081e-06
-1.10651e-06
-4.04476e-06
-9.78065e-07
-4.01452e-06
-7.91662e-07
-4.0347e-06
-5.39638e-07
-4.14884e-06
-2.12964e-07
-4.39566e-06
2.01336e-07
-4.81307e-06
7.20937e-07
-5.43519e-06
1.3702e-06
-6.29181e-06
2.17968e-06
-7.40888e-06
3.1855e-06
-8.80666e-06
4.42591e-06
-1.04978e-05
5.94384e-06
-1.24828e-05
7.78061e-06
-1.4749e-05
9.97144e-06
-1.72662e-05
1.25403e-05
-1.99892e-05
1.55241e-05
-2.2863e-05
1.8937e-05
-2.58128e-05
2.2812e-05
-2.87527e-05
2.71967e-05
-3.15325e-05
-3.36176e-05
-1.19392e-06
-3.60889e-06
-1.24126e-06
-3.93234e-06
-1.18667e-06
-4.12985e-06
-1.03468e-06
-4.2328e-06
-7.83815e-07
-4.29563e-06
-4.28954e-07
-4.36938e-06
3.8768e-08
-4.50242e-06
6.30681e-07
-4.74075e-06
1.36239e-06
-5.12737e-06
2.25256e-06
-5.70324e-06
3.32361e-06
-6.50624e-06
4.60197e-06
-7.57016e-06
6.11648e-06
-8.92339e-06
7.89576e-06
-1.05859e-05
9.96459e-06
-1.25666e-05
1.23433e-05
-1.48615e-05
1.5034e-05
-1.74396e-05
1.80356e-05
-2.02679e-05
2.13351e-05
-2.32886e-05
2.49053e-05
-2.64333e-05
2.87093e-05
-2.96167e-05
3.27071e-05
-3.27506e-05
3.68828e-05
-3.57081e-05
-3.80919e-05
-1.26591e-06
-3.50298e-06
-1.21772e-06
-3.98054e-06
-1.02079e-06
-4.32678e-06
-6.7696e-07
-4.57662e-06
-1.79328e-07
-4.79326e-06
4.8344e-07
-5.03214e-06
1.32597e-06
-5.34495e-06
2.36554e-06
-5.78032e-06
3.62227e-06
-6.3841e-06
5.11836e-06
-7.19934e-06
6.87699e-06
-8.26486e-06
8.92051e-06
-9.61368e-06
1.1268e-05
-1.12708e-05
1.39302e-05
-1.32482e-05
1.69087e-05
-1.55451e-05
2.01873e-05
-1.81401e-05
2.37451e-05
-2.09974e-05
2.7541e-05
-2.40638e-05
3.15182e-05
-2.72659e-05
3.55991e-05
-3.05142e-05
3.96985e-05
-3.37162e-05
4.37223e-05
-3.67744e-05
4.75541e-05
-3.95399e-05
-4.18821e-05
-1.27692e-06
-3.47028e-06
-1.10003e-06
-4.15742e-06
-7.21022e-07
-4.70579e-06
-1.38592e-07
-5.15905e-06
6.59237e-07
-5.59109e-06
1.6892e-06
-6.0621e-06
2.97043e-06
-6.62618e-06
4.52335e-06
-7.33324e-06
6.36874e-06
-8.22949e-06
8.52627e-06
-9.35686e-06
1.10121e-05
-1.07507e-05
1.38349e-05
-1.24364e-05
1.69954e-05
-1.44313e-05
2.04799e-05
-1.67328e-05
2.42626e-05
-1.93277e-05
2.83042e-05
-2.21817e-05
3.25482e-05
-2.52415e-05
3.69176e-05
-2.84331e-05
4.13209e-05
-3.16692e-05
4.56653e-05
-3.48586e-05
4.98487e-05
-3.78996e-05
5.37549e-05
-4.06806e-05
5.72402e-05
-4.30253e-05
-4.49942e-05
-1.23333e-06
-3.53339e-06
-8.98268e-07
-4.49249e-06
-3.04445e-07
-5.29962e-06
5.52148e-07
-6.01565e-06
1.68759e-06
-6.72653e-06
3.12159e-06
-7.49611e-06
4.87407e-06
-8.37866e-06
6.96336e-06
-9.42253e-06
9.40439e-06
-1.06705e-05
1.22064e-05
-1.21589e-05
1.53716e-05
-1.3916e-05
1.88905e-05
-1.59553e-05
2.27418e-05
-1.82826e-05
2.68906e-05
-2.08816e-05
3.12811e-05
-2.37182e-05
3.58403e-05
-2.6741e-05
4.04794e-05
-2.98805e-05
4.51062e-05
-3.30599e-05
4.96282e-05
-3.61911e-05
5.39384e-05
-3.91689e-05
5.79176e-05
-4.18787e-05
6.1447e-05
-4.42101e-05
6.44222e-05
-4.60004e-05
-4.73709e-05
-1.13992e-06
-3.71461e-06
-6.19433e-07
-5.01298e-06
2.161e-07
-6.13515e-06
1.37309e-06
-7.17263e-06
2.86981e-06
-8.22326e-06
4.72519e-06
-9.35148e-06
6.95476e-06
-1.06082e-05
9.56856e-06
-1.20363e-05
1.257e-05
-1.36719e-05
1.59551e-05
-1.5544e-05
1.97091e-05
-1.76699e-05
2.38028e-05
-2.0049e-05
2.81832e-05
-2.2663e-05
3.27832e-05
-2.54816e-05
3.75217e-05
-2.84567e-05
4.23126e-05
-3.15319e-05
4.70656e-05
-3.46336e-05
5.16707e-05
-3.76649e-05
5.6017e-05
-4.05375e-05
5.99853e-05
-4.31371e-05
6.34563e-05
-4.53497e-05
6.63256e-05
-4.70793e-05
6.85592e-05
-4.8234e-05
-4.89708e-05
-9.98286e-07
-4.0383e-06
-2.65956e-07
-5.74531e-06
8.33326e-07
-7.23443e-06
2.30961e-06
-8.64891e-06
4.18081e-06
-1.00945e-05
6.46047e-06
-1.16311e-05
9.15418e-06
-1.33019e-05
1.22611e-05
-1.51433e-05
1.57722e-05
-1.7183e-05
1.96644e-05
-1.94362e-05
2.38896e-05
-2.18951e-05
2.83835e-05
-2.4543e-05
3.30736e-05
-2.73531e-05
3.78822e-05
-3.02901e-05
4.27221e-05
-3.32966e-05
4.74872e-05
-3.6297e-05
5.20697e-05
-3.92161e-05
5.63513e-05
-4.19465e-05
6.01769e-05
-4.43632e-05
6.34153e-05
-4.63756e-05
6.60083e-05
-4.79426e-05
6.79909e-05
-4.90619e-05
6.94925e-05
-4.97357e-05
-4.99186e-05
-8.05328e-07
-4.53224e-06
1.64619e-07
-6.71526e-06
1.54485e-06
-8.61466e-06
3.35353e-06
-1.04576e-05
5.60482e-06
-1.23458e-05
8.30224e-06
-1.43286e-05
1.14407e-05
-1.64404e-05
1.50034e-05
-1.8706e-05
1.89508e-05
-2.11303e-05
2.3218e-05
-2.37034e-05
2.77358e-05
-2.6413e-05
3.24323e-05
-2.92394e-05
3.72233e-05
-3.21441e-05
4.2009e-05
-3.50759e-05
4.66809e-05
-3.79685e-05
5.11245e-05
-4.07406e-05
5.51645e-05
-4.32561e-05
5.86274e-05
-4.54093e-05
6.14539e-05
-4.71897e-05
6.37047e-05
-4.86264e-05
6.54663e-05
-4.97043e-05
6.67875e-05
-5.03831e-05
6.77552e-05
-5.07034e-05
-5.04984e-05
-5.52152e-07
-5.22705e-06
6.75012e-07
-7.94242e-06
2.3497e-06
-1.02894e-05
4.49846e-06
-1.26064e-05
7.12975e-06
-1.4977e-05
1.02351e-05
-1.74339e-05
1.37851e-05
-1.99904e-05
1.772e-05
-2.26409e-05
2.19657e-05
-2.53759e-05
2.64467e-05
-2.81844e-05
3.1083e-05
-3.10492e-05
3.57773e-05
-3.39337e-05
4.0419e-05
-3.67859e-05
4.48992e-05
-3.95561e-05
4.90532e-05
-4.21225e-05
5.2684e-05
-4.43714e-05
5.57025e-05
-4.62746e-05
5.81788e-05
-4.78856e-05
6.02108e-05
-4.92217e-05
6.18152e-05
-5.02308e-05
6.30151e-05
-5.09042e-05
6.39182e-05
-5.12861e-05
6.45857e-05
-5.13709e-05
-5.0938e-05
-2.25858e-07
-6.14929e-06
1.27064e-06
-9.43892e-06
3.243e-06
-1.22617e-05
5.73305e-06
-1.50964e-05
8.73794e-06
-1.79819e-05
1.22151e-05
-2.0911e-05
1.6087e-05
-2.38624e-05
2.02663e-05
-2.68202e-05
2.4664e-05
-2.97737e-05
2.91819e-05
-3.27023e-05
3.37067e-05
-3.55741e-05
3.81202e-05
-3.83472e-05
4.23082e-05
-4.09739e-05
4.60732e-05
-4.3321e-05
4.9267e-05
-4.53163e-05
5.19156e-05
-4.702e-05
5.41359e-05
-4.84949e-05
5.59878e-05
-4.97375e-05
5.74528e-05
-5.06867e-05
5.85799e-05
-5.13579e-05
5.94617e-05
-5.17861e-05
6.0163e-05
-5.19874e-05
6.07082e-05
-5.1916e-05
-5.13445e-05
2.05191e-07
-7.3199e-06
1.94759e-06
-1.11813e-05
4.20798e-06
-1.45221e-05
7.0307e-06
-1.79191e-05
1.03721e-05
-2.13234e-05
1.41363e-05
-2.46752e-05
1.82121e-05
-2.79381e-05
2.24884e-05
-3.10965e-05
2.68447e-05
-3.41299e-05
3.11509e-05
-3.70086e-05
3.52835e-05
-3.97067e-05
3.9117e-05
-4.21807e-05
4.24735e-05
-4.43305e-05
4.52827e-05
-4.61301e-05
4.76563e-05
-4.76899e-05
4.96889e-05
-4.90527e-05
5.13846e-05
-5.01906e-05
5.27298e-05
-5.10827e-05
5.37948e-05
-5.17517e-05
5.46563e-05
-5.22194e-05
5.53734e-05
-5.25032e-05
5.59782e-05
-5.25922e-05
5.64806e-05
-5.24185e-05
-5.17651e-05
8.16858e-07
-8.74568e-06
2.68307e-06
-1.30475e-05
5.20803e-06
-1.70471e-05
8.33227e-06
-2.10434e-05
1.19365e-05
-2.49276e-05
1.58741e-05
-2.86128e-05
1.99998e-05
-3.20639e-05
2.41673e-05
-3.5264e-05
2.8231e-05
-3.81936e-05
3.20618e-05
-4.08395e-05
3.55439e-05
-4.31888e-05
3.8543e-05
-4.51798e-05
4.10479e-05
-4.68354e-05
4.31955e-05
-4.82777e-05
4.50494e-05
-4.95438e-05
4.65873e-05
-5.05905e-05
4.78293e-05
-5.14327e-05
4.88427e-05
-5.2096e-05
4.96872e-05
-5.25961e-05
5.04129e-05
-5.29451e-05
5.10509e-05
-5.31412e-05
5.16148e-05
-5.31561e-05
5.2108e-05
-5.29116e-05
-5.22142e-05
-4.85344e-07
4.85344e-07
-1.43638e-06
9.51032e-07
-2.31008e-06
8.73702e-07
-2.60924e-06
2.99165e-07
-2.00356e-06
-6.05685e-07
-2.02044e-06
1.68843e-08
-7.01147e-07
1.18649e-06
-1.55002e-06
1.7999e-06
-2.14482e-06
1.46851e-06
-2.25776e-06
4.12097e-07
-1.57884e-06
-1.2846e-06
-3.67858e-06
7.93024e-08
-7.14068e-07
1.90056e-06
-1.43108e-06
2.51691e-06
-1.87402e-06
1.91146e-06
-1.8438e-06
3.8187e-07
-1.16818e-06
-1.96022e-06
-5.06824e-06
2.21478e-07
-7.02169e-07
2.60273e-06
-1.28851e-06
3.10325e-06
-1.61095e-06
2.2339e-06
-1.49269e-06
2.63604e-07
-8.29056e-07
-2.62385e-06
-6.29856e-06
4.01264e-07
-6.81085e-07
3.28381e-06
-1.14651e-06
3.56867e-06
-1.36859e-06
2.45599e-06
-1.19843e-06
9.34463e-08
-5.54509e-07
-3.26777e-06
-7.44894e-06
5.95868e-07
-6.26976e-07
3.91079e-06
-9.98596e-07
3.94029e-06
-1.14378e-06
2.60117e-06
-9.48502e-07
-1.01831e-07
-3.28354e-07
-3.88792e-06
-8.55617e-06
7.78883e-07
-5.53222e-07
4.46401e-06
-8.46168e-07
4.23323e-06
-9.35742e-07
2.69074e-06
-7.35172e-07
-3.024e-07
-1.45115e-07
-4.47798e-06
-9.62766e-06
9.26367e-07
-4.67896e-07
4.93191e-06
-6.91849e-07
4.45719e-06
-7.42892e-07
2.74179e-06
-5.53638e-07
-4.91655e-07
-5.75561e-09
-5.02586e-06
-1.06532e-05
1.01977e-06
-3.7441e-07
5.30632e-06
-5.36973e-07
4.61975e-06
-5.63197e-07
2.76801e-06
-4.00366e-07
-6.54486e-07
8.92836e-08
-5.51551e-06
-1.16106e-05
1.04672e-06
-2.75441e-07
5.58176e-06
-3.81259e-07
4.72557e-06
-3.9414e-07
2.78089e-06
-2.71975e-07
-7.76652e-07
1.40047e-07
-5.92753e-06
-1.24715e-05
1.0009e-06
-1.72179e-07
5.75394e-06
-2.24824e-07
4.77821e-06
-2.32792e-07
2.78886e-06
-1.6447e-07
-8.44973e-07
1.48126e-07
-6.24013e-06
-1.32055e-05
8.82158e-07
-6.57064e-08
5.81964e-06
-6.75275e-08
4.78004e-06
-7.58509e-08
2.79718e-06
-7.2517e-08
-8.48307e-07
1.18685e-07
-6.43133e-06
-1.3783e-05
6.96196e-07
4.26705e-08
5.77697e-06
9.16728e-08
4.73103e-06
8.08343e-08
2.80802e-06
1.19945e-08
-7.79468e-07
5.86062e-08
-6.47794e-06
-1.41779e-05
4.53521e-07
1.51054e-07
5.62592e-06
2.53171e-07
4.62892e-06
2.41424e-07
2.81977e-06
9.29268e-08
-6.30971e-07
-2.26674e-08
-6.36235e-06
-1.43729e-05
1.72255e-07
2.59552e-07
5.36637e-06
4.16814e-07
4.47165e-06
4.09695e-07
2.82689e-06
1.8441e-07
-4.05685e-07
-9.92337e-08
-6.0787e-06
-1.43338e-05
-1.38335e-07
3.67135e-07
4.99923e-06
5.82349e-07
4.25644e-06
5.89422e-07
2.81981e-06
2.9681e-07
-1.13073e-07
-1.65469e-07
-5.61643e-06
-1.40253e-05
-4.73878e-07
4.7447e-07
4.52476e-06
7.48656e-07
3.98225e-06
7.83108e-07
2.78536e-06
4.428e-07
2.27234e-07
-1.9722e-07
-4.97641e-06
-1.34291e-05
-7.93417e-07
5.91404e-07
3.93336e-06
9.11923e-07
3.66174e-06
9.91213e-07
2.70607e-06
6.3505e-07
5.83397e-07
-1.71028e-07
-4.17033e-06
-1.25187e-05
-1.08145e-06
6.79687e-07
3.25367e-06
1.06027e-06
3.28115e-06
1.21155e-06
2.5548e-06
8.84816e-07
9.10131e-07
-7.09271e-08
-3.21459e-06
-1.12772e-05
-1.31243e-06
7.16214e-07
2.53746e-06
1.18761e-06
2.80975e-06
1.44071e-06
2.3017e-06
1.20059e-06
1.15025e-06
1.80852e-07
-2.19485e-06
-9.65142e-06
-1.44495e-06
7.25898e-07
1.81156e-06
1.29613e-06
2.23952e-06
1.67283e-06
1.92501e-06
1.57807e-06
1.24501e-06
6.03572e-07
-1.22035e-06
-7.62943e-06
-1.41842e-06
7.15052e-07
1.09651e-06
1.3811e-06
1.57347e-06
1.89721e-06
1.4089e-06
2.00138e-06
1.14084e-06
1.18673e-06
-4.05709e-07
-5.28398e-06
-1.15871e-06
6.65788e-07
4.30718e-07
1.42448e-06
8.14773e-07
2.08204e-06
7.51335e-07
2.44522e-06
7.77666e-07
1.88784e-06
1.51672e-07
-2.74608e-06
-6.50067e-07
4.30718e-07
1.24549e-06
1.99683e-06
2.77449e-06
2.92616e-06
1.80085e-07
1.3765e-06
-1.01053e-05
3.40586e-06
-1.50769e-05
6.18601e-06
-1.98272e-05
9.55705e-06
-2.44144e-05
1.33197e-05
-2.86902e-05
1.72764e-05
-3.25694e-05
2.12471e-05
-3.60347e-05
2.50693e-05
-3.90862e-05
2.86105e-05
-4.17348e-05
3.17809e-05
-4.40099e-05
3.44914e-05
-4.58993e-05
3.67656e-05
-4.7454e-05
3.87298e-05
-4.87995e-05
4.04169e-05
-4.99649e-05
4.18046e-05
-5.09315e-05
4.29456e-05
-5.17315e-05
4.39016e-05
-5.23886e-05
4.47203e-05
-5.29148e-05
4.54407e-05
-5.33165e-05
4.609e-05
-5.35945e-05
4.66799e-05
-5.37311e-05
4.72153e-05
-5.36915e-05
4.77007e-05
-5.33971e-05
-5.26844e-05
1.74279e-06
-1.17688e-05
4.04124e-06
-1.73753e-05
7.07962e-06
-2.28656e-05
1.06204e-05
-2.79552e-05
1.43957e-05
-3.24655e-05
1.81791e-05
-3.63528e-05
2.17851e-05
-3.96406e-05
2.50787e-05
-4.23798e-05
2.79877e-05
-4.46438e-05
3.04648e-05
-4.6487e-05
3.2544e-05
-4.79785e-05
3.43384e-05
-4.92483e-05
3.58678e-05
-5.03289e-05
3.71308e-05
-5.12279e-05
3.81865e-05
-5.19872e-05
3.90863e-05
-5.26313e-05
3.98692e-05
-5.31716e-05
4.05661e-05
-5.36117e-05
4.11999e-05
-5.39503e-05
4.17832e-05
-5.41778e-05
4.23223e-05
-5.42702e-05
4.2821e-05
-5.41902e-05
4.3289e-05
-5.38651e-05
-5.31599e-05
2.03943e-06
-1.35867e-05
4.62062e-06
-1.99565e-05
7.85579e-06
-2.61008e-05
1.14315e-05
-3.15308e-05
1.50454e-05
-3.60794e-05
1.84733e-05
-3.97807e-05
2.15695e-05
-4.27369e-05
2.42686e-05
-4.50789e-05
2.65579e-05
-4.69332e-05
2.84756e-05
-4.84047e-05
3.01154e-05
-4.96183e-05
3.14994e-05
-5.06324e-05
3.26487e-05
-5.14782e-05
3.36207e-05
-5.21999e-05
3.44573e-05
-5.28238e-05
3.51902e-05
-5.33641e-05
3.58446e-05
-5.3826e-05
3.64404e-05
-5.42076e-05
3.69916e-05
-5.45015e-05
3.75054e-05
-5.46915e-05
3.79864e-05
-5.47513e-05
3.84394e-05
-5.46432e-05
3.88782e-05
-5.43039e-05
-5.36225e-05
2.35998e-06
-1.55455e-05
5.14367e-06
-2.27402e-05
8.45844e-06
-2.94155e-05
1.19091e-05
-3.49815e-05
1.5199e-05
-3.93694e-05
1.8151e-05
-4.27327e-05
2.06957e-05
-4.52815e-05
2.2837e-05
-4.72203e-05
2.46192e-05
-4.87153e-05
2.6117e-05
-4.99024e-05
2.73696e-05
-5.08709e-05
2.84121e-05
-5.16749e-05
2.92961e-05
-5.23621e-05
3.00577e-05
-5.29615e-05
3.07248e-05
-5.34909e-05
3.13194e-05
-5.39588e-05
3.18593e-05
-5.43658e-05
3.23576e-05
-5.47059e-05
3.28231e-05
-5.4967e-05
3.32607e-05
-5.51291e-05
3.36747e-05
-5.51653e-05
3.40717e-05
-5.50402e-05
3.44675e-05
-5.46997e-05
-5.40543e-05
2.68057e-06
-1.76302e-05
5.57132e-06
-2.5631e-05
8.82163e-06
-3.26658e-05
1.20011e-05
-3.8161e-05
1.4859e-05
-4.22273e-05
1.72998e-05
-4.51734e-05
1.93289e-05
-4.73106e-05
2.09976e-05
-4.8889e-05
2.23714e-05
-5.00892e-05
2.35046e-05
-5.10355e-05
2.44433e-05
-5.18097e-05
2.52344e-05
-5.2466e-05
2.59115e-05
-5.30392e-05
2.65008e-05
-5.35508e-05
2.70226e-05
-5.40127e-05
2.74927e-05
-5.44289e-05
2.79229e-05
-5.47961e-05
2.8322e-05
-5.5105e-05
2.86957e-05
-5.53407e-05
2.90485e-05
-5.54819e-05
2.93857e-05
-5.55026e-05
2.97156e-05
-5.53701e-05
3.00549e-05
-5.5039e-05
-5.44387e-05
2.95155e-06
-1.98028e-05
5.84939e-06
-2.85288e-05
8.90294e-06
-3.57194e-05
1.17069e-05
-4.09649e-05
1.40934e-05
-4.46138e-05
1.60484e-05
-4.71284e-05
1.76258e-05
-4.88881e-05
1.88954e-05
-5.01585e-05
1.99216e-05
-5.11155e-05
2.07588e-05
-5.18728e-05
2.1452e-05
-5.25028e-05
2.2036e-05
-5.305e-05
2.25374e-05
-5.35406e-05
2.29759e-05
-5.39893e-05
2.33656e-05
-5.44023e-05
2.37164e-05
-5.47798e-05
2.40362e-05
-5.51159e-05
2.43309e-05
-5.53996e-05
2.46055e-05
-5.56153e-05
2.48652e-05
-5.57416e-05
2.51165e-05
-5.57539e-05
2.53687e-05
-5.56223e-05
2.5639e-05
-5.53093e-05
-5.47615e-05
3.13313e-06
-2.20096e-05
5.93449e-06
-3.13302e-05
8.69249e-06
-3.84774e-05
1.10718e-05
-4.33442e-05
1.29985e-05
-4.65405e-05
1.4518e-05
-4.8648e-05
1.57068e-05
-5.00769e-05
1.6638e-05
-5.10896e-05
1.73733e-05
-5.18508e-05
1.79629e-05
-5.24624e-05
1.84453e-05
-5.29852e-05
1.88491e-05
-5.34538e-05
1.91942e-05
-5.38857e-05
1.9494e-05
-5.4289e-05
1.97569e-05
-5.46653e-05
1.99892e-05
-5.5012e-05
2.01955e-05
-5.53222e-05
2.03807e-05
-5.55848e-05
2.05498e-05
-5.57843e-05
2.07091e-05
-5.59009e-05
2.08661e-05
-5.59109e-05
2.10311e-05
-5.57872e-05
2.12213e-05
-5.54995e-05
-5.50104e-05
3.19986e-06
-2.41897e-05
5.81298e-06
-3.39433e-05
8.21443e-06
-4.08788e-05
1.01641e-05
-4.52939e-05
1.16672e-05
-4.80435e-05
1.2803e-05
-4.97838e-05
1.3655e-05
-5.09289e-05
1.42944e-05
-5.1729e-05
1.47787e-05
-5.23352e-05
1.51528e-05
-5.28364e-05
1.54493e-05
-5.32817e-05
1.56905e-05
-5.36949e-05
1.58902e-05
-5.40855e-05
1.60568e-05
-5.44555e-05
1.61948e-05
-5.48033e-05
1.63074e-05
-5.51246e-05
1.63977e-05
-5.54125e-05
1.64694e-05
-5.56566e-05
1.65281e-05
-5.5843e-05
1.65807e-05
-5.59535e-05
1.6636e-05
-5.59662e-05
1.67048e-05
-5.5856e-05
1.6805e-05
-5.55996e-05
-5.51759e-05
3.13925e-06
-2.62822e-05
5.49569e-06
-3.62997e-05
7.5139e-06
-4.28971e-05
9.05342e-06
-4.68334e-05
1.01744e-05
-4.91645e-05
1.09714e-05
-5.05808e-05
1.15276e-05
-5.14851e-05
1.19105e-05
-5.21119e-05
1.21728e-05
-5.25975e-05
1.23537e-05
-5.30174e-05
1.24802e-05
-5.34081e-05
1.25684e-05
-5.37832e-05
1.26278e-05
-5.41448e-05
1.26628e-05
-5.44906e-05
1.26757e-05
-5.48162e-05
1.26677e-05
-5.51166e-05
1.26403e-05
-5.5385e-05
1.25965e-05
-5.56128e-05
1.25415e-05
-5.5788e-05
1.24828e-05
-5.58948e-05
1.24297e-05
-5.59131e-05
1.23937e-05
-5.58201e-05
1.23943e-05
-5.56002e-05
-5.52508e-05
2.95093e-06
-2.82322e-05
5.00756e-06
-3.83564e-05
6.64072e-06
-4.45302e-05
7.79963e-06
-4.79923e-05
8.57733e-06
-4.99422e-05
9.07249e-06
-5.1076e-05
9.36496e-06
-5.17776e-05
9.51769e-06
-5.22646e-05
9.57852e-06
-5.26583e-05
9.58102e-06
-5.30199e-05
9.54627e-06
-5.33734e-05
9.48609e-06
-5.3723e-05
9.40635e-06
-5.40651e-05
9.30948e-06
-5.43937e-05
9.19614e-06
-5.47029e-05
9.06644e-06
-5.49869e-05
8.92088e-06
-5.52395e-05
8.76133e-06
-5.54532e-05
8.592e-06
-5.56186e-05
8.41992e-06
-5.57228e-05
8.2541e-06
-5.57473e-05
8.10403e-06
-5.567e-05
7.99183e-06
-5.5488e-05
-5.5232e-05
2.64417e-06
-2.99942e-05
4.37952e-06
-4.00917e-05
5.64135e-06
-4.5792e-05
6.45157e-06
-4.88025e-05
6.91976e-06
-5.04104e-05
7.14278e-06
-5.1299e-05
7.19614e-06
-5.18309e-05
7.13823e-06
-5.22067e-05
7.01168e-06
-5.25318e-05
6.84449e-06
-5.28527e-05
6.65292e-06
-5.31818e-05
6.44524e-06
-5.35154e-05
6.22517e-06
-5.3845e-05
5.99406e-06
-5.41626e-05
5.75213e-06
-5.4461e-05
5.49923e-06
-5.4734e-05
5.23544e-06
-5.49757e-05
4.96182e-06
-5.51796e-05
4.68127e-06
-5.53381e-05
4.39992e-06
-5.54414e-05
4.12874e-06
-5.54761e-05
3.87763e-06
-5.54189e-05
3.60769e-06
-5.52181e-05
-5.5118e-05
2.23585e-06
-3.15339e-05
3.64426e-06
-4.15001e-05
4.55669e-06
-4.67045e-05
5.04855e-06
-4.92944e-05
5.23524e-06
-5.05971e-05
5.20961e-06
-5.12734e-05
5.04269e-06
-5.1664e-05
4.78823e-06
-5.19522e-05
4.48358e-06
-5.22271e-05
4.15163e-06
-5.25208e-05
3.80457e-06
-5.28348e-05
3.44812e-06
-5.31589e-05
3.08468e-06
-5.34816e-05
2.71522e-06
-5.37931e-05
2.34014e-06
-5.40859e-05
1.95977e-06
-5.43536e-05
1.57476e-06
-5.45907e-05
1.18663e-06
-5.47915e-05
7.98256e-07
-5.49497e-05
4.14049e-07
-5.50572e-05
4.29925e-08
-5.51051e-05
-2.82228e-07
-5.50937e-05
-4.47819e-07
-5.50525e-05
-5.46376e-05
1.7481e-06
-3.28285e-05
2.83479e-06
-4.25868e-05
3.42175e-06
-4.72914e-05
3.62189e-06
-4.94945e-05
3.54994e-06
-5.05251e-05
3.29412e-06
-5.10175e-05
2.92116e-06
-5.12911e-05
2.48018e-06
-5.15112e-05
2.00343e-06
-5.17504e-05
1.50922e-06
-5.20266e-05
1.00651e-06
-5.23321e-05
4.99081e-07
-5.26515e-05
-1.15765e-08
-5.29709e-05
-5.24733e-07
-5.328e-05
-1.03988e-06
-5.35707e-05
-1.55641e-06
-5.38371e-05
-2.07343e-06
-5.40737e-05
-2.58967e-06
-5.42752e-05
-3.10315e-06
-5.44362e-05
-3.60968e-06
-5.45507e-05
-4.1004e-06
-5.46144e-05
-4.57203e-06
-5.4622e-05
-5.09623e-06
-5.45283e-05
-5.4305e-05
1.2054e-06
-3.38616e-05
1.98169e-06
-4.33631e-05
2.26642e-06
-4.75762e-05
2.19721e-06
-4.94253e-05
1.88485e-06
-5.02128e-05
1.41318e-06
-5.05459e-05
8.44698e-07
-5.07226e-05
2.24193e-07
-5.08907e-05
-4.20777e-07
-5.11054e-05
-1.07567e-06
-5.13717e-05
-1.73433e-06
-5.16734e-05
-2.39448e-06
-5.19913e-05
-3.05531e-06
-5.23101e-05
-3.71637e-06
-5.26189e-05
-4.37721e-06
-5.29099e-05
-5.03726e-06
-5.3177e-05
-5.69573e-06
-5.34152e-05
-6.35158e-06
-5.36194e-05
-7.00315e-06
-5.37847e-05
-7.64784e-06
-5.3906e-05
-8.2836e-06
-5.39786e-05
-8.91214e-06
-5.39935e-05
-9.51363e-06
-5.39268e-05
-5.38204e-05
6.30826e-07
-3.46308e-05
1.11249e-06
-4.38448e-05
1.11655e-06
-4.75802e-05
7.95907e-07
-4.91047e-05
2.57007e-07
-4.96739e-05
-4.20168e-07
-4.98687e-05
-1.17584e-06
-4.99669e-05
-1.97043e-06
-5.00961e-05
-2.78053e-06
-5.02953e-05
-3.59502e-06
-5.05572e-05
-4.40959e-06
-5.08588e-05
-5.22304e-06
-5.11779e-05
-6.0351e-06
-5.14981e-05
-6.84552e-06
-5.18085e-05
-7.65392e-06
-5.21015e-05
-8.45974e-06
-5.23712e-05
-9.26218e-06
-5.26127e-05
-1.00601e-05
-5.28215e-05
-1.08516e-05
-5.29931e-05
-1.1634e-05
-5.31236e-05
-1.24038e-05
-5.32088e-05
-1.31546e-05
-5.32427e-05
-1.38672e-05
-5.32143e-05
-5.31919e-05
3.9226e-08
-3.51439e-05
2.57413e-07
-4.4063e-05
-5.87904e-09
-4.73169e-05
-5.64311e-07
-4.85462e-05
-1.31895e-06
-4.89192e-05
-2.1929e-06
-4.89947e-05
-3.13079e-06
-4.9029e-05
-4.09591e-06
-4.9131e-05
-5.06877e-06
-4.93224e-05
-6.04115e-06
-4.95848e-05
-7.01049e-06
-4.98895e-05
-7.9764e-06
-5.0212e-05
-8.93885e-06
-5.05356e-05
-9.89764e-06
-5.08497e-05
-1.08523e-05
-5.11468e-05
-1.18021e-05
-5.14214e-05
-1.2746e-05
-5.16688e-05
-1.36826e-05
-5.1885e-05
-1.46095e-05
-5.20662e-05
-1.55236e-05
-5.22095e-05
-1.64202e-05
-5.23122e-05
-1.72918e-05
-5.2371e-05
-1.81244e-05
-5.23817e-05
-5.2429e-05
-5.22062e-07
-3.54152e-05
-5.70808e-07
-4.40142e-05
-1.07853e-06
-4.68092e-05
-1.86715e-06
-4.77576e-05
-2.83153e-06
-4.79549e-05
-3.89746e-06
-4.79288e-05
-5.01274e-06
-4.79137e-05
-6.14485e-06
-4.79989e-05
-7.27787e-06
-4.81894e-05
-8.40608e-06
-4.84566e-05
-9.52827e-06
-4.87673e-05
-1.06446e-05
-4.90956e-05
-1.17553e-05
-4.9425e-05
-1.286e-05
-4.9745e-05
-1.3958e-05
-5.00488e-05
-1.50485e-05
-5.03309e-05
-1.61302e-05
-5.05871e-05
-1.72013e-05
-5.08138e-05
-1.82594e-05
-5.10081e-05
-1.93009e-05
-5.1168e-05
-2.0321e-05
-5.12921e-05
-2.13129e-05
-5.13791e-05
-2.22655e-05
-5.14291e-05
-5.15376e-05
-1.04596e-06
-3.54507e-05
-1.34241e-06
-4.37178e-05
-2.08706e-06
-4.60645e-05
-3.10116e-06
-4.67435e-05
-4.27157e-06
-4.67844e-05
-5.52569e-06
-4.66747e-05
-6.81476e-06
-4.66247e-05
-8.11059e-06
-4.67031e-05
-9.40093e-06
-4.68991e-05
-1.06823e-05
-4.71752e-05
-1.19546e-05
-4.7495e-05
-1.32186e-05
-4.78317e-05
-1.44742e-05
-4.81693e-05
-1.57212e-05
-4.8498e-05
-1.69588e-05
-4.88112e-05
-1.81859e-05
-4.91038e-05
-1.9401e-05
-4.9372e-05
-2.06024e-05
-4.96125e-05
-2.17874e-05
-4.98231e-05
-2.29527e-05
-5.00028e-05
-2.40935e-05
-5.01512e-05
-2.5204e-05
-5.02687e-05
-2.62752e-05
-5.03579e-05
-5.05217e-05
-1.49246e-06
-3.52707e-05
-2.02804e-06
-4.31822e-05
-3.01614e-06
-4.50764e-05
-4.25664e-06
-4.5503e-05
-5.63184e-06
-4.54092e-05
-7.07148e-06
-4.5235e-05
-8.53109e-06
-4.51651e-05
-9.98736e-06
-4.52468e-05
-1.14318e-05
-4.54547e-05
-1.2863e-05
-4.5744e-05
-1.4282e-05
-4.60759e-05
-1.56897e-05
-4.64239e-05
-1.70864e-05
-4.67726e-05
-1.84715e-05
-4.71129e-05
-1.98443e-05
-4.74385e-05
-2.12035e-05
-4.77447e-05
-2.25476e-05
-4.80278e-05
-2.3875e-05
-4.82851e-05
-2.5183e-05
-4.85151e-05
-2.64684e-05
-4.87173e-05
-2.7727e-05
-4.88926e-05
-2.89535e-05
-4.90422e-05
-3.01404e-05
-4.9171e-05
-4.93856e-05
-1.82027e-06
-3.48954e-05
-2.6098e-06
-4.23927e-05
-3.85353e-06
-4.38327e-05
-5.3262e-06
-4.40304e-05
-6.9071e-06
-4.38284e-05
-8.53035e-06
-4.36118e-05
-1.01573e-05
-4.35381e-05
-1.17704e-05
-4.36338e-05
-1.3365e-05
-4.386e-05
-1.4942e-05
-4.4167e-05
-1.65035e-05
-4.45145e-05
-1.80505e-05
-4.48768e-05
-1.95835e-05
-4.52396e-05
-2.1102e-05
-4.55944e-05
-2.2605e-05
-4.59354e-05
-2.40914e-05
-4.62582e-05
-2.55599e-05
-4.65593e-05
-2.70087e-05
-4.68363e-05
-2.84355e-05
-4.70883e-05
-2.98372e-05
-4.73156e-05
-3.121e-05
-4.75199e-05
-3.25491e-05
-4.77031e-05
-3.38483e-05
-4.78718e-05
-4.81336e-05
-1.98505e-06
-3.43288e-05
-3.06906e-06
-4.13087e-05
-4.58901e-06
-4.23127e-05
-6.3052e-06
-4.23142e-05
-8.09466e-06
-4.20389e-05
-9.8999e-06
-4.18065e-05
-1.16906e-05
-4.17474e-05
-1.3456e-05
-4.18683e-05
-1.51962e-05
-4.21199e-05
-1.69142e-05
-4.2449e-05
-1.86129e-05
-4.28158e-05
-2.02941e-05
-4.31957e-05
-2.19581e-05
-4.35757e-05
-2.36045e-05
-4.39481e-05
-2.52324e-05
-4.43075e-05
-2.68409e-05
-4.46497e-05
-2.84286e-05
-4.49716e-05
-2.99941e-05
-4.52709e-05
-3.1535e-05
-4.55473e-05
-3.30486e-05
-4.5802e-05
-3.45313e-05
-4.60372e-05
-3.59789e-05
-4.62556e-05
-3.73861e-05
-4.64645e-05
-4.67705e-05
-1.93693e-06
-3.35505e-05
-3.38463e-06
-3.9861e-05
-5.21821e-06
-4.04792e-05
-7.19434e-06
-4.03381e-05
-9.19588e-06
-4.00373e-05
-1.11804e-05
-3.9822e-05
-1.31297e-05
-3.97981e-05
-1.5042e-05
-3.9956e-05
-1.69219e-05
-4.024e-05
-1.87749e-05
-4.0596e-05
-2.0605e-05
-4.09856e-05
-2.24143e-05
-4.13864e-05
-2.42032e-05
-4.17867e-05
-2.59715e-05
-4.21797e-05
-2.77186e-05
-4.25605e-05
-2.94434e-05
-4.29249e-05
-3.11449e-05
-4.327e-05
-3.28216e-05
-4.35942e-05
-3.44716e-05
-4.38974e-05
-3.6092e-05
-4.41816e-05
-3.76797e-05
-4.44495e-05
-3.92308e-05
-4.47045e-05
-4.07413e-05
-4.4954e-05
-4.53012e-05
-1.5581e-06
-3.26425e-05
-3.53708e-06
-3.7882e-05
-5.7528e-06
-3.82634e-05
-8.00494e-06
-3.80859e-05
-1.02178e-05
-3.78245e-05
-1.23751e-05
-3.76648e-05
-1.44755e-05
-3.76978e-05
-1.65269e-05
-3.79046e-05
-1.85393e-05
-3.82276e-05
-2.05202e-05
-3.86151e-05
-2.24748e-05
-3.90311e-05
-2.44053e-05
-3.94559e-05
-2.63125e-05
-3.98796e-05
-2.81962e-05
-4.0296e-05
-3.0056e-05
-4.07007e-05
-3.1891e-05
-4.10899e-05
-3.37003e-05
-4.14608e-05
-3.54825e-05
-4.1812e-05
-3.72357e-05
-4.21442e-05
-3.89572e-05
-4.246e-05
-4.06441e-05
-4.27626e-05
-4.22934e-05
-4.30552e-05
-4.39019e-05
-4.33455e-05
-4.37311e-05
-5.24289e-07
-3.19381e-05
-3.56798e-06
-3.48383e-05
-6.24337e-06
-3.5588e-05
-8.76384e-06
-3.55654e-05
-1.11735e-05
-3.54148e-05
-1.34899e-05
-3.53483e-05
-1.57296e-05
-3.54581e-05
-1.79103e-05
-3.57239e-05
-2.00462e-05
-3.60917e-05
-2.21469e-05
-3.65144e-05
-2.42179e-05
-3.696e-05
-2.6262e-05
-3.74118e-05
-2.828e-05
-3.78615e-05
-3.0272e-05
-3.8304e-05
-3.22376e-05
-3.87351e-05
-3.41761e-05
-3.91513e-05
-3.60866e-05
-3.95502e-05
-3.79679e-05
-3.99308e-05
-3.98178e-05
-4.02942e-05
-4.16341e-05
-4.06437e-05
-4.34141e-05
-4.09826e-05
-4.51554e-05
-4.13139e-05
-4.68563e-05
-4.16445e-05
-4.2066e-05
-2.64313e-07
2.64313e-07
-6.24967e-07
3.60654e-07
-8.86243e-07
2.61276e-07
-8.04242e-07
-8.20013e-08
1.05196e-06
-1.8562e-06
-4.22284e-06
5.2748e-06
-2.99596e-07
5.63909e-07
-5.81095e-07
6.42153e-07
-7.05227e-07
3.85408e-07
-4.43283e-07
-3.43946e-07
4.8611e-07
-2.78559e-06
-6.20791e-06
2.47117e-06
-2.90854e-07
8.54763e-07
-5.04012e-07
8.55312e-07
-5.66889e-07
4.48285e-07
-3.17753e-07
-5.93082e-07
1.91946e-07
-3.29529e-06
-6.9494e-06
9.33442e-07
-2.68119e-07
1.12288e-06
-4.36108e-07
1.0233e-06
-4.84706e-07
4.96883e-07
-3.27851e-07
-7.49937e-07
-1.49075e-07
-3.47406e-06
-6.94062e-06
-1.57857e-07
-2.37739e-07
1.36062e-06
-3.78527e-07
1.16409e-06
-4.42213e-07
5.6057e-07
-4.12049e-07
-7.80101e-07
-5.23745e-07
-3.36237e-06
-6.5611e-06
-9.0327e-07
-2.03864e-07
1.56448e-06
-3.29242e-07
1.28947e-06
-4.25051e-07
6.56378e-07
-5.28102e-07
-6.7705e-07
-8.667e-07
-3.02377e-06
-5.84397e-06
-1.58383e-06
-1.68675e-07
1.73316e-06
-2.85566e-07
1.40636e-06
-4.20781e-07
7.91593e-07
-6.49171e-07
-4.4866e-07
-1.17911e-06
-2.49383e-06
-4.88279e-06
-2.14029e-06
-1.3324e-07
1.8664e-06
-2.44472e-07
1.51759e-06
-4.18776e-07
9.65897e-07
-7.56039e-07
-1.11397e-07
-1.44029e-06
-1.80958e-06
-3.74994e-06
-2.57314e-06
-9.77351e-08
1.96413e-06
-2.02835e-07
1.62269e-06
-4.1e-07
1.17306e-06
-8.34212e-07
3.12815e-07
-1.63558e-06
-1.0082e-06
-2.49887e-06
-2.88666e-06
-6.18364e-08
2.02597e-06
-1.57879e-07
1.71873e-06
-3.87277e-07
1.40246e-06
-8.73194e-07
7.98732e-07
-1.75582e-06
-1.25578e-07
-1.17093e-06
-3.08376e-06
-2.50632e-08
2.05103e-06
-1.07397e-07
1.80107e-06
-3.45287e-07
1.64035e-06
-8.65768e-07
1.31921e-06
-1.79521e-06
8.03865e-07
2.00126e-07
-3.16627e-06
1.2632e-08
2.0384e-06
-4.99903e-08
1.86369e-06
-2.80601e-07
1.87096e-06
-8.07432e-07
1.84605e-06
-1.75026e-06
1.74669e-06
1.58502e-06
-3.13515e-06
5.06538e-08
1.98775e-06
1.47687e-08
1.89957e-06
-1.91714e-07
2.07744e-06
-6.96086e-07
2.35042e-06
-1.61919e-06
2.66979e-06
2.95652e-06
-2.99068e-06
8.92811e-08
1.89847e-06
8.63883e-08
1.90247e-06
-7.90939e-08
2.24292e-06
-5.31925e-07
2.80325e-06
-1.40172e-06
3.53959e-06
4.28727e-06
-2.73247e-06
1.27294e-07
1.77117e-06
1.63005e-07
1.86676e-06
5.47396e-08
2.35119e-06
-3.17478e-07
3.17547e-06
-1.09904e-06
4.32116e-06
5.54786e-06
-2.35964e-06
1.63183e-07
1.60799e-06
2.41747e-07
1.78819e-06
2.05106e-07
2.38783e-06
-5.7973e-08
3.43854e-06
-7.13981e-07
4.97716e-06
6.70449e-06
-1.87061e-06
1.94994e-07
1.413e-06
3.18628e-07
1.66456e-06
3.65195e-07
2.34126e-06
2.38626e-07
3.56511e-06
-2.51489e-07
5.46728e-06
7.71624e-06
-1.26323e-06
2.20395e-07
1.1926e-06
3.88736e-07
1.49622e-06
5.2593e-07
2.20407e-06
5.60369e-07
3.53067e-06
2.79849e-07
5.7478e-06
8.53336e-06
-5.37279e-07
2.36831e-07
9.55771e-07
4.46504e-07
1.28654e-06
6.76123e-07
1.97445e-06
8.91136e-07
3.31566e-06
8.65917e-07
5.77302e-06
9.09493e-06
3.04352e-07
2.41752e-07
7.1402e-07
4.86086e-07
1.04221e-06
8.02594e-07
1.65794e-06
1.20915e-06
2.90911e-06
1.48854e-06
5.49363e-06
9.2821e-06
1.30136e-06
2.33007e-07
4.81013e-07
5.01807e-07
7.7341e-07
8.90243e-07
1.2695e-06
1.48434e-06
2.31501e-06
2.1111e-06
4.86687e-06
8.94772e-06
2.44548e-06
2.09522e-07
2.71491e-07
4.88477e-07
4.94455e-07
9.21935e-07
8.36047e-07
1.67278e-06
1.56416e-06
2.68072e-06
3.85893e-06
7.81064e-06
3.8178e-06
1.70209e-07
1.01282e-07
4.39346e-07
2.25317e-07
8.76942e-07
3.98452e-07
1.70899e-06
7.32115e-07
3.16527e-06
2.40266e-06
5.22862e-06
5.74729e-06
1.01282e-07
3.26599e-07
7.25051e-07
1.45717e-06
3.85982e-06
9.08845e-06
9.62207e-08
-2.67595e-05
-3.75033e-06
-3.09917e-05
-6.76895e-06
-3.25694e-05
-9.50353e-06
-3.28309e-05
-1.2077e-05
-3.28413e-05
-1.45307e-05
-3.28947e-05
-1.68941e-05
-3.30947e-05
-1.91917e-05
-3.34263e-05
-2.14406e-05
-3.38428e-05
-2.36514e-05
-3.43036e-05
-2.583e-05
-3.47814e-05
-2.79792e-05
-3.52627e-05
-3.00999e-05
-3.57408e-05
-3.21924e-05
-3.62115e-05
-3.42563e-05
-3.66712e-05
-3.62912e-05
-3.71165e-05
-3.82959e-05
-3.75455e-05
-4.02692e-05
-3.79575e-05
-4.22091e-05
-3.83543e-05
-4.41133e-05
-3.87395e-05
-4.59796e-05
-3.91164e-05
-4.78063e-05
-3.94872e-05
-4.95932e-05
-3.98576e-05
-4.03117e-05
-9.57739e-07
-2.33306e-05
-4.28761e-06
-2.76619e-05
-7.38083e-06
-2.94762e-05
-1.02427e-05
-2.9969e-05
-1.29359e-05
-3.01481e-05
-1.54999e-05
-3.03306e-05
-1.79689e-05
-3.06257e-05
-2.03695e-05
-3.10257e-05
-2.27198e-05
-3.14925e-05
-2.50303e-05
-3.19931e-05
-2.73068e-05
-3.25049e-05
-2.9552e-05
-3.30175e-05
-3.17667e-05
-3.3526e-05
-3.39514e-05
-3.40269e-05
-3.61056e-05
-3.45169e-05
-3.82289e-05
-3.49933e-05
-4.03202e-05
-3.54541e-05
-4.23782e-05
-3.58995e-05
-4.44008e-05
-3.63317e-05
-4.63859e-05
-3.67544e-05
-4.83314e-05
-3.71708e-05
-5.0236e-05
-3.75826e-05
-5.21e-05
-3.79937e-05
-3.84721e-05
-1.84302e-06
-2.05542e-05
-4.9586e-06
-2.45463e-05
-8.0475e-06
-2.63873e-05
-1.09728e-05
-2.70437e-05
-1.37461e-05
-2.73748e-05
-1.63952e-05
-2.76816e-05
-1.89516e-05
-2.80693e-05
-2.14411e-05
-2.85362e-05
-2.38806e-05
-2.9053e-05
-2.62799e-05
-2.95938e-05
-2.86441e-05
-3.01407e-05
-3.09755e-05
-3.06861e-05
-3.3275e-05
-3.12265e-05
-3.55429e-05
-3.1759e-05
-3.77788e-05
-3.2281e-05
-3.99822e-05
-3.27899e-05
-4.21519e-05
-3.32844e-05
-4.42865e-05
-3.37649e-05
-4.63841e-05
-3.42341e-05
-4.84428e-05
-3.46957e-05
-5.04611e-05
-3.51526e-05
-5.24378e-05
-3.56059e-05
-5.43719e-05
-3.60595e-05
-3.65577e-05
-2.66822e-06
-1.80438e-05
-5.65882e-06
-2.15557e-05
-8.7195e-06
-2.33266e-05
-1.16719e-05
-2.40913e-05
-1.44968e-05
-2.45499e-05
-1.72099e-05
-2.49684e-05
-1.98377e-05
-2.54416e-05
-2.24024e-05
-2.59714e-05
-2.49189e-05
-2.65365e-05
-2.73958e-05
-2.71169e-05
-2.98372e-05
-2.76993e-05
-3.22449e-05
-2.82784e-05
-3.46196e-05
-2.88518e-05
-3.69614e-05
-2.94172e-05
-3.92699e-05
-2.99725e-05
-4.15443e-05
-3.05154e-05
-4.37836e-05
-3.10451e-05
-4.59862e-05
-3.15623e-05
-4.81505e-05
-3.20698e-05
-5.02751e-05
-3.25711e-05
-5.23591e-05
-3.30686e-05
-5.44016e-05
-3.35633e-05
-5.64018e-05
-3.40593e-05
-3.45785e-05
-3.4068e-06
-1.55403e-05
-6.32792e-06
-1.86346e-05
-9.3561e-06
-2.02985e-05
-1.23171e-05
-2.11303e-05
-1.5175e-05
-2.1692e-05
-1.79361e-05
-2.22073e-05
-2.06212e-05
-2.27565e-05
-2.32486e-05
-2.3344e-05
-2.58305e-05
-2.39546e-05
-2.83739e-05
-2.45735e-05
-3.08819e-05
-2.51913e-05
-3.33557e-05
-2.58046e-05
-3.57958e-05
-2.64118e-05
-3.82019e-05
-2.70111e-05
-4.05736e-05
-2.76008e-05
-4.29099e-05
-2.81791e-05
-4.52097e-05
-2.87454e-05
-4.74714e-05
-2.93006e-05
-4.96939e-05
-2.98473e-05
-5.18763e-05
-3.03887e-05
-5.40185e-05
-3.09265e-05
-5.61205e-05
-3.14613e-05
-5.81824e-05
-3.19974e-05
-3.25448e-05
-4.05397e-06
-1.30701e-05
-6.92973e-06
-1.57588e-05
-9.92908e-06
-1.72991e-05
-1.28898e-05
-1.81696e-05
-1.57686e-05
-1.88132e-05
-1.85654e-05
-1.94105e-05
-2.12959e-05
-2.0026e-05
-2.39746e-05
-2.06653e-05
-2.66107e-05
-2.13185e-05
-2.92099e-05
-2.19744e-05
-3.1774e-05
-2.26271e-05
-3.43038e-05
-2.32748e-05
-3.67992e-05
-2.39163e-05
-3.92601e-05
-2.45503e-05
-4.16856e-05
-2.51753e-05
-4.40746e-05
-2.579e-05
-4.64259e-05
-2.63941e-05
-4.8738e-05
-2.69884e-05
-5.10102e-05
-2.75751e-05
-5.32422e-05
-2.81567e-05
-5.54344e-05
-2.87343e-05
-5.75873e-05
-2.93084e-05
-5.97025e-05
-2.98822e-05
-3.04628e-05
-4.59895e-06
-1.06115e-05
-7.44399e-06
-1.29138e-05
-1.04194e-05
-1.43237e-05
-1.33758e-05
-1.52131e-05
-1.62675e-05
-1.59215e-05
-1.90905e-05
-1.65875e-05
-2.18561e-05
-1.72604e-05
-2.45754e-05
-1.79461e-05
-2.72554e-05
-1.86385e-05
-2.98998e-05
-1.933e-05
-3.25097e-05
-2.00172e-05
-3.50853e-05
-2.06992e-05
-3.76263e-05
-2.13753e-05
-4.01322e-05
-2.20444e-05
-4.26021e-05
-2.27054e-05
-4.50347e-05
-2.33574e-05
-4.74286e-05
-2.40002e-05
-4.97826e-05
-2.46344e-05
-5.20962e-05
-2.52615e-05
-5.43696e-05
-2.58834e-05
-5.66033e-05
-2.65006e-05
-5.87983e-05
-2.71134e-05
-6.0956e-05
-2.77245e-05
-2.83395e-05
-5.03343e-06
-8.15118e-06
-7.85805e-06
-1.00892e-05
-1.08141e-05
-1.13677e-05
-1.37646e-05
-1.22626e-05
-1.66637e-05
-1.30224e-05
-1.95051e-05
-1.37461e-05
-2.22967e-05
-1.44688e-05
-2.50468e-05
-1.5196e-05
-2.77605e-05
-1.59248e-05
-3.04399e-05
-1.66505e-05
-3.30854e-05
-1.73717e-05
-3.56968e-05
-1.80879e-05
-3.82735e-05
-1.87986e-05
-4.08149e-05
-1.9503e-05
-4.33198e-05
-2.02005e-05
-4.57867e-05
-2.08905e-05
-4.82144e-05
-2.15726e-05
-5.06015e-05
-2.22472e-05
-5.2948e-05
-2.29151e-05
-5.52541e-05
-2.35772e-05
-5.75207e-05
-2.42339e-05
-5.97486e-05
-2.48855e-05
-6.19392e-05
-2.5534e-05
-2.61835e-05
-5.35297e-06
-5.68487e-06
-8.16387e-06
-7.27826e-06
-1.11045e-05
-8.4271e-06
-1.40485e-05
-9.31861e-06
-1.69511e-05
-1.01197e-05
-1.98043e-05
-1.08929e-05
-2.26136e-05
-1.16595e-05
-2.53852e-05
-1.24244e-05
-2.81228e-05
-1.31873e-05
-3.08273e-05
-1.39461e-05
-3.34984e-05
-1.47006e-05
-3.61356e-05
-1.54507e-05
-3.87382e-05
-1.61959e-05
-4.13053e-05
-1.69359e-05
-4.38357e-05
-1.76702e-05
-4.63278e-05
-1.83984e-05
-4.878e-05
-1.91203e-05
-5.11915e-05
-1.98357e-05
-5.3562e-05
-2.05446e-05
-5.58921e-05
-2.12471e-05
-5.81827e-05
-2.19434e-05
-6.04346e-05
-2.26337e-05
-6.2649e-05
-2.33196e-05
-2.40039e-05
-5.55527e-06
-3.21336e-06
-8.35644e-06
-4.47709e-06
-1.1285e-05
-5.49856e-06
-1.42225e-05
-6.38104e-06
-1.71254e-05
-7.21689e-06
-1.99845e-05
-8.03376e-06
-2.28037e-05
-8.8403e-06
-2.5588e-05
-9.64009e-06
-2.83399e-05
-1.04354e-05
-3.10597e-05
-1.12263e-05
-3.37465e-05
-1.20137e-05
-3.63997e-05
-1.27975e-05
-3.90185e-05
-1.35772e-05
-4.16016e-05
-1.43527e-05
-4.41479e-05
-1.51239e-05
-4.66556e-05
-1.58907e-05
-4.91233e-05
-1.66526e-05
-5.15501e-05
-1.74089e-05
-5.39358e-05
-1.81588e-05
-5.62811e-05
-1.89018e-05
-5.85868e-05
-1.96377e-05
-6.08533e-05
-2.03671e-05
-6.30823e-05
-2.10906e-05
-2.18096e-05
-5.6391e-06
-7.40534e-07
-8.43286e-06
-1.68333e-06
-1.13522e-05
-2.57918e-06
-1.42836e-05
-3.44969e-06
-1.71838e-05
-4.31672e-06
-2.00433e-05
-5.17425e-06
-2.28652e-05
-6.01838e-06
-2.56537e-05
-6.85162e-06
-2.84107e-05
-7.67827e-06
-3.11361e-05
-8.50092e-06
-3.3829e-05
-9.32088e-06
-3.64883e-05
-1.01381e-05
-3.91132e-05
-1.09523e-05
-4.17025e-05
-1.17634e-05
-4.42548e-05
-1.25716e-05
-4.67686e-05
-1.33769e-05
-4.92425e-05
-1.41787e-05
-5.16755e-05
-1.49759e-05
-5.40675e-05
-1.57669e-05
-5.6419e-05
-1.65503e-05
-5.87306e-05
-1.7326e-05
-6.10034e-05
-1.80944e-05
-6.32381e-05
-1.88558e-05
-1.96101e-05
-5.60381e-06
1.72812e-06
-8.39164e-06
1.10451e-06
-1.13046e-05
3.33765e-07
-1.42302e-05
-5.24087e-07
-1.71253e-05
-1.42163e-06
-1.99802e-05
-2.3193e-06
-2.27978e-05
-3.20076e-06
-2.55821e-05
-4.06732e-06
-2.83352e-05
-4.92525e-06
-3.10566e-05
-5.7795e-06
-3.37454e-05
-6.63203e-06
-3.64007e-05
-7.48281e-06
-3.90216e-05
-8.33149e-06
-4.16069e-05
-9.17806e-06
-4.41557e-05
-1.00229e-05
-4.66663e-05
-1.08663e-05
-4.91373e-05
-1.17077e-05
-5.15676e-05
-1.25456e-05
-5.39569e-05
-1.33775e-05
-5.63057e-05
-1.42016e-05
-5.86145e-05
-1.50172e-05
-6.08841e-05
-1.58249e-05
-6.31154e-05
-1.66245e-05
-1.74143e-05
-5.44906e-06
4.18649e-06
-8.23237e-06
3.88782e-06
-1.11418e-05
3.24324e-06
-1.40625e-05
2.39661e-06
-1.69504e-05
1.46622e-06
-1.97959e-05
5.26163e-07
-2.26022e-05
-3.94399e-07
-2.5374e-05
-1.29553e-06
-2.81137e-05
-2.1856e-06
-3.08212e-05
-3.07198e-06
-3.34959e-05
-3.95734e-06
-3.6137e-05
-4.84164e-06
-3.8744e-05
-5.72452e-06
-4.13159e-05
-6.60616e-06
-4.38516e-05
-7.48723e-06
-4.63495e-05
-8.36832e-06
-4.88083e-05
-9.24896e-06
-5.12267e-05
-1.01271e-05
-5.36045e-05
-1.09998e-05
-5.59416e-05
-1.18644e-05
-5.82387e-05
-1.27202e-05
-6.0496e-05
-1.35675e-05
-6.27149e-05
-1.44057e-05
-1.52315e-05
-5.1747e-06
6.62872e-06
-7.95547e-06
6.66859e-06
-1.0865e-05
6.15275e-06
-1.3782e-05
5.31361e-06
-1.66606e-05
4.34487e-06
-1.94918e-05
3.3573e-06
-2.22799e-05
2.39371e-06
-2.50307e-05
1.45527e-06
-2.77476e-05
5.3135e-07
-3.04315e-05
-3.88052e-07
-3.30823e-05
-1.30658e-06
-3.56996e-05
-2.22435e-06
-3.82829e-05
-3.14119e-06
-4.08315e-05
-4.05756e-06
-4.33443e-05
-4.97446e-06
-4.58199e-05
-5.89267e-06
-4.82571e-05
-6.81181e-06
-5.06546e-05
-7.72966e-06
-5.30117e-05
-8.64271e-06
-5.53282e-05
-9.54785e-06
-5.76045e-05
-1.04439e-05
-5.98408e-05
-1.13312e-05
-6.20382e-05
-1.22083e-05
-1.30709e-05
-4.78089e-06
9.04997e-06
-7.56231e-06
9.45001e-06
-1.04763e-05
9.06669e-06
-1.33912e-05
8.22859e-06
-1.62589e-05
7.21251e-06
-1.90709e-05
6.1693e-06
-2.18337e-05
5.15657e-06
-2.45552e-05
4.1767e-06
-2.72402e-05
3.21642e-06
-2.9891e-05
2.2627e-06
-3.2508e-05
1.31046e-06
-3.50915e-05
3.59118e-07
-3.76412e-05
-5.91524e-07
-4.01565e-05
-1.54226e-06
-4.26366e-05
-2.49439e-06
-4.50803e-05
-3.44896e-06
-4.74863e-05
-4.40572e-06
-4.98536e-05
-5.36245e-06
-5.21809e-05
-6.31534e-06
-5.44679e-05
-7.26082e-06
-5.67146e-05
-8.19726e-06
-5.8921e-05
-9.12474e-06
-6.1088e-05
-1.00414e-05
-1.09413e-05
-4.2682e-06
1.14476e-05
-7.05549e-06
1.22373e-05
-9.97955e-06
1.19908e-05
-1.28947e-05
1.11438e-05
-1.57498e-05
1.00675e-05
-1.85378e-05
8.95735e-06
-2.12684e-05
7.88715e-06
-2.3952e-05
6.8603e-06
-2.65959e-05
5.86031e-06
-2.92037e-05
4.87053e-06
-3.1777e-05
3.88381e-06
-3.43166e-05
2.89868e-06
-3.68225e-05
1.9144e-06
-3.92945e-05
9.29754e-07
-4.1732e-05
-5.68922e-08
-4.41341e-05
-1.04688e-06
-4.64996e-05
-2.04023e-06
-4.88272e-05
-3.03483e-06
-5.11158e-05
-4.02682e-06
-5.33643e-05
-5.01225e-06
-5.55725e-05
-5.98907e-06
-5.77403e-05
-6.957e-06
-5.98681e-05
-7.91357e-06
-8.85173e-06
-3.63822e-06
1.38226e-05
-6.43938e-06
1.50385e-05
-9.38081e-06
1.49322e-05
-1.22989e-05
1.40618e-05
-1.51396e-05
1.29083e-05
-1.78986e-05
1.17164e-05
-2.05896e-05
1.05781e-05
-2.32267e-05
9.49733e-06
-2.58198e-05
8.45342e-06
-2.83747e-05
7.42542e-06
-3.08941e-05
6.40327e-06
-3.33795e-05
5.38411e-06
-3.58316e-05
4.36643e-06
-3.82503e-05
3.34848e-06
-4.06354e-05
2.32818e-06
-4.29861e-05
1.30384e-06
-4.53015e-05
2.75139e-07
-4.75802e-05
-7.56134e-07
-4.98207e-05
-1.78624e-06
-5.20219e-05
-2.81104e-06
-5.41829e-05
-3.82806e-06
-5.63033e-05
-4.83659e-06
-5.83834e-05
-5.83354e-06
-6.81074e-06
-2.8945e-06
1.61798e-05
-5.72102e-06
1.7865e-05
-8.68875e-06
1.78999e-05
-1.16124e-05
1.69855e-05
-1.44367e-05
1.57325e-05
-1.71611e-05
1.44408e-05
-1.98046e-05
1.32216e-05
-2.23858e-05
1.20786e-05
-2.49182e-05
1.09858e-05
-2.74098e-05
9.91707e-06
-2.9865e-05
8.85845e-06
-3.2286e-05
7.80508e-06
-3.46739e-05
6.75438e-06
-3.70293e-05
5.70386e-06
-3.93521e-05
4.65094e-06
-4.16418e-05
3.59352e-06
-4.38975e-05
2.53085e-06
-4.61179e-05
1.4643e-06
-4.83014e-05
3.97289e-07
-5.04464e-05
-6.66057e-07
-5.25516e-05
-1.72291e-06
-5.46161e-05
-2.77208e-06
-5.66398e-05
-3.80978e-06
-4.82678e-06
-2.0428e-06
1.85269e-05
-4.91108e-06
2.07333e-05
-7.91599e-06
2.09048e-05
-1.08474e-05
1.9917e-05
-1.36516e-05
1.85367e-05
-1.63343e-05
1.71235e-05
-1.89214e-05
1.58087e-05
-2.1437e-05
1.45942e-05
-2.38982e-05
1.34469e-05
-2.6316e-05
1.23348e-05
-2.86963e-05
1.12387e-05
-3.10423e-05
1.01511e-05
-3.33559e-05
9.06795e-06
-3.56379e-05
7.98583e-06
-3.78885e-05
6.90155e-06
-4.01074e-05
5.8125e-06
-4.2294e-05
4.71745e-06
-4.4447e-05
3.61723e-06
-4.65644e-05
2.51476e-06
-4.86445e-05
1.41396e-06
-5.06852e-05
3.17835e-07
-5.26853e-05
-7.71999e-07
-5.46441e-05
-1.85097e-06
-2.90773e-06
-1.08715e-06
2.09154e-05
-4.02528e-06
2.36714e-05
-7.08101e-06
2.39606e-05
-1.002e-05
2.28559e-05
-1.27976e-05
2.13143e-05
-1.54294e-05
1.97553e-05
-1.79496e-05
1.8329e-05
-2.03886e-05
1.70332e-05
-2.27676e-05
1.58259e-05
-2.51005e-05
1.46677e-05
-2.7395e-05
1.35333e-05
-2.96555e-05
1.24116e-05
-3.18844e-05
1.12968e-05
-3.40828e-05
1.01843e-05
-3.62515e-05
9.07017e-06
-3.83902e-05
7.9512e-06
-4.04983e-05
6.82559e-06
-4.25746e-05
5.69353e-06
-4.46172e-05
4.55732e-06
-4.66237e-05
3.42043e-06
-4.85916e-05
2.28583e-06
-5.05189e-05
1.15529e-06
-5.24032e-05
3.32679e-08
-1.06008e-06
3.75819e-08
2.33233e-05
-3.0901e-06
2.67991e-05
-6.21205e-06
2.70825e-05
-9.15154e-06
2.57954e-05
-1.18908e-05
2.40535e-05
-1.44587e-05
2.23233e-05
-1.68993e-05
2.07695e-05
-1.92493e-05
1.93833e-05
-2.15344e-05
1.8111e-05
-2.3771e-05
1.69043e-05
-2.59688e-05
1.5731e-05
-2.8133e-05
1.45758e-05
-3.02667e-05
1.34305e-05
-3.23716e-05
1.22892e-05
-3.44485e-05
1.1147e-05
-3.64973e-05
1.00001e-05
-3.85177e-05
8.84595e-06
-4.05083e-05
7.68412e-06
-4.24671e-05
6.5161e-06
-4.43914e-05
5.34474e-06
-4.62783e-05
4.1727e-06
-4.81246e-05
3.00162e-06
-4.9927e-05
1.83568e-06
7.10161e-07
1.06077e-06
2.60804e-05
-2.17728e-06
3.00371e-05
-5.35041e-06
3.02556e-05
-8.27062e-06
2.87156e-05
-1.09504e-05
2.67333e-05
-1.34362e-05
2.4809e-05
-1.57812e-05
2.31145e-05
-1.80284e-05
2.16305e-05
-2.02069e-05
2.02895e-05
-2.23354e-05
1.90328e-05
-2.44251e-05
1.78207e-05
-2.64822e-05
1.6633e-05
-2.85105e-05
1.54588e-05
-3.05118e-05
1.42906e-05
-3.24872e-05
1.31224e-05
-3.44368e-05
1.19497e-05
-3.63602e-05
1.07693e-05
-3.82561e-05
9.58e-06
-4.01224e-05
8.3824e-06
-4.19562e-05
7.17862e-06
-4.37544e-05
5.97083e-06
-4.55132e-05
4.76046e-06
-4.72291e-05
3.55158e-06
2.39348e-06
2.08301e-06
2.97446e-05
-1.35901e-06
3.34792e-05
-4.55624e-06
3.34529e-05
-7.41253e-06
3.15719e-05
-9.99754e-06
2.93183e-05
-1.23754e-05
2.71868e-05
-1.46054e-05
2.53446e-05
-1.67341e-05
2.37592e-05
-1.87926e-05
2.2348e-05
-2.08009e-05
2.10411e-05
-2.27713e-05
1.97911e-05
-2.47108e-05
1.85725e-05
-2.66235e-05
1.73714e-05
-2.85115e-05
1.61786e-05
-3.03759e-05
1.49869e-05
-3.22171e-05
1.37909e-05
-3.40346e-05
1.25868e-05
-3.58272e-05
1.13726e-05
-3.75927e-05
1.0148e-05
-3.93284e-05
8.91427e-06
-4.10306e-05
7.67305e-06
-4.26955e-05
6.42538e-06
-4.43189e-05
5.17499e-06
3.98241e-06
3.11757e-06
-7.76028e-07
-3.90628e-06
-6.61418e-06
-9.05132e-06
-1.12879e-05
-1.33804e-05
-1.53735e-05
-1.72982e-05
-1.91743e-05
-2.10145e-05
-2.28262e-05
-2.46135e-05
-2.63788e-05
-2.81234e-05
-2.98474e-05
-3.15506e-05
-3.32317e-05
-3.48887e-05
-3.65188e-05
-3.81182e-05
-3.96829e-05
-4.12079e-05
)
;

boundaryField
{
    rotor
    {
        type            calculated;
        value           nonuniform List<scalar> 
144
(
-2.11758e-22
2.11758e-22
-2.11758e-22
-4.23516e-22
0
-4.23516e-22
-5.64367e-24
-5.98101e-24
-3.11395e-24
3.83585e-25
-4.08094e-26
5.3691e-24
-1.91468e-24
9.2866e-25
2.4889e-24
2.28303e-25
2.35191e-26
1.90851e-24
-6.55439e-25
2.96519e-24
9.1311e-24
-4.20356e-25
-5.41706e-24
-7.00115e-24
-3.77282e-24
7.90923e-25
8.39895e-25
-3.28631e-24
-1.28385e-23
2.20295e-24
2.11758e-22
2.11758e-22
4.23516e-22
0
0
0
-2.11758e-22
0
-2.11758e-22
-4.23516e-22
0
0
-1.0352e-24
-5.98101e-24
-3.11395e-24
3.83585e-25
-4.08094e-26
5.3691e-24
-1.91468e-24
9.2866e-25
2.4889e-24
2.28303e-25
2.35191e-26
1.90851e-24
-6.55439e-25
2.96519e-24
9.1311e-24
-4.20356e-25
-5.41706e-24
-7.00115e-24
-3.77282e-24
7.90923e-25
8.39895e-25
-3.28631e-24
-1.28385e-23
-1.5223e-24
0
0
2.11758e-22
-4.23516e-22
4.23516e-22
0
2.11758e-22
2.11758e-22
-2.11758e-22
0
0
-4.23516e-22
1.86468e-24
-5.98101e-24
-3.11395e-24
3.83585e-25
-4.08094e-26
5.3691e-24
-1.91468e-24
9.2866e-25
2.4889e-24
2.28303e-25
2.35191e-26
1.90851e-24
-6.55439e-25
2.96519e-24
9.1311e-24
-4.20356e-25
-5.41706e-24
-7.00115e-24
-3.77282e-24
7.90923e-25
8.39895e-25
-3.28631e-24
-1.28385e-23
-9.69772e-25
2.11758e-22
0
2.11758e-22
0
0
4.23516e-22
0
0
0
0
0
0
4.6438e-24
-5.98101e-24
-3.11395e-24
3.83585e-25
-4.08094e-26
5.3691e-24
-1.91468e-24
9.2866e-25
2.4889e-24
2.28303e-25
2.35191e-26
1.90851e-24
-6.55439e-25
2.96519e-24
9.1311e-24
-4.20356e-25
-5.41706e-24
-7.00115e-24
-3.77282e-24
7.90923e-25
8.39895e-25
-3.28631e-24
-1.28385e-23
-1.42545e-24
0
-2.11758e-22
0
0
0
0
)
;
    }
    freestream
    {
        type            calculated;
        value           nonuniform List<scalar> 
96
(
-3.92896e-05
-3.57029e-05
-3.19505e-05
-2.80475e-05
-2.40091e-05
-1.9851e-05
-1.55887e-05
-1.12388e-05
-6.82583e-06
-2.41756e-06
1.72527e-06
5.99617e-06
1.03047e-05
1.46375e-05
1.89767e-05
2.33108e-05
2.76375e-05
3.19615e-05
3.62943e-05
4.0654e-05
4.50651e-05
4.9556e-05
5.41551e-05
5.88803e-05
6.37154e-05
6.8513e-05
7.28001e-05
7.47787e-05
7.00826e-05
5.80718e-05
4.41892e-05
3.14216e-05
2.07087e-05
1.52592e-05
1.63358e-05
2.33884e-05
3.20102e-05
4.1357e-05
5.13444e-05
6.03524e-05
6.67988e-05
7.0159e-05
7.04404e-05
6.8335e-05
6.50252e-05
6.11147e-05
5.69012e-05
5.25571e-05
4.8171e-05
4.37645e-05
3.93409e-05
3.48992e-05
3.04394e-05
2.59617e-05
2.14702e-05
1.69704e-05
1.24692e-05
7.97308e-06
3.4936e-06
-9.2815e-07
-5.42882e-06
-9.99828e-06
-1.44956e-05
-1.88873e-05
-2.3157e-05
-2.72911e-05
-3.12765e-05
-3.51003e-05
-3.87492e-05
-4.22106e-05
-4.5472e-05
-4.85214e-05
-5.13475e-05
-5.39395e-05
-5.62863e-05
-5.83811e-05
-6.02161e-05
-6.17845e-05
-6.30792e-05
-6.40952e-05
-6.48286e-05
-6.52766e-05
-6.54376e-05
-6.53111e-05
-6.48976e-05
-6.41988e-05
-6.32175e-05
-6.19577e-05
-6.04244e-05
-5.86238e-05
-5.65631e-05
-5.42508e-05
-5.16972e-05
-4.89124e-05
-4.59079e-05
-4.26959e-05
)
;
    }
    frontAndBack
    {
        type            empty;
    }
}


// ************************************************************************* //
