/*--------------------------------*- C++ -*----------------------------------*  =========                 |
  \      /  F ield         | OpenFOAM: The Open Source CFD Toolbox
   \    /   O peration     | Website:  https://openfoam.org
    \  /    A nd           | Version:  11
     \/     M anipulation  |
\*---------------------------------------------------------------------------*/
FoamFile
{
    format      ascii;
    class       volScalarField;
    object      U;
}
// * * * * * * * * * * * * * * * * * * * * * * * * * * * * * * * * * * * * * //

dimensions      [0 1 -1 0 0 0 0];

internalField   nonuniform List<scalar> 
2880
( 
0.07200490043733913
0.1413234107616847
0.22077582982344515
0.2690065119858401
0.3392648043087508
0.44886696740924364
0.1007475892436758
0.17108418682254978
0.24361357372230663
0.2877245413214342
0.35016387231472457
0.4203175610747431
0.1142184211518145
0.18162334046577733
0.2475093046050659
0.2904851207299219
0.3539954068675501
0.42768501245817814
0.12630738217545992
0.18929541997999405
0.24843211217156605
0.29085131831793576
0.3567182927349757
0.435462951482672
0.13907061292428202
0.19569514609444708
0.24854261260525742
0.2908147787430433
0.35763659839643674
0.43842957028764085
0.15130479247613257
0.20080217279845547
0.24733341926509855
0.29034680816607844
0.35686563461423393
0.43729663405125235
0.1624049494910664
0.2043520792403355
0.24609782798430907
0.2895424656831287
0.3547605730917815
0.433096522907564
0.17131761454080546
0.2067378582723849
0.2451152608829978
0.2885291375818088
0.3524067660660889
0.42774076487232365
0.17872609218851973
0.2083790657520907
0.24394066253247879
0.2873171890304733
0.3497006853429929
0.4221477832311946
0.18452757191290486
0.2095919570114308
0.24271614042632295
0.28649809847758506
0.34788139116226013
0.4182580954411161
0.18859613240839354
0.21064170136765326
0.243273785351992
0.2867183111456878
0.34750546306462227
0.4165994796125253
0.19078535752109146
0.21181423967644272
0.24499383364767358
0.28846370949837696
0.3484767843182026
0.41586383457394877
0.1910578972221258
0.21259403120655201
0.24735703050363753
0.2917019981425224
0.3512430543695355
0.41767437304146987
0.18939705151598063
0.21307469698179773
0.2497815719627654
0.29607771352912243
0.3563578895511719
0.4228209523185685
0.18554640581577872
0.2130155917929653
0.25208513809736344
0.3005321498704831
0.362031220301412
0.4288515460219766
0.1799988794063654
0.21233599482269877
0.25434818235693024
0.30441197554250016
0.3674228597090903
0.43521238446989047
0.17294903922426966
0.21115509660195714
0.2565069800211613
0.30715572411848263
0.3722013921349726
0.4414837560139114
0.16386544602930053
0.20886550815590849
0.2575229112372848
0.30922788340368174
0.37582576928599454
0.4468851486810508
0.15276900379405853
0.20462150272019447
0.25804900937466096
0.30995173531194725
0.37772310548917915
0.45102255783975503
0.13955949656742933
0.19791125648326188
0.2572869793787923
0.3086249131817155
0.3779487433005079
0.4527215025291473
0.12466497004029539
0.18885006938594381
0.254861359458401
0.30667829848495876
0.3759579768714011
0.45091369582190904
0.10983026688822006
0.17714511161927948
0.2502333151326005
0.30279001055836724
0.37245413397296334
0.44413970792788854
0.0936681203453582
0.16234953929117557
0.24130694103417344
0.29482671000038735
0.3692416101635588
0.43408767646615215
0.06398923896355685
0.12924126778505282
0.21490782644004225
0.2689751441739739
0.36169007172546064
0.43414389168376744
0.8233699292543507
0.9057035634322225
0.9469067240998833
0.9711521113757425
0.9872356424892622
0.9985339163169153
1.0097419545160597
1.0244189395962005
1.0407341327231407
1.0571275431014875
1.0722914993717205
1.0857862694312492
1.0956519050042506
1.1018307841532144
1.1050190515223741
1.105606861759919
1.103749444563219
1.0996942791061888
1.094112569089523
1.086753095675856
1.0778317706364866
1.0663383155598818
1.0523151953330994
1.0366091697389057
0.7246189855367801
0.8704665767754578
0.9297598798976918
0.9603672761519818
0.9812597895155178
0.9963248032466478
1.0102001479193397
1.028504266952243
1.0488849311444506
1.0671234679128423
1.0822566407569467
1.0941760779437901
1.1028655415136521
1.1077816882646307
1.1086294792517946
1.107507573091315
1.1043427189020887
1.0996164603408787
1.0928902231235014
1.0850250335830192
1.0756325514164737
1.0639585354964676
1.0494546529109907
1.0336918822286494
0.6579771094997201
0.8210872415219236
0.896381729755505
0.9400108898878277
0.9676672757579127
0.9892847135326396
1.0090127932696982
1.0326870002519282
1.0552357435425048
1.0753150387200632
1.091144610493741
1.1013370966511242
1.1075216017765896
1.1097746403325026
1.1099308951079203
1.1075874167568431
1.1033681354565934
1.097751724483142
1.0903250170144867
1.0819777810397475
1.0718967598822446
1.059819004768669
1.0455939364299194
1.0294371457226505
0.6165852021366658
0.7693639158266319
0.855646053810722
0.9095644004361783
0.946279349428254
0.9759893678567221
1.0061092487075187
1.0345972802713876
1.0595153176839203
1.0802243213045823
1.095520754454939
1.1044826159364995
1.108594985644792
1.1095785305355201
1.1082228823145217
1.105050282175035
1.099637067116254
1.0936339806976578
1.0860310077462942
1.0771276842078885
1.0667042566069513
1.0550447947829473
1.0403879571184567
1.024739793394549
0.5881267828768003
0.7250485057265276
0.815273718703205
0.8765900844451117
0.9208782920138463
0.9595795824303021
0.9978013126342994
1.0321567878164648
1.0603585606432036
1.0808366751068805
1.0947443849524823
1.1026319093656574
1.1056010979557256
1.1058563045263605
1.10380703231321
1.0999600463867039
1.094698831784324
1.0884330711351826
1.0806792460684391
1.071759806405731
1.0617927865169308
1.050367430094065
1.0357191387707056
1.0201243774370914
0.5656823060598204
0.6889359475179342
0.7782240069523804
0.8450156858821076
0.8967066054582089
0.9440101048491175
0.9889548966931806
1.0274371900562107
1.0572500149812867
1.077736480035177
1.089832157376987
1.0962506076842844
1.0990802652254825
1.098548424087788
1.0965485897732303
1.0926331649707117
1.0877802857914216
1.0815881938808263
1.0739736488062497
1.0652557390700395
1.0557830705351032
1.0445779140995475
1.0302821070662094
1.015049350452994
0.5463547477661072
0.6593267750382719
0.747455217379589
0.8174358894623627
0.876720416285677
0.932789838427897
0.9819528318448331
1.0222750829008131
1.0517513838457844
1.0707892544647817
1.08215311020705
1.0877900402696647
1.0902952771346797
1.0901447699711824
1.0884319732253498
1.0848111046862519
1.0802210251764106
1.0743851000107993
1.0672957019033396
1.0592862281979991
1.0503036510664312
1.0393583296520401
1.0255493961170532
1.0118468716689637
0.5300924451891427
0.63506129286261
0.7224092022028522
0.7959758722239746
0.8619024963264863
0.9242288678791546
0.9768558520903314
1.0175834074339434
1.0454637930751598
1.062320151051129
1.0731686570510748
1.0783481503660108
1.0809707633782244
1.0809490238162631
1.0796443593128207
1.0764294169429152
1.0723804313204601
1.067408005899138
1.0609920797070382
1.0533203657014634
1.0452075453616785
1.035094375450951
1.0223037675951345
1.0088396075512127
0.5169641408334987
0.616998694673716
0.704708043647965
0.7801813836329972
0.8536228549283961
0.920105247397729
0.9742489095982795
1.0133378944495595
1.0382456728536986
1.0540479473443616
1.0634027533366646
1.068492290632752
1.0712199284788761
1.0716205066804148
1.0704829217644567
1.067984210596634
1.0649461325975487
1.0601226964172243
1.0546020540012455
1.0482690875140672
1.0406263627475965
1.0318000558006122
1.0198481433227802
1.0081625095346711
0.5083204621640608
0.6048626938314213
0.6931826803485909
0.7735952703948681
0.8525787592066715
0.9205582824176776
0.9727982090016166
1.0080054068204227
1.030559136584453
1.0445877653024955
1.0537616447514195
1.058596936608076
1.0615172389245346
1.062532025112768
1.0615688124322469
1.0599099202162838
1.057401159976979
1.0536632457591644
1.0495362269479973
1.0439485499906276
1.0379637604887186
1.0303573915195214
1.0201873795679564
1.0097060067512864
0.5030419378050472
0.599691242934479
0.6886795940092009
0.7744167735235852
0.8566927015338627
0.9243009604890888
0.9724844768074231
1.0036834475002532
1.023823439599031
1.0367460191685332
1.0449559730628635
1.0502245856602306
1.053070417041568
1.0542077478467202
1.054063588869014
1.0530022473734426
1.051022179402198
1.0484067165562647
1.045043819851463
1.0415250874436675
1.0368364089069846
1.030817814457566
1.0223361310503118
1.0130041268624799
0.5012538323251869
0.5993061728452392
0.6904155570006134
0.7831029598617055
0.8668254720455764
0.9306606544920994
0.9732587742500142
1.0005211724386613
1.018399168266744
1.0301648854694014
1.0375205663687328
1.0428214835548417
1.0459561280728387
1.047656888968343
1.0478524922760142
1.0471257631228186
1.0459209392902573
1.0445229823751843
1.0430703128695675
1.0410171127617602
1.0382545120093296
1.0337863989091942
1.02633722178304
1.017828547008138
0.503395228429168
0.6026001417154117
0.7003670679062124
0.7984904615688762
0.8807083611615231
0.9382553311189296
0.9753460697970431
0.9986288882655554
1.0141485067487117
1.0252349856162428
1.0325476688715292
1.0376030933632858
1.0411346620105089
1.042472818800004
1.0427473934997131
1.0431945161759353
1.0438113071115056
1.0439107040740128
1.043913413294687
1.0434333717401219
1.0413517064882452
1.0380039327539323
1.0314326980033042
1.023664082397232
0.5085740682290335
0.6099136902740029
0.7157391509989462
0.8178744029536243
0.895234629452771
0.9455534102731373
0.977408605735593
0.9977188526831696
1.0118583203701068
1.0224264410051562
1.0289694605484998
1.0331789387772552
1.0366603450062626
1.0396153440286797
1.0416172923902836
1.0433199445949506
1.0441889746098352
1.045143237457777
1.0464078414505742
1.0471257367197018
1.0464138104514875
1.0434917840248823
1.0373858036994612
1.0294541980398848
0.5171001199271104
0.6226136104303004
0.7375812844012496
0.8398958494239394
0.9095058467330059
0.9527728094365703
0.9797026454237773
0.9984795091314058
1.0113113292106104
1.0199070515653221
1.0268829217642461
1.0319118030902863
1.0359011557556974
1.0380855716269117
1.0404030419678467
1.0436695305569175
1.0468342934497652
1.0496366942055815
1.0513115090141878
1.0521313284485183
1.0512184861168046
1.0485830273061083
1.0426295501732832
1.0345896288026324
0.5279889071561198
0.6429743556223567
0.7655259756013161
0.8618696700268034
0.9227884246262976
0.9595370470303595
0.9833336674377765
0.9990743790956965
1.01085495316142
1.0198362723463619
1.0257045236501687
1.0303049328131002
1.034305488251292
1.038694773947357
1.0432542732856032
1.047225100871013
1.0504138942351382
1.0537976043629398
1.0564325549279043
1.0578596674246368
1.057207293308988
1.0542539015497263
1.047448258263185
1.0389452965725003
0.5403172174130481
0.6695084540637802
0.7974604016991695
0.8845728530432255
0.9356653048859114
0.9660911932370041
0.9869919844259627
1.001534787019323
1.0116649159817064
1.0191950001094883
1.025240204756149
1.0308172863201408
1.0358193469473074
1.041476733200133
1.046864003359003
1.0522318429987856
1.0567791677169596
1.0598900054834
1.062094915773031
1.0633506972725444
1.0620956193257673
1.0584440556494725
1.051224702644257
1.041904237101112
0.5539752496338678
0.7027025055906775
0.8309317209851199
0.9049419242764493
0.9464573880421869
0.9729602554073074
0.990558176684185
1.0032918055511688
1.0128799829423392
1.0203524767062238
1.026941939122541
1.0330802044814762
1.0399978989123821
1.0463054713021995
1.0521318847343122
1.0572937427396338
1.0621645696644948
1.0659577655893218
1.0681875806735206
1.068018815706571
1.066401524134315
1.0616480500456105
1.053122500564192
1.042695794743262
0.5716996952409589
0.7434557364948273
0.8612081747007426
0.9224722080013347
0.9567104005181745
0.9787157843830067
0.9939078271937813
1.0052044145146222
1.0138717660436618
1.0219576972034758
1.0283945288600702
1.0360724664351646
1.0435985279425208
1.0515683014803545
1.0581950551607957
1.0641170440710421
1.0679192836321285
1.0716304700474295
1.073224046739655
1.0728447445073463
1.0693095465118905
1.0636254037308064
1.0541683037112548
1.0423885471663592
0.5951869942255338
0.7876813536435547
0.888243549816419
0.9373479433340123
0.9651246709769223
0.9835014903068935
0.996456436028422
1.0068441503574337
1.015082314687747
1.0229184069135866
1.032078831893113
1.0416940788445979
1.050182476345958
1.057989173279343
1.064453210256676
1.0702472244022436
1.0744096581919778
1.0771569318358545
1.0775290170478762
1.0760122332112358
1.0714784387424208
1.064333759513161
1.054316602213919
1.0417435698107267
0.629260623348947
0.8305188895100218
0.9112370816724552
0.9500329726704388
0.9721384488871259
0.9875723698210567
0.9989359754917595
1.0083030592070164
1.0174706492803982
1.027522244981609
1.0372323982528506
1.0472372530534535
1.0568256275232248
1.0650087209176822
1.0717013177250998
1.076516948891935
1.0801630504814095
1.0817967458140685
1.0810820345067083
1.078244524643002
1.072401673115322
1.064233203686365
1.0532705540818783
1.0397270106183876
0.681749802213919
0.866637480532895
0.928948141361931
0.9591467694103353
0.9773783145580665
0.9903171067801269
1.0007457650552893
1.0104347488622665
1.0201081867328323
1.030730559879311
1.04305022362691
1.054648078476857
1.0640037805851261
1.0718128110983753
1.078447191038795
1.0827043030365682
1.0852661729265074
1.085672790641476
1.0836657577647038
1.0792880207025615
1.073021143311404
1.0636133955000366
1.052309948036742
1.03837997316832
0.7528242222361374
0.8938580023926515
0.9404903116459645
0.9650397836968653
0.9805825380546987
0.9925377018214226
1.0022222411153252
1.0120306115968951
1.024104458846252
1.0370741275768007
1.0499456272353815
1.0619876716167707
1.0722014043553152
1.0799091714816116
1.085023714249267
1.0883300036937045
1.0898689350338457
1.0884275213356862
1.0855528638546637
1.0799594474650616
1.0729638197029119
1.0632565850518614
1.050815903738897
1.0361994608995566
0.8315892569176134
0.9091810022920389
0.9447665242694739
0.9673193174947243
0.9818854989007263
0.9935087209146137
1.0031075024068719
1.0153103315257714
1.0293424599068708
1.043898101162275
1.0575266264083385
1.069556108779318
1.0795469314365789
1.0865604804711477
1.0911373221688438
1.0934414131727068
1.0931371766739764
1.0907917274827537
1.0865909677003902
1.0802884284133467
1.0725182284384898
1.0623409081805544
1.0491544091347493
1.0349418530023629
0.07254814977001668
0.14542681326011528
0.2273807687790405
0.2767986977998334
0.3465700147531453
0.45321643135672257
0.10363773543712598
0.17711367736675024
0.2509993881340462
0.2947429251943736
0.3560231248473652
0.42449754660344347
0.11814602768088601
0.18806893856463494
0.2549411167426745
0.29722560248351654
0.3603776164321877
0.4329280179574373
0.13079381766475323
0.1960744296771827
0.25552844868525904
0.29748209333459397
0.3624574522043898
0.4410712085412354
0.14400594928392405
0.20245018258016725
0.2548744537224523
0.2971136049439466
0.36295435482624544
0.443746380286737
0.15677995655102564
0.20719686486736416
0.2540976806864402
0.29636586521210356
0.3623284614497729
0.442469217521079
0.16862470539822522
0.2104575171693422
0.2525166474709641
0.29525480501113527
0.3603568092392938
0.4384990828796352
0.17834420519558788
0.21328111463655552
0.250731262633199
0.29374233018793333
0.3576667438658174
0.43287846547612835
0.18623795345294897
0.21534372622428027
0.2499668106137679
0.29233504867609106
0.3547565222671236
0.42686284453050144
0.19238834578796052
0.21686904275841423
0.24986122405646818
0.29188528964101274
0.3527128031932423
0.42257988797059465
0.1967954720127534
0.21805287822384412
0.2502862074917299
0.29202303171194954
0.3521061168501892
0.4209923306577239
0.19894320853602412
0.21896469627389606
0.2516024021081635
0.2932196542557662
0.35328339922433166
0.42116964485020153
0.1990481486529213
0.21961898966702878
0.2535244449501017
0.2964544766059943
0.3566370755104637
0.42312021642056635
0.197121806371951
0.21993688426993752
0.25596021165061134
0.30084306814953915
0.3613875512367342
0.42750571234615664
0.1930141155175547
0.21980673341105456
0.2584075170304777
0.3053437580327016
0.3668055416403712
0.4332616335044248
0.18711968727808428
0.2189991624547442
0.2604735970545452
0.30944452784064896
0.3720789146644485
0.4394291489462171
0.17966403185673943
0.21746847413235113
0.2618423881986422
0.3126343536843965
0.37661401884794765
0.4452720443762776
0.17014412477937496
0.21469244051650008
0.26329930488600206
0.31452466001122775
0.38025451620920026
0.45042960274813193
0.15857407813400137
0.21044361975980108
0.26353415100827116
0.31472213043443326
0.38226608734806417
0.4543688163702619
0.1448941120321389
0.20396537363184153
0.2627877729248167
0.314103576233106
0.3822991245081639
0.4556893321509403
0.12888380266849672
0.1944802958461246
0.26035281640684593
0.3116119684068822
0.3803480431101099
0.4538958972746549
0.11323096116393108
0.18236991890599297
0.2552616293378848
0.3075472358156552
0.37674731209255163
0.44749897865283245
0.09615801517425807
0.16716983253503603
0.24619819598878595
0.29939219786329385
0.3728915678774269
0.4381397186390592
0.06415796643446241
0.13252615533736964
0.21844233345365632
0.27252271035663583
0.3642593860702306
0.4374823742948349
0.8193729267867931
0.901950162090327
0.940614593608711
0.9649095900663175
0.9801926572087966
0.9926149598515401
1.005089186800994
1.0185345390835494
1.0349714558266825
1.0516062228170346
1.0660549474332157
1.0780772608333222
1.0866559295383948
1.0930333377126495
1.0961560704298459
1.0971625242429135
1.0957925501242285
1.0921737292548939
1.0871147676760957
1.0800968731867795
1.0714990552022312
1.0611768975547353
1.0478175721054162
1.0328737125117122
0.7234017451543927
0.8682743915879342
0.9250291273814885
0.9559173611180731
0.9750589547760075
0.9899954581554729
1.0051448349024292
1.0236329886505204
1.041843311211604
1.0588725769499678
1.074435211474772
1.085333012982799
1.0936892881496825
1.0982921142020023
1.1000948193847162
1.0995709083991723
1.097132390323508
1.092396896015398
1.0863839045943944
1.0792352617951104
1.0702269537780484
1.0593156134765773
1.0460981250814643
1.0310932647312616
0.6601650227361033
0.8213822990084583
0.8954000871990029
0.9371034026595102
0.9636668792460273
0.9832273648460409
1.0046925108277913
1.0269720077647786
1.0477933090586378
1.066201161739638
1.0809424881762002
1.0913836311440397
1.0980770570054368
1.1014175710815115
1.1019425653172181
1.1004423040944513
1.0969060547757592
1.0917661223400827
1.0853597661449828
1.078012699481647
1.0687682450209879
1.0575449350221333
1.0441409943953617
1.0290923008677164
0.6204231525196385
0.7737546187329758
0.8581727648290755
0.9101303788373168
0.9449494244535844
0.9739458422723386
1.0008637978314565
1.0276075003259357
1.0515008019874452
1.0711935444463658
1.0853548115084968
1.0947222316179144
1.1002053734539938
1.102188436243728
1.1017084434501745
1.0991879566181963
1.0951964173520192
1.0899697120158416
1.0833545426976698
1.0752304069582301
1.0655743449227995
1.0549772742483874
1.0410946569356496
1.0264787284180747
0.5928836534574815
0.7317771424617828
0.8210955492059153
0.8804435918263283
0.9238428382317566
0.9598920508737753
0.9949111746080703
1.025956800731048
1.0521697970699249
1.0721217992250378
1.0861816831465645
1.0944428287963703
1.0985240611227012
1.0997081406002143
1.0987094231802135
1.0956864588912638
1.0912884534273877
1.0858416644663316
1.0794365137422737
1.0712393495245485
1.062031450398775
1.0512120462860748
1.0375596734320576
1.0233283138277982
0.5707649391214004
0.6958976386627208
0.7868992382927517
0.8526045537468288
0.902535905083188
0.9471250054568592
0.9878390114090514
1.0227471378026325
1.05060431544424
1.0704599323400097
1.0832968009722594
1.0904776223648451
1.0936280003033665
1.0945359163982842
1.0931239215242856
1.0902621285468843
1.0861342535723315
1.0810715297039533
1.0746753348202882
1.0669281421088832
1.058035465616437
1.0480633488555986
1.0342889645709392
1.0205803928417305
0.5519720910743774
0.6672056377486402
0.75745485853018
0.8279107864268687
0.8848410715142583
0.9363301441569639
0.9820570201692788
1.0195859959289701
1.0473569547061612
1.0659770388813716
1.0774446817404788
1.0840965999919334
1.0871925959673352
1.0875828690339906
1.0863279349242316
1.0838292298836156
1.0802622959069843
1.0748928453376718
1.0688565994331911
1.0620044665913193
1.0536437089049273
1.0434680716028315
1.0305141098353983
1.01740981373251
0.535794055357474
0.6438282110998436
0.7336955705533723
0.8077842911944687
0.8711839692191893
0.9297759841662266
0.9786683321089268
1.0169703196632593
1.044053811875479
1.0608209241152544
1.0704784037624795
1.076586791818922
1.0793665258515697
1.079969853202635
1.0789308214876636
1.0766411612326579
1.0733097406727226
1.0690416375911227
1.0634554219721708
1.0571017470741453
1.0494305942240114
1.0403124646165738
1.02787606200177
1.0147595952081532
0.522291322208526
0.6251284914483917
0.7158242128530542
0.7929738445703702
0.8636240547643711
0.9270655066906064
0.9778855096820968
1.0152770351151346
1.0393180779161424
1.0544020409496448
1.0636509209878349
1.0690644944067242
1.0716633230481787
1.0722819637661891
1.0722148459182124
1.0705043462222392
1.0680963612326007
1.0639254513889407
1.0591364874440323
1.0527172681815367
1.0457217286236071
1.036950136180305
1.0255120078620594
1.0133224523918216
0.5132639691141834
0.6132411911499986
0.7042928704901336
0.7847968522463619
0.8622225044273286
0.9290867918907291
0.9796993260170768
1.013999561743517
1.035312391643443
1.048911329449264
1.0575583471026402
1.0628897594785403
1.0652778419495614
1.0662256567697082
1.0666645139422515
1.0653274307087273
1.0627354569733298
1.059389831538355
1.0551780885557327
1.049619343484874
1.0429017325827927
1.0352688801761725
1.0244641481170351
1.0129892593291614
0.5089525190694167
0.608247497011035
0.6991869644221073
0.7854876756909043
0.8675105505044594
0.9345191829770139
0.9817767729020976
1.0125194350548261
1.031878020361524
1.044281724206274
1.0521731519500075
1.057215820173153
1.060408584390193
1.0617281448917066
1.0615769726484474
1.061078883763507
1.059334013307636
1.0563532321012687
1.0528336401076175
1.0482096325869017
1.0424695932543135
1.0354564241842008
1.0255497042268171
1.0147218146454275
0.5075284001597835
0.6074971157647306
0.701476710201476
0.7948401564933243
0.8783587715442382
0.9419826043672052
0.984507267560212
1.0118057077544396
1.0293525302032283
1.0408508763911064
1.0485553132996674
1.053739100036289
1.0567871926980357
1.0584927836112035
1.0594352772753595
1.0585816972305784
1.0570626696582657
1.0549006503308802
1.0518828775770184
1.0483041829118211
1.0434458128493924
1.037174877426018
1.0279057318410525
1.0173157852767167
0.5082396807589562
0.6101373191300025
0.7094121320289416
0.8092980451960178
0.8917589216671242
0.9505890965935339
0.9878957549036613
1.0116234103162873
1.0277478682470371
1.0393772556761685
1.046610373353684
1.051949084749923
1.0551622565147358
1.0574134839679163
1.0583027873446846
1.0583081071300282
1.0567865423042988
1.0548090899961649
1.053113502647834
1.0505670082442542
1.0464879199312151
1.0406158334887396
1.0317203421544003
1.0216481568522142
0.5138484776447461
0.6165831852174075
0.7236219308862187
0.8272010031862475
0.9059081062054025
0.9577746995522276
0.9904934461519261
1.0122575784681853
1.0275520199681452
1.0380470733070417
1.045715696569024
1.0512893284643827
1.055350556435676
1.0576541657536418
1.0584523537595287
1.0586732113948263
1.058600226931105
1.0583426550694337
1.0569331883206805
1.0545528828023056
1.050890152565866
1.0455106623554336
1.0365317745446703
1.0259837491029438
0.5221916145910995
0.6284711380670772
0.7435637620022523
0.8466634575199625
0.9185201314173868
0.9634432732106358
0.9928967507457637
1.0126065750958821
1.027067448732076
1.0379806219812968
1.0460613682194828
1.0516142819795757
1.0555061662328806
1.05884300233179
1.0606505659101877
1.0619733140425152
1.0631132644284114
1.0629214684014212
1.0621529830227616
1.0602128009127605
1.05677137770041
1.0509274701167062
1.041886349206779
1.0311661910738177
0.5321966327283791
0.646986259766929
0.7696329918727521
0.8674682091480849
0.9288696492366951
0.9684201582092647
0.9940552327683604
1.012883460417656
1.026916208735245
1.037648373682004
1.0459639317202298
1.0528512105052807
1.057956588744054
1.0613379140563
1.0640593815993982
1.06621806460732
1.0681702366166874
1.0691934060814368
1.068408587404405
1.066379972174368
1.0623368071874584
1.056465900265155
1.0472763170660784
1.035983162395919
0.5433391971439206
0.6724398713941359
0.8006103657792509
0.8868032868794524
0.9389023010509687
0.971981449537941
0.9955603580238567
1.0135069994129957
1.0270663546581935
1.0383905043236892
1.0472269119935835
1.0540534811277875
1.059647102448576
1.0644513238466062
1.069216440111926
1.0721703815448196
1.0742188944417261
1.0752785836025358
1.074852523479271
1.072789376242966
1.0686375743442977
1.0618318316442255
1.0520753290530251
1.0401882037958212
0.556587578696503
0.705115357312804
0.8315194673832198
0.9050909755570481
0.9484408746108408
0.976337956052707
0.9967035997117789
1.014145851563199
1.0276363422504384
1.038739142770417
1.0484533797925337
1.056195274862732
1.0631801216255976
1.0689990845938102
1.0742412240234473
1.078249461407322
1.0811201563795343
1.0819463223664192
1.081159062844465
1.07894902443143
1.0738249912800968
1.0668916081599455
1.0564326526311083
1.0436249767933143
0.5738577607542533
0.7445431804346722
0.8604764745774539
0.9217188435986057
0.9567127402025071
0.9811748398682947
0.9991076040865259
1.0147174925975244
1.028363234907154
1.0397628382778785
1.0499112224888725
1.058873256984978
1.0675095920646993
1.0745927543375253
1.079734708199396
1.0833343325579234
1.086986282293165
1.0877399106493764
1.0868412385498647
1.084007449799363
1.0785605777167961
1.0709856597532008
1.0594217044773544
1.0458116150152037
0.59705410274627
0.7879543289989758
0.8867932269893897
0.9357630594117021
0.9650525685262036
0.9857657990584054
1.002989395274693
1.0173019690367808
1.0298480160774655
1.0418089825092556
1.0526566878411467
1.0626579937662177
1.0712004942070796
1.0795552504588837
1.0852609985102304
1.0894622250556198
1.091625707913308
1.0927604132315623
1.091131815072323
1.0880834419399903
1.0818762946167864
1.0733499136923261
1.061403957727675
1.0476555136356949
0.6309505573941752
0.8302921797544845
0.9092303788906455
0.9474095347303897
0.9726915308131178
0.991161144508692
1.0069957923980466
1.0208323803898591
1.0330699607515472
1.0435018294302227
1.0559467661507584
1.0669071872442075
1.076403257742335
1.0834400123711356
1.0896291987843456
1.0942452886042289
1.0963124204723365
1.0963222011395548
1.0944114081961944
1.0899592525432886
1.083424027980824
1.0744510237114617
1.0623860110811538
1.0474941340997521
0.6835364900892147
0.8665849248648848
0.9265046639176825
0.9579858489715007
0.9791192776064359
0.9967911242543133
1.0112192055034213
1.0247861692160292
1.0373672706917236
1.0494313775353934
1.060573914911564
1.0710688657109426
1.0811681143967016
1.0888029979932297
1.0941241972840512
1.0978400307557767
1.0992601362832244
1.098622385965393
1.0958283218199174
1.0908013210310343
1.0837317172881387
1.0741306956660956
1.0613738943992272
1.0467082332683315
0.7544117181976923
0.8930552538109978
0.9382824182600198
0.9655032632002434
0.9849998076077194
1.002103464177823
1.016592920756517
1.0291520212739285
1.0416663110119027
1.0547082779952979
1.0668193707712648
1.0768064201574177
1.0854797814433597
1.0929266328609475
1.098051289432627
1.1005264326211823
1.1009399177151917
1.0998669790313795
1.0960393308759462
1.0902108104384771
1.0827622564742259
1.0727143834682726
1.05992764202618
1.0447680049861363
0.8313003492068387
0.9064534388559501
0.9440634860176148
0.9700508638655436
0.9903189546345761
1.0062009869354185
1.0211758315930666
1.03398548975069
1.0477513776186267
1.0609939392316186
1.0733521640927244
1.083576368914972
1.090972377933882
1.0965578100430202
1.100454789574864
1.1021719257949694
1.1016801201331599
1.0992859917369737
1.0948714112690625
1.088692614416974
1.0805739070045748
1.070363013100105
1.0570831906053508
1.0412871039294098
0.07550254610856813
0.15309347477334193
0.23726290829345684
0.286157528848986
0.3550238896117443
0.45538583069776367
0.10700096976377327
0.18491257510891615
0.2593642122084474
0.30319765299547585
0.3630416720843432
0.4267973145818544
0.12260882062902943
0.19553151419504725
0.26200899270893613
0.3039109444028318
0.36407638916519647
0.4326740435304852
0.1364057347467115
0.20290482245073715
0.26187292071110624
0.30207649446196827
0.36464938948204756
0.4391738308744788
0.15030099133835784
0.20905857276372966
0.26057895332491837
0.30042923213946593
0.3637478102731181
0.4411854450487626
0.16359159649314295
0.21377476274820012
0.2582635755678701
0.2983751640209703
0.3614725260867698
0.4390921727934624
0.17537307887489892
0.21684766559716442
0.25617801949531127
0.2960706015877403
0.35805840452792953
0.4339007735867341
0.18514565441921474
0.2187843832198613
0.2542498418708475
0.2938769329206104
0.3542401540182999
0.42734663503243675
0.19328159885329785
0.2200379071709983
0.2522093736289396
0.2915877052707984
0.3504208052073207
0.420511858286734
0.19964879502256205
0.2210757050721069
0.2504012630152885
0.28986057713865143
0.34705449722008597
0.4152543820643627
0.2040931937936915
0.22197082222274575
0.2506754892679653
0.28944252581811075
0.34598999236063155
0.41373337985722325
0.20642567924524952
0.22295748159576972
0.25198142723020206
0.29074957714545374
0.34668359168134505
0.4139112218893091
0.20681405891719545
0.22360663215038434
0.25404173494018717
0.29405045340035146
0.35030055318580455
0.4174457119744505
0.20484966598630244
0.22396723583681144
0.2564521670065207
0.2987505566291424
0.3565304634242422
0.42379393021680567
0.20061013465546046
0.22392783790775578
0.25914647514388683
0.30372842839249287
0.3630747128246373
0.4313615705171135
0.19441454536156805
0.22339128306157072
0.2619402953520494
0.3082863133479803
0.36958339276834995
0.43925894766769996
0.1864581613743465
0.2222733870261243
0.2645344565396174
0.3120859247176916
0.3754512068276686
0.44665110507012534
0.17655418712838206
0.22015255344480447
0.2663061294489028
0.31521279734350954
0.3800561014497877
0.45298108023219635
0.1646210175339402
0.21622876909215186
0.2680440620186564
0.3170863991134862
0.3832115257840727
0.4577100804924848
0.15082057047527983
0.21016854823118428
0.2682139296599331
0.3173129997799446
0.38457544195143417
0.45949742675175986
0.1347666672786595
0.20156506227860888
0.2670274350886894
0.316679188491673
0.38364575436446946
0.45771470046151286
0.11881222274179065
0.19003603467250665
0.26349125479948504
0.31442519292887117
0.3809285321623926
0.45128053384075684
0.10140636398535768
0.17471390921059513
0.25492567828353596
0.30811146990413935
0.3781898771447444
0.44136808050319737
0.06942972849819615
0.138988485940961
0.22748896797962606
0.2835540241947623
0.37013884123892504
0.44213827119549615
0.8186252603982876
0.8991519930868991
0.9415961303178072
0.970151783725169
0.9928936531734985
1.0099654646560638
1.0247668380461945
1.0405063075768015
1.055001165789886
1.0679509184867173
1.0787136396967876
1.0891025222368063
1.0962065048282
1.1005136260671247
1.1030384327873146
1.1031737469374883
1.1016777275761975
1.0981459282719956
1.0931614975631596
1.0860650027250751
1.0775898434968654
1.0670122389483108
1.0535120235635138
1.0379685510270764
0.7213498913271216
0.8658117207148981
0.9275176941014909
0.9643926818393992
0.991399733714978
1.0118688183158324
1.0281746087800405
1.0445518911560372
1.0610827997299652
1.0748168908747135
1.0856899597230596
1.0937233907887518
1.1000370872246032
1.1033323211422374
1.10448035917036
1.1033858141807171
1.1008379993083692
1.096329760412362
1.0904944389870501
1.0830263695713085
1.0741560438046822
1.0629812781275587
1.0494624782467008
1.0335013094692909
0.6559976107316199
0.8182952659248877
0.8980787680672729
0.9487240422524134
0.9826769277958416
1.0084690390524296
1.0288365330886766
1.048237879808372
1.0651203820709247
1.079647917781283
1.0905279277613045
1.0980023805760517
1.101890914645187
1.1041647924237619
1.103962070636237
1.1016077256721903
1.0982436864508645
1.0931446323272318
1.0868471836576679
1.079134320583221
1.069375984597782
1.0581146071941265
1.043927451005944
1.0280995982059942
0.615789456343091
0.7691476840249662
0.86094345167602
0.9230756964063563
0.9657631072618851
0.997998970799697
1.025139330926208
1.0479017942711129
1.0662487645000265
1.080870909674522
1.0918353663476508
1.0983633134049546
1.101595548470527
1.1024311907446773
1.1011611707459776
1.098258084910607
1.094156759860366
1.0887290375538616
1.081587823763802
1.0732090930038407
1.0637558424674527
1.0522180675656312
1.0378682027065655
1.0223462311954408
0.5876328722939376
0.7273346241374788
0.8243964329277729
0.8933418617056987
0.9433735618001012
0.9811073942413032
1.0140301478995533
1.0414354134184334
1.062732069852277
1.077781174657948
1.0882087422840876
1.094236325599146
1.0971881463009092
1.0975853224484515
1.0960488049875585
1.093045023693816
1.088148098526712
1.0826735095570266
1.075501008839408
1.0669637149698774
1.0573485440304737
1.0460779147560526
1.0316834056258473
1.0167781940827245
0.5654637917659299
0.6930798876280655
0.7910874444014038
0.8646643846934361
0.9195853621358242
0.9635001611633571
1.0009085991017963
1.0313224264749126
1.0543264102835272
1.0707910101548475
1.0810424783574515
1.0870760231844272
1.0890849702268095
1.089715483428006
1.0881752632051453
1.085247061645216
1.0810790342667154
1.0755919582822684
1.0685978624630155
1.06034996577177
1.0508348636666591
1.0398934095331451
1.025943511471457
1.0115021355382108
0.5462762919391169
0.6655953315300523
0.7628477243723607
0.8383550981700262
0.8974093070007766
0.9471488138824423
0.9887663590619168
1.0210341745617437
1.0453268281089443
1.0615377732346358
1.0716942091667554
1.0777751125937083
1.080560665182058
1.081178079013507
1.0803095531160756
1.0778033638131264
1.073266236540693
1.068134914065087
1.0618406099013065
1.0541377325743395
1.0448284864716098
1.0343074273327735
1.0215769483159969
1.0074638670832798
0.5299612705701656
0.6434006277524489
0.7393006621653199
0.8158456313626933
0.878389686428691
0.9335871990781426
0.9783432542747547
1.0125535833664083
1.0365338409602602
1.0520113203389418
1.0622408016294562
1.068106515597445
1.0711815828479354
1.0721202950117952
1.0715962890264754
1.0690270430789943
1.065780246356895
1.0610704406199942
1.055084607811087
1.0478122099513136
1.0396133084495873
1.0296478649898935
1.0168941484533005
1.0042116967010808
0.5165687616852432
0.6263152453408674
0.7215980628074087
0.7982296103005232
0.8659708905785567
0.924675004591271
0.9710214612025828
1.0049451476900413
1.0277559935505969
1.0426381896315988
1.0525750147775732
1.0586469523519595
1.0617006942645164
1.062825981414396
1.0625624335988488
1.0607668745012548
1.0578437444056417
1.0537674358663385
1.0484006025620485
1.0416807887555977
1.0341526572517619
1.0256801514919833
1.0139270211182332
1.002623809379506
0.5088364147365054
0.6158121602934311
0.7096671371891999
0.7890421660499851
0.8607274529230058
0.9204739055911648
0.966364818315532
0.9988023036936179
1.0199744239427075
1.0343511294931833
1.0435482329187564
1.0496690964871582
1.0529022012320786
1.0542960136798016
1.054259952409242
1.0531834077132003
1.0507691144146751
1.0470315964723997
1.042474841047759
1.0372782826357096
1.0308835473982378
1.023627021604065
1.0133349241229612
1.0034332700849966
0.5056341067574793
0.6121022373914412
0.7047424080744911
0.7874756286937743
0.8612915145310583
0.9210347527401466
0.9647127759770949
0.9940241931477642
1.0136738862833852
1.0272008968902073
1.0361175621943366
1.0417747838002418
1.0449554763683009
1.047125756878639
1.047574860810034
1.0463130846874555
1.0442318260543424
1.0413278113594169
1.0379065662792577
1.0337223007573402
1.0291288935650464
1.023225003406954
1.0152150073616721
1.0062605293087559
0.5060710988131102
0.6128413238399363
0.7052303149236403
0.7922720100848011
0.8679958491874425
0.9256001800964766
0.965162516684696
0.9914969869821992
1.008952916940559
1.0213629122942467
1.0295815403122324
1.0349289464567126
1.0386176673891578
1.0403697360734434
1.0410929582025483
1.0402898417038051
1.0383912147002574
1.0360440626037228
1.0341594787933222
1.0323827556414253
1.0297698438875122
1.0259194084676806
1.019242263104723
1.0115083922834758
0.5102922639789245
0.6169567110900898
0.7140835581936141
0.804749237509275
0.8786914780571431
0.9317165957600884
0.9669683928438093
0.9901269558105177
1.0063223637021137
1.0171023377944277
1.02475797927727
1.0303330952095773
1.0339373201113002
1.035917159191228
1.0359636879173217
1.0353292103232021
1.0347484151239197
1.0344273348816613
1.0345437895927145
1.03455713514095
1.0334526148479932
1.0308432756608081
1.0248475093676392
1.0176915500705097
0.5171249904758105
0.624717862039432
0.7276304500016396
0.8209405673608315
0.8917983699068283
0.9393173281134481
0.9697808834049926
0.990177807153928
1.0043605455255822
1.015271600424182
1.023082811291608
1.0275171553701574
1.0301949050617527
1.0324680389520287
1.033839320323745
1.034562711468836
1.0353655352410993
1.0359902373041434
1.037456065143209
1.0388200331667492
1.0388856024267428
1.0371732684675992
1.0316753047525455
1.025112177203453
0.526961924237166
0.637122783928019
0.7465342393653519
0.8402292880056631
0.9050788168313603
0.947010946596903
0.972782494421662
0.9922336184429601
1.0054704631735398
1.014067719768378
1.0205008773230173
1.0258006744540416
1.0296243713078574
1.0317868544981694
1.032662224577105
1.034344332045669
1.0379750160317978
1.0411030583131857
1.0438152403532606
1.045459361135559
1.0456513358208424
1.0440599395903754
1.038839818695113
1.0320974769099436
0.539010838009735
0.6566521508868625
0.7714375959221631
0.860556990440683
0.9189480437411286
0.9540651235654675
0.9782592713533477
0.9940296128051466
1.0054823661743293
1.0147366124887973
1.021101076650775
1.0250082005782264
1.0276116441299163
1.0305693934077857
1.0348951490729108
1.0393904100051283
1.0430906024367135
1.046835641457087
1.0503801304735068
1.052636162944496
1.0528579467012738
1.0512328145901833
1.0453667222403284
1.0379102959572326
0.5524034391290366
0.681126354627647
0.8001885571405533
0.8826656937053747
0.9319730080675322
0.9620361801600062
0.9817727435497646
0.9971096058530088
1.007473822432377
1.0146823134813605
1.0204719819350587
1.0254258149437057
1.0297577242115772
1.0341821332842962
1.0390827520844699
1.0449432136059302
1.0502788150092552
1.0551534986037125
1.0583168983027165
1.0603267177335791
1.0599991118938477
1.057460717436776
1.0509678269358567
1.04234292858796
0.566940083160485
0.711085448774643
0.8316310845392908
0.9028251916077281
0.9427640329608177
0.9690380441849392
0.9866060581827587
0.9988292929221017
1.0089177102980558
1.0162422011878893
1.0218815037958215
1.0265530539446683
1.0327010948451414
1.0397284012539867
1.046354462310974
1.052172020453046
1.057263601204251
1.0626636980225266
1.0664501450098829
1.0677335665885848
1.0665568649278239
1.0625780474219264
1.0547661183266595
1.0443984436346272
0.5843977672739127
0.7487009446744621
0.8604105364662925
0.9194492083048449
0.9536436355528657
0.9749304664132888
0.9908097337516532
1.002074030493164
1.0100920752391673
1.0170863324548756
1.023205412446755
1.0295479993409342
1.0374897497003523
1.0457003333798816
1.0544891862253156
1.061319706671088
1.067034322822593
1.0711117035246853
1.0735125023682928
1.0740913798327378
1.0719879865664397
1.066229889884916
1.057066908393172
1.0459185639980513
0.6070319841299779
0.7904157619306382
0.8867779761429535
0.9349243567330774
0.9626303455217521
0.9811098913578916
0.9937888336843611
1.0041652332472633
1.0125133210568393
1.018630637164498
1.026527838559059
1.0363384241156375
1.0459601374807137
1.0544273913373394
1.0614321789779828
1.0693537554768027
1.0755519244845821
1.0792350004798577
1.0804588391761503
1.07915457128427
1.075684803004402
1.0682168169821795
1.058173512947235
1.0454982182815329
0.6388150496431831
0.8312002946996475
0.9093677227620632
0.9479532018555514
0.9703538139707686
0.9856817577033288
0.9973791593534163
1.0058606593293176
1.0143136334732725
1.0232704457787127
1.032592059713066
1.0428101782490626
1.0540112597091769
1.0640226722865955
1.072305478888988
1.078348415909
1.082702425976083
1.085933563515824
1.0857534347795024
1.0835209105981694
1.0777569205158732
1.069661155123132
1.0581620426149974
1.0445638365989531
0.6877296129335956
0.8669298826259103
0.9281297310282001
0.9581337326030582
0.976811786410392
0.9892465136014092
1.0001166009503157
1.0088664076587353
1.0164114260659958
1.0267191808668428
1.039940925363568
1.0523885489068627
1.0629461216620555
1.0726491633868422
1.0814073586108155
1.0876716412747276
1.0909610149517146
1.0918265403325622
1.0900725962913498
1.085688534548086
1.0791841818017067
1.0699584933410076
1.057822008941443
1.0431354543414146
0.7557335601616865
0.8944245228366368
0.9406287334638154
0.9653777705090029
0.9816418170421111
0.9929997477846247
1.002139022592222
1.010920351272828
1.0212258496492264
1.0345482324620592
1.0483113512141584
1.061953904318886
1.0737733321371508
1.0828460429750204
1.0896811568177451
1.094690909053748
1.0966160237266402
1.0959184464087004
1.0925616575335337
1.0870351404302552
1.0798924634523908
1.0694078191648835
1.0563599695061692
1.0415108062168985
0.8305704502979985
0.9101638072225374
0.9465067068872083
0.9693212265888957
0.9841004405780481
0.995435548747846
1.0039695717968162
1.0148986037333372
1.028414369466006
1.0436905080589316
1.058365018134891
1.0721304034941266
1.0840553902020538
1.0927366092183848
1.0985568731686353
1.1010585101445471
1.1013871554434111
1.0986083859054199
1.0943445251197754
1.087808176012949
1.0795082627811385
1.0689422995623508
1.0555260220030471
1.0404423663722842
0.07133991668073525
0.1420284556438103
0.22492509797147303
0.27206868257374484
0.34362962490669263
0.4506517143691985
0.10098638669097453
0.17433999066644654
0.248448940092237
0.29122699329250307
0.3531079896793239
0.42275572642219883
0.11504752502032264
0.18557033207368528
0.2524606191745301
0.2944646029828606
0.35786723061216635
0.4306730994093353
0.1276601363244305
0.1937302899029247
0.2532510828920428
0.2949788028610838
0.35999295828011896
0.43889860250550167
0.14114384847339828
0.20014580718908914
0.25266985421150473
0.29475780348681246
0.36050207609834267
0.4415370346555924
0.15419003755158556
0.2051133775848654
0.25189762424289064
0.2940292653819443
0.35992715071751347
0.439965476308992
0.16615786250948822
0.20834614022784792
0.25025116494146493
0.2928037368224505
0.35788005772069387
0.4357444811751917
0.17564405936299363
0.21113161822301768
0.24833033521321193
0.2910080922479888
0.35479357854747995
0.43004885356093137
0.1835893326037915
0.21308873704469294
0.24717224909966592
0.28928179163792883
0.3515410602236371
0.42357630322936435
0.18999459569832153
0.21452231780066222
0.2468676072899984
0.2884196587731299
0.3489752228020163
0.4194711382229003
0.19452577492895873
0.21563212496038842
0.24723291758857416
0.28851330772490724
0.34875142900335154
0.41836001375671017
0.19701510985523457
0.21663958641187708
0.24844553920961474
0.28989128938874614
0.3503201656359208
0.4188380511279194
0.19718165664640705
0.21752127473979208
0.2505717065489905
0.29342257423825924
0.3539202417668195
0.42133660094144965
0.19527147648049248
0.21793766716458554
0.25311280051293195
0.2978315228969531
0.35915850734255284
0.4262646020074546
0.19124650787843311
0.21798823707707893
0.25573126959356407
0.30254082438026486
0.3649153687103156
0.43248746877539956
0.18520306602408498
0.21744660075030922
0.25796279347776974
0.30682237086854003
0.37049524408431106
0.43915629451846744
0.1776780633655678
0.21610198902969685
0.25964999725436816
0.31034195342929216
0.37545545879238185
0.4458623139930459
0.16827693547809222
0.2136104790691702
0.26149876101535047
0.3125693941648597
0.3793015023150792
0.45167811089570886
0.15660099061140326
0.20972825713790322
0.26217279272856064
0.3130480727461493
0.38165024820194526
0.45575339222013755
0.1428396974912916
0.2033710091900314
0.26201991233132543
0.31282939801219517
0.38168498069409446
0.45749478685526607
0.12685436636529518
0.19421103425821507
0.2602171116321007
0.3109966673943276
0.3799010888831378
0.45570297815797056
0.11143192196493419
0.18236382503139525
0.2559049758968183
0.307646692967317
0.3767381309456758
0.4488021311765767
0.09485635641691993
0.16715777583700056
0.24766236615420584
0.3005787011667514
0.3735733057472158
0.43828733760625666
0.06383516490865393
0.13198372935049812
0.2209876747247877
0.2753226245552097
0.36672772578665014
0.4375336292477314
0.8198183927396088
0.9038974025465252
0.9434147291964292
0.9685690026034932
0.9835210164893515
0.9962703303094147
1.0067293287822885
1.0183925526943642
1.0358119227723663
1.054056040525142
1.0701557643481436
1.0832588954178564
1.0934991877514868
1.1012384932734822
1.1051733658503025
1.106042062327451
1.1043071967395415
1.1008490204757677
1.0950522383145282
1.0875716280238281
1.0785759114892182
1.0675760122555715
1.0538305661889367
1.0380081038470284
0.7248106652608385
0.8697124221417236
0.9286973633739297
0.9607257365172128
0.979785537402789
0.9938024073100378
1.008338450899802
1.0267585920382556
1.045589823377737
1.0642658351045862
1.0813739315053448
1.0947599584494958
1.1031938330364175
1.10810311223586
1.1098882645265757
1.1088997725920684
1.1060143246383896
1.1012183207189454
1.0944581078716045
1.0867212070789982
1.076748394966434
1.0656567148172342
1.0508637101190639
1.0350785139028515
0.6596427938861158
0.8217062870939937
0.8972761748380406
0.941562856112353
0.9689352709679258
0.9884822246544137
1.009152062829446
1.032449639984839
1.055181600220632
1.0751770568043146
1.0911092792130164
1.1028213481170042
1.1100851525791944
1.1128260792557283
1.1127067692712076
1.1100921670943047
1.1058740491011505
1.1000439033682265
1.0928723266187772
1.0841866795544097
1.074217080062205
1.0624598778880647
1.0476950629166755
1.031724471128625
0.6190452229580298
0.7728605768645334
0.8583317606303008
0.9122189095741798
0.9491284224654727
0.9778744917536643
1.0058296882407378
1.0353023739969391
1.0618169448210095
1.0830560996532894
1.0981215164891296
1.1077380066306308
1.1123856817415576
1.1134455568381856
1.1121793098555772
1.108810466618366
1.1035654053781987
1.0971016968215075
1.0893409332255395
1.0799720083520035
1.069841601494935
1.058059385507411
1.0433933461377127
1.0276799277939743
0.5907100217985238
0.7290043537132547
0.8190495005890808
0.8803656371740349
0.9249395625940005
0.9625868446150286
1.0007407704186935
1.0346779537163413
1.0634703399165526
1.0850833794625734
1.0992969502632204
1.106949439450744
1.110152753481872
1.1102617498755178
1.1078839988474987
1.103517315038012
1.0983323247179735
1.091400721051755
1.0836391690144822
1.0747746449416977
1.0643735673448655
1.0524927220831037
1.0380268640316506
1.0219445050887515
0.5683537420762433
0.6921751092654151
0.7833219579567297
0.8496574332085596
0.9012459722898423
0.9483501468055321
0.9931275478999587
1.0317675115350444
1.0617229998753737
1.0828939505814594
1.0955844086811408
1.1020535934170843
1.1043779773877196
1.1041279370058052
1.1012190482236142
1.0970389468834445
1.091821693807875
1.085250428219603
1.077636181283093
1.0687333417127518
1.0585380129406334
1.0471119923051162
1.0328780623699576
1.0179231252607979
0.5492994557736216
0.6628993234729603
0.7525563844821567
0.8228491210427883
0.8809287328690818
0.9366675845930621
0.9865393039544202
1.0277595785221756
1.0580454811252586
1.0769747725007859
1.0880138933500343
1.0940839997326148
1.0962926557589938
1.0955398713429099
1.0931345900870786
1.089455865617365
1.0844821342127395
1.077911108184448
1.0706239619674383
1.06225897230692
1.0526028918891002
1.0414272942135254
1.0271684792518574
1.0129183630287761
0.5327210518665628
0.6391571567539558
0.7275375568705044
0.8014474103275838
0.867179433092207
0.9296747736801104
0.9827142424090882
1.0241001244300465
1.0522647222251196
1.069397846373915
1.0791672216948718
1.0845343303939439
1.086474437496539
1.0859744480035831
1.0842153134546044
1.0809415684078683
1.0765589794550876
1.0706312782317546
1.063758683988238
1.0563195945742379
1.0470716257242374
1.0363794121296104
1.0233790080625311
1.0097664290707142
0.5187803103211486
0.6204821542669026
0.7094719028636741
0.7865338162178915
0.8599399783338649
0.926846641198004
0.9809512285053683
1.0199034391359485
1.0453224812688418
1.0607973937611574
1.0700245789420495
1.0749436327568413
1.0767881036332747
1.0771014300260753
1.0755626448947335
1.0728071933070493
1.0687013461401365
1.0639354881954075
1.058187464931052
1.0505805860483457
1.042428257124251
1.0323743915606431
1.0205526778050016
1.0081948452154395
0.5103030603545688
0.6089226128826607
0.698324883940293
0.7793341532842728
0.8586865337927811
0.9276354324306889
0.980412073242515
1.0163076651889242
1.0384629271322257
1.0524494639270139
1.0613514810218831
1.0657867733022703
1.0680144776482403
1.068307036005656
1.0675043659629089
1.0649270426952806
1.061717373654319
1.0571588613395688
1.052179852929894
1.045741216807266
1.0388424596921413
1.0307638882460042
1.0194767895059014
1.0086590133713396
0.5064967003489087
0.6040995004454032
0.6941436183650879
0.7811153814217597
0.864365159217493
0.932363060199713
0.9811184634179362
1.0123898426409927
1.0319644302787077
1.0445505409039053
1.0523456840992442
1.057152356177714
1.0596080941989807
1.0603861953054687
1.0595024999506084
1.0577625217609394
1.0548975382837995
1.0511609490558895
1.0471818783096356
1.0424858469737681
1.0370912577908984
1.0307642653304518
1.0216225673591055
1.011673070508465
0.5052357359632339
0.604435801079296
0.6982064764791941
0.7909624728205084
0.8745476118208876
0.9386904378051312
0.9820277733932619
1.0093450583959167
1.0271045468229296
1.0380919874869998
1.0453745273879265
1.0496906867586813
1.0525195541058705
1.0532539815025408
1.0528203610641858
1.0513052328202845
1.0495225153273315
1.046520686131572
1.0441938714931898
1.041547276808155
1.0383988042751875
1.0333168193818798
1.0253418039936597
1.0165915965122434
0.5065730100284762
0.6086563916737912
0.7076812790944484
0.8064616946795743
0.8886158449200051
0.9471519916817877
0.984012701654285
1.007045351477202
1.0229502289728707
1.03375819593557
1.0403889210550135
1.0443778382687872
1.046694817216055
1.0481149366944504
1.0485418986237152
1.047414011775691
1.0456235928580828
1.0443439100272496
1.0441368323241802
1.0433422862040636
1.0416556407072357
1.0375879108290251
1.030935033833956
1.02272555852344
0.5128583908987128
0.6167628150225787
0.7241011362373271
0.8266965607137626
0.904499112171285
0.9547992328846079
0.9860014217253497
1.0071675766341601
1.020994971166821
1.0298667289305299
1.036156763486777
1.0406986755923577
1.0439201326055703
1.0451189856667797
1.044927952201047
1.0442333373021637
1.0453117375798615
1.0470286324037843
1.0477832158901894
1.0482172525606097
1.0466774217477517
1.0434913630822806
1.037102876043285
1.0291378307588486
0.5226853438082064
0.6307750250761591
0.7457011105633279
0.8488297814944971
0.9191309905847431
0.9621312573706059
0.9896806974258554
1.007227554331854
1.0190458186214715
1.0284673553549901
1.0346010131982148
1.0380642028331208
1.0400214420700473
1.0418570629686108
1.0440229472203495
1.0466218478635307
1.0489379361938411
1.0506662532921185
1.0524806186700504
1.0535083120625202
1.05284454011305
1.0500235398436244
1.0435318210887254
1.035290584554222
0.533768704284394
0.6506168944691758
0.773459276869197
0.8717593983465063
0.9320982160064982
0.9691417434438823
0.9914251650624346
1.0085517000616981
1.019760874883337
1.0268401389495647
1.0321647845976492
1.0367095276511085
1.040086185958221
1.0430235773922392
1.0451508337070459
1.0491541717932196
1.0535713261210704
1.0569929377088665
1.0593309484180193
1.0602756035421206
1.0591774110566106
1.056307437345179
1.049165179655626
1.0405845434767882
0.546432372079989
0.6770720286753013
0.8064711863623847
0.8934121514073352
0.9442453933859439
0.975313934368669
0.995907645368087
1.009145688991039
1.0192592358010966
1.0270988974301143
1.0324092921690262
1.0360603509314332
1.0397360091266945
1.0448207516428725
1.0504842765366453
1.0555487411682336
1.0589466872307756
1.0628672041335587
1.0655027543221414
1.0668217080641975
1.0655596780926102
1.0619814176714735
1.054051456266978
1.0439773387066156
0.5609005083148347
0.7105179723603054
0.8383002792756502
0.9126447011801265
0.9553699479839868
0.9810755459471279
0.9982595478385713
1.0113008896388587
1.0200606696732262
1.0262977818410453
1.0316137592792134
1.0364047031884622
1.0428256383836771
1.0487470488698731
1.0554428839374908
1.0620279224646987
1.066867715589812
1.0707152319867441
1.0725334838018556
1.0726538299326753
1.070757069969536
1.0660059610629093
1.057092474082883
1.0461890241342153
0.5789624686203614
0.7509910284148383
0.8683771056436529
0.93014196416619
0.9642026011345561
0.9863173542084203
1.001157109847417
1.012099694969049
1.0207391610049503
1.02697364364816
1.0331150033392131
1.0402944554802058
1.0481705972716024
1.0558990653298963
1.0625500816886537
1.067442275200957
1.0737642092633841
1.0777127893968501
1.0789895280471176
1.0784443144810822
1.0752035289195483
1.0686173648883652
1.0586276513236126
1.0461735627250641
0.6026696203321767
0.7949644899730988
0.8957726714926063
0.9449413380887915
0.9726429058799676
0.9905850410413358
1.0037859146323334
1.0132148521946047
1.0208563148433663
1.0286701362617707
1.0359687706823382
1.0447782194141682
1.0537542048483506
1.0626883587877132
1.070576748442438
1.0765004015835464
1.0805698250953606
1.0836346453085488
1.0842748411353598
1.0825640083814705
1.0777734790060154
1.07005615569149
1.059267947756249
1.0455128699195808
0.636945001053427
0.8379805681020546
0.9182465838980333
0.9565423587334625
0.9796604833220621
0.9939556826642498
1.0053623642962126
1.014490900787482
1.0218587108821218
1.0293022161968133
1.0408490921637468
1.0517986674055047
1.0615623659746884
1.0695725198996728
1.0775624007483244
1.0837902226978238
1.0880138716676082
1.0896183894872005
1.0886808585531365
1.0853817035160465
1.0792797979901259
1.0704547146624188
1.0588124715501055
1.0445736219007573
0.6897154056239172
0.8747123913504927
0.9356056215210138
0.9660044779591549
0.9841262407256929
0.9971589710324993
1.0068369819914373
1.0153226620522473
1.0246368326841573
1.0354497852094646
1.0466689979240715
1.0587617732595216
1.0697876877531909
1.0791619249360078
1.0855174459005474
1.0907573727889601
1.0933681693551274
1.093724692646025
1.0917470370423197
1.087010086011274
1.0795329962661482
1.0703163135795586
1.0576044506678832
1.042715577612575
0.7606538806572531
0.9012961988521123
0.9467400947783479
0.9720325116869389
0.9873652094055985
0.999078701712625
1.0083181677917759
1.0170499051185558
1.0278909345859546
1.0413918908916735
1.0549155533703518
1.066912979382108
1.0778263472905163
1.0871918277021198
1.093563426479745
1.0973562165847837
1.0984762188657957
1.0970038155545798
1.093284868708178
1.0877281728712966
1.0799398402546103
1.0697358099377725
1.0563563035059955
1.0412701330511425
0.8372494817606888
0.9142645332692235
0.9510401498112986
0.9741273127321131
0.9887203859984756
0.9995143809308294
1.009346543537766
1.01852814701403
1.0327412575939325
1.0482040841954803
1.0637353924341013
1.076712340373422
1.0868183968963454
1.0943929181333198
1.0998756918041477
1.1023989504543854
1.1017225525429317
1.0989424577116829
1.0942559534623897
1.087472999830909
1.0788506524702972
1.0681318855188155
1.0545107510888632
1.0387281355579552
) 
; 
boundaryField
{
    rotor
    {
        type            movingWallVelocity;
        value           uniform 0;
    }
        freestream
    {
        type            freestreamVelocity;
        freestreamValue uniform (1 0 0);
        value           uniform 0;
    }
    frontAndBack
    {
        type            empty;
    }
}    
