/*--------------------------------*- C++ -*----------------------------------*\
  =========                 |
  \\      /  F ield         | OpenFOAM: The Open Source CFD Toolbox
   \\    /   O peration     | Website:  https://openfoam.org
    \\  /    A nd           | Version:  11
     \\/     M anipulation  |
\*---------------------------------------------------------------------------*/
FoamFile
{
    format      ascii;
    class       volVectorField;
    location    "0.26";
    object      U;
}
// * * * * * * * * * * * * * * * * * * * * * * * * * * * * * * * * * * * * * //

dimensions      [0 1 -1 0 0 0 0];

internalField   nonuniform List<vector> 
2880
(
(0.0406459 -0.00799761 1.24624e-19)
(0.0458836 -0.0524106 1.2667e-20)
(0.0634008 -0.168392 -1.96503e-20)
(0.0731528 -0.23668 4.94502e-20)
(0.0947474 -0.395672 2.91848e-20)
(0.0729231 -0.329749 -8.64726e-20)
(0.0297322 -0.0340157 5.07792e-19)
(0.0311653 -0.0918229 3.91793e-19)
(0.0428614 -0.197246 2.9644e-19)
(0.0480521 -0.267767 -3.173e-20)
(0.0668628 -0.368563 2.67258e-20)
(0.0657728 -0.327028 1.02884e-19)
(0.0248712 -0.0444378 -4.67577e-19)
(0.016223 -0.109503 -7.07065e-19)
(0.020954 -0.203966 -3.09764e-19)
(0.0241485 -0.269528 2.91206e-20)
(0.0417039 -0.333536 -2.09681e-19)
(0.0539766 -0.309602 -4.4491e-20)
(0.0176336 -0.0527422 -5.18341e-19)
(0.00125135 -0.121385 6.96957e-19)
(-0.000735813 -0.204773 3.36062e-20)
(0.00161001 -0.264186 2.97608e-20)
(0.022301 -0.309915 3.56071e-19)
(0.0558731 -0.299495 0)
(0.00149646 -0.0600702 5.10075e-19)
(-0.014072 -0.126597 -2.84556e-19)
(-0.0214918 -0.20188 -6.42502e-20)
(-0.0197629 -0.256217 2.73292e-20)
(0.00311793 -0.292548 2.02505e-19)
(0.0493375 -0.291938 0)
(-0.0093834 -0.0613009 0)
(-0.0292452 -0.126714 0)
(-0.041481 -0.196349 -6.3678e-20)
(-0.0406842 -0.247083 4.91878e-19)
(-0.0166743 -0.278999 -3.9131e-19)
(0.0344341 -0.284626 0)
(-0.0213726 -0.0601105 -3.27561e-20)
(-0.0443004 -0.123684 1.95494e-20)
(-0.0610552 -0.189103 0)
(-0.0618797 -0.237477 -4.29313e-19)
(-0.0383423 -0.267804 0)
(0.0137243 -0.277513 0)
(-0.0329639 -0.0573589 1.64412e-20)
(-0.0590802 -0.118713 1.97506e-20)
(-0.0803144 -0.180848 -3.01921e-20)
(-0.083583 -0.227751 0)
(-0.0619971 -0.257818 3.8918e-19)
(-0.0119797 -0.270449 0)
(-0.0433001 -0.0534537 0)
(-0.0732969 -0.112591 0)
(-0.0991549 -0.172049 0)
(-0.105714 -0.218031 -3.72879e-19)
(-0.0874049 -0.248323 -4.32034e-19)
(-0.0415704 -0.262961 0)
(-0.051973 -0.0486296 0)
(-0.0866163 -0.105799 -3.82429e-20)
(-0.117353 -0.162945 -3.15784e-20)
(-0.128024 -0.208282 4.98327e-20)
(-0.114157 -0.238849 0)
(-0.0740452 -0.254673 -4.51003e-19)
(-0.0587771 -0.042994 -1.07258e-18)
(-0.0987137 -0.098591 -5.67616e-19)
(-0.134622 -0.153603 -4.54927e-19)
(-0.150179 -0.198368 2.63397e-19)
(-0.141757 -0.229052 9.46433e-20)
(-0.108513 -0.245341 -2.92125e-21)
(-0.0636013 -0.0365864 9.88579e-19)
(-0.109278 -0.0910561 6.40349e-19)
(-0.150642 -0.14397 4.86304e-19)
(-0.171799 -0.188083 0)
(-0.16968 -0.218651 0)
(-0.14414 -0.234801 2.6655e-19)
(-0.0664033 -0.0294454 1.65708e-20)
(-0.117991 -0.0831888 -3.83342e-20)
(-0.165072 -0.133911 3.04311e-20)
(-0.192492 -0.177193 0)
(-0.197397 -0.207399 9.87262e-20)
(-0.180153 -0.222955 3.82276e-21)
(-0.0671626 -0.0216294 1.66326e-20)
(-0.124514 -0.0749466 3.86792e-20)
(-0.177539 -0.123248 -3.08003e-20)
(-0.211854 -0.165448 0)
(-0.224377 -0.195083 0)
(-0.215834 -0.209751 -3.60672e-19)
(-0.0658546 -0.0132653 -1.08708e-18)
(-0.128499 -0.0662473 -5.84377e-19)
(-0.187639 -0.111766 -3.12862e-20)
(-0.229419 -0.152568 4.35428e-19)
(-0.250154 -0.181617 0)
(-0.250497 -0.195124 7.19507e-19)
(-0.0624123 -0.00454788 -1.96705e-20)
(-0.129599 -0.0569662 6.52346e-19)
(-0.194953 -0.0992245 0)
(-0.244589 -0.138295 -4.41157e-19)
(-0.274364 -0.166741 4.89998e-19)
(-0.283523 -0.179196 -4.47723e-19)
(-0.0567123 0.00425718 2.16077e-18)
(-0.127476 -0.0469458 -4.0725e-20)
(-0.19904 -0.0853821 5.59034e-19)
(-0.25667 -0.122356 0)
(-0.29629 -0.15023 -3.95567e-19)
(-0.314696 -0.16205 -2.66435e-19)
(-0.0485929 0.0127784 -2.17503e-18)
(-0.121807 -0.0360022 0)
(-0.199417 -0.0700078 -5.40768e-19)
(-0.264953 -0.104463 -4.6102e-19)
(-0.315003 -0.131838 0)
(-0.343615 -0.143573 6.29686e-19)
(-0.0378989 0.0204699 1.09497e-18)
(-0.11229 -0.0239292 3.8718e-19)
(-0.195523 -0.0528863 2.45236e-19)
(-0.268763 -0.0843612 2.37037e-19)
(-0.329596 -0.111151 -2.06763e-19)
(-0.369197 -0.123528 -3.68858e-19)
(-0.0244182 0.0269302 5.52661e-19)
(-0.0986273 -0.0105243 -3.5758e-19)
(-0.186703 -0.033848 -3.27448e-19)
(-0.266888 -0.0616519 2.76363e-19)
(-0.339346 -0.0876968 2.13358e-19)
(-0.391344 -0.101552 0)
(-0.00788429 0.0352001 -5.20645e-19)
(-0.0804312 0.00419491 2.36489e-20)
(-0.172249 -0.0129424 -1.88982e-20)
(-0.257651 -0.0360113 0)
(-0.342744 -0.0606696 0)
(-0.41014 -0.0768682 -9.90915e-20)
(0.000665662 0.0384728 0)
(-0.0574755 0.019359 0)
(-0.151228 0.00924827 -8.0579e-20)
(-0.238359 -0.00720882 1.71703e-20)
(-0.336583 -0.028379 1.55291e-20)
(-0.425375 -0.04574 7.81655e-20)
(0.00855095 0.0403696 -4.19434e-21)
(-0.0304675 0.0348329 -1.00139e-20)
(-0.120778 0.0317443 7.98736e-20)
(-0.203635 0.024927 1.81343e-20)
(-0.311624 0.0138129 -1.91953e-20)
(-0.434859 0.000805466 6.76587e-21)
(0.0198227 0.0433556 1.62678e-19)
(0.00410461 0.0490726 1.18185e-19)
(-0.070595 0.0577984 8.96398e-20)
(-0.142718 0.0641487 4.63243e-21)
(-0.240809 0.0548661 -4.09685e-21)
(-0.433261 0.012824 -6.32415e-20)
(0.804303 -0.852198 -1.28802e-20)
(1.11574 -0.888024 -5.53576e-20)
(1.26418 -0.802082 3.53753e-21)
(1.34044 -0.705495 7.7945e-21)
(1.38253 -0.614479 1.23604e-23)
(1.40179 -0.530749 -1.72455e-21)
(1.40533 -0.455554 -1.77479e-21)
(1.3988 -0.389713 -5.34338e-21)
(1.38649 -0.333172 -1.78483e-21)
(1.37133 -0.285318 -4.79686e-21)
(1.35499 -0.245115 0)
(1.33823 -0.211349 1.31878e-20)
(1.32128 -0.182851 -1.71787e-20)
(1.30416 -0.158613 2.80088e-21)
(1.28675 -0.137814 -1.90763e-20)
(1.26891 -0.119812 1.80118e-20)
(1.25042 -0.104122 1.38616e-20)
(1.23099 -0.0904154 -1.79281e-20)
(1.21019 -0.0784864 0)
(1.1874 -0.0681537 -4.76866e-21)
(1.16179 -0.0592627 0)
(1.13242 -0.0528243 8.17218e-21)
(1.09879 -0.053102 -4.80923e-21)
(1.06045 -0.060972 4.55299e-21)
(0.586264 -0.504857 0)
(1.08119 -0.763968 5.11594e-20)
(1.28961 -0.750646 8.26864e-20)
(1.38746 -0.681773 1.63014e-20)
(1.43651 -0.600625 -4.8119e-20)
(1.45871 -0.521261 -2.33392e-20)
(1.46229 -0.447469 9.72803e-21)
(1.45358 -0.381289 2.34762e-21)
(1.43752 -0.323514 3.99115e-21)
(1.41776 -0.274079 0)
(1.39666 -0.232344 0)
(1.37545 -0.197323 7.62192e-21)
(1.35462 -0.167921 9.66106e-21)
(1.33421 -0.143119 -8.07544e-21)
(1.31408 -0.122054 2.9215e-21)
(1.29397 -0.104053 -1.17264e-20)
(1.27358 -0.088626 -1.4676e-20)
(1.25247 -0.0754628 -3.1529e-20)
(1.23009 -0.064387 6.12431e-20)
(1.20569 -0.0552324 -2.98064e-20)
(1.17837 -0.0478788 3.06497e-20)
(1.14723 -0.0433726 -3.74811e-20)
(1.11184 -0.045689 1.46877e-20)
(1.07084 -0.054105 -1.32511e-20)
(0.369656 -0.31293 3.06922e-20)
(0.946362 -0.600092 3.81466e-20)
(1.26278 -0.670959 -2.45371e-21)
(1.40966 -0.639522 0)
(1.47831 -0.573462 1.22038e-19)
(1.50877 -0.500741 1.39626e-20)
(1.51593 -0.430338 -3.11572e-21)
(1.50744 -0.365389 2.50485e-20)
(1.48922 -0.30765 2.9108e-21)
(1.46574 -0.257605 -5.03179e-21)
(1.44017 -0.215024 -1.36784e-21)
(1.41441 -0.17921 -8.35586e-21)
(1.38938 -0.149231 -6.04528e-21)
(1.36533 -0.124123 0)
(1.34213 -0.103029 2.018e-20)
(1.31945 -0.0852729 2.22192e-20)
(1.29686 -0.0703721 -1.00096e-20)
(1.27382 -0.0580327 -1.48293e-20)
(1.24965 -0.0480872 2.40952e-20)
(1.22356 -0.0403685 3.67122e-20)
(1.19459 -0.0347636 1.29454e-21)
(1.16186 -0.0322379 -1.30547e-20)
(1.12495 -0.0364229 2.46419e-20)
(1.08193 -0.0462451 -4.45962e-20)
(0.265355 -0.266999 0)
(0.749054 -0.440022 -1.97333e-19)
(1.16966 -0.568636 -2.96043e-19)
(1.39454 -0.580028 0)
(1.5007 -0.533776 -7.43026e-20)
(1.54768 -0.469763 0)
(1.5629 -0.403812 0)
(1.55774 -0.341374 1.47074e-20)
(1.53958 -0.284805 0)
(1.51387 -0.235158 0)
(1.48465 -0.192558 5.45572e-21)
(1.4546 -0.156589 -4.47156e-21)
(1.42529 -0.126514 -8.07831e-21)
(1.39731 -0.101481 -4.56426e-21)
(1.3707 -0.0806851 -1.22336e-20)
(1.34511 -0.0634724 -1.27598e-20)
(1.32002 -0.0493807 2.51256e-20)
(1.29479 -0.0381255 -2.99424e-20)
(1.26869 -0.0295311 1.81367e-20)
(1.2409 -0.0234191 -5.18012e-20)
(1.21041 -0.0196696 -2.88696e-21)
(1.17631 -0.019164 2.80723e-20)
(1.13815 -0.0252174 5.50052e-20)
(1.09351 -0.0369327 -3.9404e-20)
(0.204064 -0.261862 0)
(0.568461 -0.332878 1.95628e-19)
(1.01967 -0.458242 1.60654e-19)
(1.3308 -0.504295 6.6129e-20)
(1.4945 -0.481962 -2.51965e-19)
(1.57016 -0.428651 -2.37342e-19)
(1.59922 -0.367996 8.84007e-20)
(1.60127 -0.308843 1.34868e-20)
(1.58599 -0.254326 8.2298e-20)
(1.56013 -0.205997 0)
(1.52866 -0.164262 -4.23592e-20)
(1.49511 -0.128911 0)
(1.46177 -0.0993803 -1.79817e-20)
(1.42981 -0.0749433 5.02707e-22)
(1.39955 -0.054875 2.07344e-21)
(1.37075 -0.0385711 1.74562e-21)
(1.34288 -0.0255995 1.60537e-20)
(1.31524 -0.0156857 -2.866e-20)
(1.28709 -0.0086397 0)
(1.25761 -0.00426942 0)
(1.22574 -0.00244989 0)
(1.19051 -0.0039963 0)
(1.15135 -0.0119423 0)
(1.10544 -0.0258493 1.45863e-20)
(0.161303 -0.266111 0)
(0.435514 -0.284398 0)
(0.843469 -0.361204 0)
(1.2132 -0.418811 0)
(1.44854 -0.418168 2.46296e-19)
(1.56853 -0.37768 1.93021e-19)
(1.62035 -0.323111 -7.19663e-20)
(1.6343 -0.267474 -7.014e-20)
(1.62527 -0.215646 1.1211e-19)
(1.60185 -0.169425 -8.05247e-20)
(1.5701 -0.12942 4.261e-20)
(1.5344 -0.0955385 3.14171e-20)
(1.49781 -0.0673207 -1.151e-20)
(1.46216 -0.0441374 0)
(1.42826 -0.0253443 -5.38066e-21)
(1.39611 -0.0103973 -5.31174e-21)
(1.36526 0.00109497 5.5986e-21)
(1.33505 0.00939023 6.5971e-21)
(1.30475 0.0146871 0)
(1.27357 0.0171866 0)
(1.24045 0.0170129 -8.09779e-21)
(1.20432 0.0134009 0)
(1.1644 0.00355859 2.66944e-20)
(1.11757 -0.0126986 -5.62176e-20)
(0.124706 -0.269588 1.24231e-19)
(0.34131 -0.267575 -4.2989e-22)
(0.676489 -0.295735 -5.23168e-19)
(1.05445 -0.336297 0)
(1.35408 -0.34523 0)
(1.53245 -0.31709 -2.73385e-19)
(1.61931 -0.269208 -2.20894e-19)
(1.65211 -0.21742 0)
(1.65349 -0.168557 -1.34094e-19)
(1.63563 -0.124999 -2.09443e-19)
(1.6061 -0.0874537 -8.00206e-20)
(1.5702 -0.0558597 6.02655e-20)
(1.53173 -0.029775 -4.46723e-20)
(1.49324 -0.00860223 0)
(1.4561 0.00825928 -9.60351e-21)
(1.42074 0.0213068 -6.78379e-21)
(1.38691 0.0308912 -7.12949e-21)
(1.35406 0.0372454 1.31085e-20)
(1.32156 0.0405635 0)
(1.2887 0.0410468 0)
(1.25443 0.0388162 8.20849e-21)
(1.2176 0.0331405 0)
(1.17717 0.0214439 0)
(1.12975 0.0027904 1.03264e-20)
(0.0873866 -0.269506 0)
(0.26741 -0.261542 1.16453e-19)
(0.53816 -0.259865 -2.44479e-20)
(0.882671 -0.269837 -9.78155e-20)
(1.21334 -0.272106 0)
(1.4523 -0.249294 7.23069e-19)
(1.58668 -0.207225 9.51265e-20)
(1.64806 -0.159083 1.76879e-19)
(1.66572 -0.113185 -1.90713e-19)
(1.65729 -0.072568 3.39634e-19)
(1.633 -0.0380195 6.18525e-20)
(1.59938 -0.00941975 -2.1334e-19)
(1.56104 0.0137459 4.49355e-20)
(1.52116 0.0321243 0)
(1.48176 0.0463304 2.29106e-20)
(1.44376 0.0568542 0)
(1.40728 0.0640263 2.1039e-20)
(1.37199 0.0680562 -2.33699e-20)
(1.33737 0.0691198 -1.10407e-20)
(1.30286 0.0674084 0)
(1.26755 0.0630403 1.16503e-20)
(1.23019 0.0553124 9.71799e-21)
(1.18951 0.0418461 6.45841e-21)
(1.14189 0.0208679 -2.58547e-20)
(0.0471391 -0.265979 0)
(0.201736 -0.256946 4.78502e-19)
(0.424965 -0.24064 4.33335e-19)
(0.721057 -0.225158 -2.18688e-19)
(1.04497 -0.20859 -5.74015e-19)
(1.32545 -0.180209 -3.09595e-19)
(1.51322 -0.139759 0)
(1.61353 -0.0938073 2.96528e-20)
(1.65539 -0.0502742 1.66976e-19)
(1.66162 -0.0125247 -2.78788e-19)
(1.64632 0.0187402 0)
(1.61805 0.043839 -1.51065e-20)
(1.5824 0.0634406 -7.07996e-20)
(1.54324 0.0783166 -5.43285e-20)
(1.50317 0.0891639 -4.128e-20)
(1.46369 0.0965169 -3.094e-20)
(1.42537 0.100727 0)
(1.38818 0.102001 1.0743e-20)
(1.3518 0.10049 -1.10932e-20)
(1.31582 0.0963701 -7.01888e-21)
(1.2796 0.0897438 -2.00499e-22)
(1.24192 0.0799956 0)
(1.20125 0.0648617 1.45364e-20)
(1.1538 0.0417544 -1.43931e-20)
(0.00378759 -0.25963 6.21639e-20)
(0.138099 -0.250546 -9.57778e-19)
(0.32641 -0.227929 -4.61465e-19)
(0.576647 -0.196574 4.18549e-19)
(0.872006 -0.159606 3.82519e-19)
(1.16232 -0.118259 1.69996e-19)
(1.39419 -0.0719471 -4.73368e-19)
(1.53995 -0.0248014 -2.37926e-19)
(1.61449 0.0181642 -2.36735e-20)
(1.64207 0.0538282 1.51061e-19)
(1.64063 0.0819679 0)
(1.62142 0.103329 9.20085e-20)
(1.59159 0.118944 7.11207e-20)
(1.55589 0.129857 1.18936e-19)
(1.5174 0.136792 -4.09094e-20)
(1.47822 0.140392 1.71731e-19)
(1.43945 0.141104 -5.91335e-20)
(1.40141 0.139179 1.20602e-20)
(1.36404 0.134759 -2.81219e-20)
(1.32713 0.127992 -8.64821e-22)
(1.29029 0.118962 2.14337e-20)
(1.25253 0.107206 0)
(1.21221 0.0905473 0)
(1.16531 0.0656111 -1.73098e-21)
(-0.0421271 -0.250919 5.14867e-19)
(0.0737961 -0.241581 3.56352e-19)
(0.234587 -0.216171 1.03742e-18)
(0.446435 -0.176003 -2.24244e-19)
(0.705648 -0.124681 2.12349e-19)
(0.982309 -0.0682293 3.79767e-19)
(1.2346 -0.0104405 2.91056e-19)
(1.42203 0.0429305 -5.50603e-19)
(1.53512 0.0883955 6.93827e-19)
(1.59113 0.123848 0)
(1.60934 0.149705 0)
(1.60404 0.167598 0)
(1.584 0.179263 0)
(1.5548 0.185893 -6.46163e-20)
(1.52057 0.188648 1.54128e-19)
(1.48407 0.188139 -9.25207e-20)
(1.44685 0.184951 0)
(1.40964 0.179456 2.1489e-20)
(1.37263 0.171837 -1.55866e-20)
(1.33582 0.162214 -5.63152e-20)
(1.29901 0.150663 4.74889e-20)
(1.26164 0.136859 8.41722e-21)
(1.2221 0.118873 -1.08212e-20)
(1.17624 0.0924985 4.9071e-22)
(-0.089778 -0.240127 -4.49134e-19)
(0.00820118 -0.230172 1.25161e-19)
(0.145161 -0.203234 -8.16036e-19)
(0.325041 -0.158632 6.60759e-19)
(0.548358 -0.0990181 -2.05036e-19)
(0.799587 -0.0301508 -7.5865e-19)
(1.04904 0.0396805 1.80071e-19)
(1.26206 0.103338 -2.71938e-19)
(1.41225 0.155098 2.4429e-20)
(1.50159 0.193255 1.84458e-19)
(1.5457 0.218675 -1.73212e-19)
(1.55825 0.23484 0)
(1.55265 0.242183 -1.01853e-19)
(1.53615 0.244712 0)
(1.50895 0.243259 5.69286e-21)
(1.47764 0.238556 -4.87386e-20)
(1.44431 0.231356 0)
(1.41001 0.222153 0)
(1.37523 0.211212 -2.16038e-20)
(1.34011 0.198664 -2.27127e-20)
(1.30461 0.184576 4.99402e-20)
(1.26847 0.168722 -1.53682e-20)
(1.23039 0.149601 2.15854e-20)
(1.18637 0.122339 -6.93589e-22)
(-0.138213 -0.227479 -5.79413e-19)
(-0.0581735 -0.216717 0)
(0.056608 -0.188813 -4.70282e-19)
(0.208623 -0.142231 4.49028e-19)
(0.398963 -0.0782948 -4.23551e-19)
(0.620295 -0.00217507 1.91548e-19)
(0.852584 0.0772401 1.59625e-19)
(1.07104 0.15147 -1.77149e-20)
(1.24743 0.212031 2.41917e-19)
(1.36942 0.25596 -2.27045e-19)
(1.44335 0.283932 -1.57124e-19)
(1.48057 0.2993 1.48136e-19)
(1.49186 0.304184 -6.08996e-21)
(1.48906 0.303477 0)
(1.47737 0.299312 -1.13344e-19)
(1.45471 0.290365 1.62344e-19)
(1.42807 0.279086 7.08846e-20)
(1.39912 0.266148 1.70127e-20)
(1.36875 0.251905 -4.70235e-20)
(1.33734 0.236514 8.1531e-20)
(1.305 0.220021 -4.40237e-20)
(1.27153 0.202279 2.57574e-20)
(1.2361 0.182201 -2.87432e-20)
(1.19507 0.154745 7.17443e-22)
(-0.186436 -0.213196 6.46968e-19)
(-0.124254 -0.201696 3.70844e-19)
(-0.0307824 -0.173352 3.95662e-23)
(0.0957708 -0.126242 -4.46533e-19)
(0.256175 -0.0609103 6.31193e-19)
(0.446825 0.0180963 -3.86973e-19)
(0.65519 0.103185 5.28581e-19)
(0.863461 0.184767 0)
(1.05012 0.25404 -2.63054e-19)
(1.19657 0.305571 0)
(1.2994 0.338745 -1.77916e-19)
(1.36412 0.356162 -1.42406e-19)
(1.39912 0.361422 1.0956e-19)
(1.41415 0.358486 8.86895e-20)
(1.41579 0.351016 -1.35465e-19)
(1.40842 0.340646 9.59401e-20)
(1.39261 0.325977 -1.33545e-19)
(1.37227 0.309694 6.70764e-22)
(1.34903 0.292403 -2.3394e-20)
(1.32375 0.274399 -3.09328e-20)
(1.29682 0.255788 4.69886e-21)
(1.26818 0.236488 0)
(1.2372 0.215761 -4.87023e-21)
(1.20097 0.188852 -2.65014e-21)
(-0.233452 -0.19753 3.8263e-19)
(-0.188718 -0.185609 -8.55874e-19)
(-0.11571 -0.157534 5.83659e-19)
(-0.012958 -0.111134 -3.31188e-19)
(0.119995 -0.0467131 2.05809e-19)
(0.281109 0.0320304 1.88585e-19)
(0.462816 0.118332 -5.23788e-19)
(0.652208 0.203207 0)
(0.834477 0.27836 2.61725e-19)
(0.992588 0.336895 4.20041e-19)
(1.11722 0.376685 1.61962e-19)
(1.20762 0.398882 2.74061e-19)
(1.26793 0.406846 -1.24778e-19)
(1.30506 0.404875 -8.87968e-20)
(1.32554 0.396976 1.26729e-19)
(1.3337 0.384326 -6.72816e-20)
(1.33233 0.367995 4.14381e-20)
(1.32409 0.349616 5.60419e-20)
(1.31105 0.330138 -1.20749e-20)
(1.2946 0.310125 -2.3474e-20)
(1.27553 0.28989 1.26317e-20)
(1.25414 0.26949 7.92354e-21)
(1.23003 0.248595 1.35696e-20)
(1.20139 0.223151 -1.1854e-20)
(-0.278336 -0.180738 -5.13376e-19)
(-0.250196 -0.168942 2.0702e-21)
(-0.196497 -0.142058 1.16287e-19)
(-0.115895 -0.0976516 -3.24773e-19)
(-0.00808577 -0.0360373 6.01144e-19)
(0.125548 0.0396588 0)
(0.280219 0.123447 0)
(0.447003 0.207653 0)
(0.61515 0.284488 0)
(0.772246 0.347513 -2.1496e-19)
(0.907675 0.39329 -1.76035e-19)
(1.01683 0.421526 1.37609e-19)
(1.09963 0.434541 -1.09317e-19)
(1.15939 0.436123 1.59802e-19)
(1.2007 0.429826 4.07307e-20)
(1.22753 0.417706 -1.71555e-19)
(1.24294 0.401351 1.11275e-19)
(1.24953 0.382354 -7.1048e-20)
(1.24951 0.361904 -4.00072e-20)
(1.24455 0.340825 2.13292e-20)
(1.23579 0.31968 1.94885e-20)
(1.22395 0.298734 -2.67317e-20)
(1.20903 0.278076 4.5371e-21)
(1.19118 0.254865 0)
(-0.320306 -0.163042 -1.26841e-19)
(-0.307432 -0.152117 5.39036e-19)
(-0.271436 -0.127523 -4.48368e-19)
(-0.210946 -0.0865021 -4.18654e-19)
(-0.125882 -0.0294242 -3.97667e-19)
(-0.0172289 0.040811 1.75643e-19)
(0.111773 0.119179 1.63764e-19)
(0.255035 0.199095 -1.3452e-19)
(0.404508 0.273818 -1.07962e-19)
(0.551373 0.337821 1.9631e-19)
(0.686736 0.387223 -1.61045e-19)
(0.804699 0.420839 -7.14671e-21)
(0.902691 0.439766 1.08873e-19)
(0.980991 0.446663 -4.75534e-21)
(1.04173 0.444401 -7.22907e-20)
(1.08751 0.435222 0)
(1.12082 0.420975 2.80348e-20)
(1.144 0.403317 -1.16679e-19)
(1.1591 0.383592 -7.50434e-21)
(1.16786 0.362833 3.45491e-20)
(1.17159 0.341839 0)
(1.17139 0.321094 0)
(1.16744 0.301048 4.08197e-21)
(1.16286 0.280165 -3.64197e-21)
(-0.358978 -0.144671 -2.5681e-19)
(-0.359364 -0.135496 5.80761e-20)
(-0.339069 -0.114326 4.46099e-19)
(-0.296252 -0.0781113 4.16432e-19)
(-0.23121 -0.0272251 6.37135e-22)
(-0.144617 0.0356067 -3.55415e-19)
(-0.038844 0.106165 -1.55845e-19)
(0.0818165 0.179029 -1.28591e-19)
(0.211408 0.248624 1.26068e-19)
(0.343251 0.310185 -3.11523e-21)
(0.470671 0.36023 1.59904e-19)
(0.588143 0.39712 -1.28903e-19)
(0.692253 0.421049 4.73497e-20)
(0.781598 0.433554 1.50052e-19)
(0.856389 0.436643 -9.49136e-20)
(0.917725 0.43223 0)
(0.967104 0.422064 5.96302e-20)
(1.00618 0.407734 -8.35791e-20)
(1.03659 0.390613 4.16051e-20)
(1.05985 0.371841 -2.93649e-20)
(1.07721 0.352369 -1.30691e-20)
(1.08997 0.332867 5.43824e-21)
(1.09819 0.313992 6.91601e-21)
(1.10757 0.294752 9.97353e-24)
(-0.394522 -0.125743 1.89219e-19)
(-0.405197 -0.119468 1.16533e-19)
(-0.39828 -0.102673 5.35625e-20)
(-0.370351 -0.0725725 9.99966e-20)
(-0.322241 -0.0292827 2.74528e-19)
(-0.25451 0.0245938 -8.30108e-20)
(-0.168928 0.0855409 -1.3982e-19)
(-0.0686978 0.149334 1.27707e-19)
(0.0417007 0.211465 -1.0138e-19)
(0.157119 0.268007 -1.74432e-19)
(0.272414 0.315889 -6.82136e-20)
(0.383036 0.353521 0)
(0.485585 0.380507 -8.9821e-20)
(0.578069 0.397538 -6.28384e-20)
(0.659675 0.405834 1.54489e-20)
(0.730444 0.406772 6.41169e-20)
(0.79097 0.401742 0)
(0.842182 0.392089 0)
(0.885176 0.379052 1.54606e-21)
(0.921104 0.363733 4.17925e-21)
(0.951003 0.347108 -1.17215e-20)
(0.976094 0.329964 5.68682e-21)
(0.996449 0.31294 3.31735e-21)
(1.01805 0.294522 8.69503e-22)
(-0.426237 -0.106606 0)
(-0.444805 -0.104087 2.3321e-19)
(-0.448276 -0.092651 -2.1534e-19)
(-0.432328 -0.0697214 0)
(-0.397799 -0.0351375 -8.74029e-20)
(-0.345463 0.00862141 -2.32154e-19)
(-0.276651 0.0587552 2.71003e-19)
(-0.19391 0.112053 0)
(-0.10072 0.165094 -8.43323e-20)
(-0.00119273 0.21473 1.69152e-19)
(0.100726 0.25839 1.29796e-19)
(0.201315 0.294492 0)
(0.297446 0.322433 4.24957e-20)
(0.387125 0.342301 0)
(0.469135 0.354689 2.49226e-20)
(0.542953 0.360442 -2.48575e-21)
(0.608586 0.360515 1.1418e-20)
(0.666421 0.355902 -2.23819e-20)
(0.717098 0.347577 2.04687e-20)
(0.761421 0.336462 -4.15809e-21)
(0.800225 0.323417 2.45912e-21)
(0.834506 0.309225 -1.24264e-21)
(0.864664 0.294304 0)
(0.894485 0.276632 1.02777e-23)
(-0.453497 -0.0871673 3.2963e-20)
(-0.478416 -0.0895205 -2.60137e-19)
(-0.488464 -0.0843846 -1.57112e-19)
(-0.481791 -0.0691897 4.81343e-20)
(-0.457385 -0.0441322 8.80458e-20)
(-0.416727 -0.0112707 7.9963e-20)
(-0.360885 0.0272919 -1.66459e-21)
(-0.292075 0.0692651 -5.28714e-20)
(-0.213193 0.112211 9.31952e-20)
(-0.127528 0.153672 -3.54751e-20)
(-0.0383509 0.191627 -8.99277e-20)
(0.0512924 0.224531 -4.21872e-20)
(0.138838 0.251642 5.71839e-20)
(0.22235 0.272685 0)
(0.300538 0.287781 0)
(0.372656 0.297309 -1.59583e-20)
(0.438398 0.301797 -2.89972e-20)
(0.497816 0.30185 2.47055e-20)
(0.551224 0.298109 0)
(0.599139 0.29122 0)
(0.64222 0.281813 0)
(0.681268 0.270474 3.70882e-22)
(0.716869 0.257454 -2.51613e-22)
(0.750263 0.241396 2.07422e-23)
(-0.476042 -0.0670313 1.68635e-20)
(-0.505375 -0.0762292 -4.33364e-20)
(-0.51891 -0.0774475 1.04049e-19)
(-0.518756 -0.0704729 -2.38195e-20)
(-0.501171 -0.0555122 1.65215e-19)
(-0.468379 -0.034015 -3.72049e-20)
(-0.421381 -0.00741973 -9.2666e-20)
(-0.362334 0.0228549 5.25164e-20)
(-0.293897 0.0552525 -2.05369e-20)
(-0.21893 0.0879255 6.64752e-20)
(-0.140261 0.119177 -1.44535e-20)
(-0.0604369 0.147747 -8.89237e-21)
(0.0184241 0.172739 1.5423e-20)
(0.0946371 0.193626 -3.03545e-21)
(0.166995 0.210174 -1.01708e-20)
(0.234724 0.22237 -1.36975e-20)
(0.297417 0.230359 1.03384e-20)
(0.354957 0.234385 -5.81288e-21)
(0.407463 0.234749 4.3784e-21)
(0.45525 0.231772 3.59472e-22)
(0.498785 0.225772 -4.59934e-22)
(0.538657 0.217089 3.7018e-22)
(0.575313 0.206094 0)
(0.609353 0.193252 0)
(-0.493202 -0.0459312 0)
(-0.524779 -0.0640831 -1.86567e-21)
(-0.540335 -0.071584 6.40846e-20)
(-0.543283 -0.0730033 -4.71675e-22)
(-0.529819 -0.0685324 -4.05024e-20)
(-0.501289 -0.0586999 -8.05013e-21)
(-0.458985 -0.0443087 3.01118e-20)
(-0.405189 -0.0258067 0)
(-0.342655 -0.0039767 2.044e-20)
(-0.274119 0.0198517 4.85341e-22)
(-0.202281 0.0442548 2.4588e-20)
(-0.129426 0.0680541 -2.09891e-20)
(-0.057321 0.0902733 0)
(0.0126082 0.110175 0)
(0.0793355 0.127259 0)
(0.14218 0.141205 5.15658e-21)
(0.200749 0.151857 -2.16973e-21)
(0.254877 0.159173 1.25061e-21)
(0.304585 0.163181 1.63136e-23)
(0.350036 0.16394 -1.25263e-23)
(0.39138 0.161389 -2.15991e-22)
(0.428848 0.155581 -3.28029e-23)
(0.462916 0.14709 5.81147e-24)
(0.495427 0.138299 -6.39312e-24)
(-0.508071 -0.0301528 0)
(-0.536165 -0.0531296 6.3239e-20)
(-0.55136 -0.0669725 -6.44855e-21)
(-0.554891 -0.0755386 5.84111e-21)
(-0.543521 -0.0819411 3.98683e-20)
(-0.516241 -0.0844699 3.40036e-20)
(-0.474749 -0.0826402 1.54984e-20)
(-0.421785 -0.0759777 3.66563e-20)
(-0.360472 -0.0645862 1.01751e-20)
(-0.293733 -0.0492657 2.26978e-20)
(-0.224371 -0.0313326 -3.7686e-22)
(-0.154592 -0.0120477 8.82079e-21)
(-0.0859729 0.00748314 0)
(-0.0197269 0.0263124 8.57509e-21)
(0.0433146 0.0436807 -3.92763e-21)
(0.102629 0.0590309 0)
(0.157947 0.0719596 1.25678e-21)
(0.209168 0.0821889 0)
(0.256326 0.0895428 -1.62557e-23)
(0.299509 0.0939498 -6.22153e-23)
(0.338825 0.0955429 8.68512e-23)
(0.374389 0.0945176 0)
(0.407159 0.0915817 2.03142e-22)
(0.440451 0.0892239 -1.65044e-22)
(-0.0479658 0.0355461 1.7175e-19)
(-0.185711 0.0578903 -1.28106e-19)
(-0.371556 0.0659605 -1.44441e-19)
(-0.460526 0.0672216 7.10839e-20)
(-0.502395 0.075614 -3.96962e-20)
(-0.500837 0.0736866 -1.63408e-19)
(-0.104253 0.0663819 6.94797e-19)
(-0.27578 0.0909186 5.8611e-19)
(-0.409724 0.0966826 4.37798e-19)
(-0.471125 0.0940934 -4.41398e-20)
(-0.496634 0.0914837 3.6933e-20)
(-0.495527 0.072619 1.22948e-19)
(-0.130379 0.0860799 -6.05296e-19)
(-0.29558 0.118813 -1.08409e-18)
(-0.405522 0.118389 -4.67624e-19)
(-0.452798 0.111507 4.19396e-20)
(-0.475044 0.10421 -2.83045e-19)
(-0.476363 0.0813547 -5.96654e-20)
(-0.154291 0.105296 -5.77724e-19)
(-0.302268 0.144694 1.06205e-18)
(-0.39376 0.139866 4.96017e-20)
(-0.431086 0.129331 4.11274e-20)
(-0.449513 0.117211 4.74919e-19)
(-0.450937 0.0923262 0)
(-0.180153 0.120913 5.5612e-19)
(-0.306518 0.167039 -4.30169e-19)
(-0.380368 0.160716 -9.40575e-20)
(-0.409035 0.147588 3.85193e-20)
(-0.42244 0.132639 2.63384e-19)
(-0.422313 0.107396 0)
(-0.204858 0.136265 0)
(-0.310935 0.183896 0)
(-0.366165 0.180034 -9.18192e-20)
(-0.386726 0.165769 6.79591e-19)
(-0.394372 0.149706 -5.13463e-19)
(-0.390913 0.125537 0)
(-0.223055 0.163088 -4.5187e-20)
(-0.311243 0.19792 2.86168e-20)
(-0.351179 0.197618 0)
(-0.364173 0.18363 -5.9182e-19)
(-0.365506 0.167732 0)
(-0.357044 0.145536 0)
(-0.233538 0.177169 2.26125e-20)
(-0.307792 0.210136 2.84863e-20)
(-0.335632 0.213667 -4.30679e-20)
(-0.341539 0.201061 0)
(-0.336145 0.18618 5.07627e-19)
(-0.321328 0.166325 0)
(-0.241321 0.189266 0)
(-0.301697 0.220932 0)
(-0.319909 0.22843 0)
(-0.319063 0.217935 -5.0642e-19)
(-0.306772 0.204534 -5.69449e-19)
(-0.284677 0.186977 0)
(-0.247226 0.19985 0)
(-0.293742 0.230444 -5.47993e-20)
(-0.304067 0.242138 -4.37931e-20)
(-0.297023 0.23411 7.13242e-20)
(-0.277999 0.222326 0)
(-0.24821 0.206677 -5.81597e-19)
(-0.25075 0.207873 -1.47108e-18)
(-0.284347 0.238782 -8.09053e-19)
(-0.288159 0.25497 -6.36649e-19)
(-0.27575 0.24949 3.60049e-19)
(-0.250507 0.239185 1.26539e-19)
(-0.213171 0.224748 3.61179e-22)
(-0.251439 0.212862 1.3594e-18)
(-0.273762 0.246119 9.18006e-19)
(-0.272271 0.267017 6.80609e-19)
(-0.255618 0.264038 0)
(-0.225004 0.254867 0)
(-0.180821 0.240707 3.52032e-19)
(-0.249017 0.215058 2.2689e-20)
(-0.262056 0.25258 -5.47049e-20)
(-0.256673 0.278369 4.21728e-20)
(-0.236965 0.277787 0)
(-0.202175 0.269266 1.30076e-19)
(-0.15234 0.25429 1.7632e-21)
(-0.243329 0.21479 2.26854e-20)
(-0.249216 0.258197 5.51809e-20)
(-0.241646 0.289214 -4.24427e-20)
(-0.220073 0.290801 0)
(-0.18265 0.282402 0)
(-0.128727 0.265465 -4.72921e-19)
(-0.234382 0.212468 -1.47066e-18)
(-0.235355 0.263039 -8.2663e-19)
(-0.227202 0.299618 -4.28144e-20)
(-0.205272 0.303165 5.89287e-19)
(-0.166962 0.294407 0)
(-0.110786 0.2744 9.53591e-19)
(-0.222745 0.209432 -1.69739e-20)
(-0.22069 0.267147 9.27682e-19)
(-0.21346 0.3096 0)
(-0.192764 0.314962 -5.96992e-19)
(-0.15553 0.305524 6.60224e-19)
(-0.0993277 0.281401 -6.01196e-19)
(-0.205401 0.212151 2.89501e-18)
(-0.205752 0.270344 -5.78137e-20)
(-0.200545 0.318984 7.56545e-19)
(-0.182632 0.326186 0)
(-0.148657 0.316169 -5.35398e-19)
(-0.095218 0.286947 -3.61223e-19)
(-0.173689 0.2184 -2.69863e-18)
(-0.191516 0.270752 0)
(-0.188451 0.327121 -7.25726e-19)
(-0.174796 0.336653 -6.13125e-19)
(-0.14639 0.326944 0)
(-0.0989103 0.291391 8.55845e-19)
(-0.153187 0.208952 1.18622e-18)
(-0.178743 0.265471 5.23492e-19)
(-0.176739 0.332979 3.24254e-19)
(-0.168822 0.346074 3.11383e-19)
(-0.148238 0.338263 -2.73533e-19)
(-0.111429 0.293721 -4.94769e-19)
(-0.135781 0.19148 5.67384e-19)
(-0.164887 0.256135 -4.70037e-19)
(-0.164412 0.33613 -4.26215e-19)
(-0.164105 0.354325 3.57614e-19)
(-0.153603 0.351198 2.77048e-19)
(-0.136439 0.291145 0)
(-0.112015 0.171878 -5.77813e-19)
(-0.148374 0.243153 3.05351e-20)
(-0.150601 0.336555 -2.39987e-20)
(-0.159518 0.360557 0)
(-0.160423 0.370348 0)
(-0.170204 0.284821 -1.3401e-19)
(-0.0922342 0.152311 0)
(-0.130083 0.226747 0)
(-0.135295 0.334222 -1.01816e-19)
(-0.152652 0.361821 2.1764e-20)
(-0.164302 0.40204 1.99092e-20)
(-0.195507 0.284281 1.01448e-19)
(-0.0731331 0.128236 -5.49426e-21)
(-0.109421 0.204047 -1.24587e-20)
(-0.118428 0.326181 1.01057e-19)
(-0.143237 0.351485 2.28835e-20)
(-0.160098 0.442515 -2.46852e-20)
(-0.192198 0.288719 8.74514e-21)
(-0.0423241 0.0651355 1.20539e-20)
(-0.0799631 0.14038 -1.34783e-19)
(-0.0930421 0.283015 1.77001e-20)
(-0.116169 0.292377 -1.19038e-20)
(-0.136363 0.463264 -4.60734e-23)
(-0.164387 0.23063 7.81958e-20)
(-0.511564 -0.0046871 3.69473e-20)
(-0.53687 -0.0421384 -2.02643e-19)
(-0.551992 -0.0611223 5.35345e-20)
(-0.555491 -0.0779403 -4.84992e-20)
(-0.542854 -0.0950571 -4.14663e-20)
(-0.513537 -0.110325 -3.53145e-20)
(-0.468965 -0.121527 -8.85694e-20)
(-0.412347 -0.126845 -7.16845e-20)
(-0.347498 -0.125695 -1.91005e-20)
(-0.277842 -0.118359 -1.49264e-20)
(-0.206426 -0.10617 0)
(-0.135611 -0.0906472 5.99282e-21)
(-0.0668706 -0.0731407 -3.4292e-21)
(-0.00124104 -0.054882 -2.93947e-20)
(0.0606834 -0.0369036 6.85189e-21)
(0.11861 -0.0200006 0)
(0.172428 -0.00477572 -4.56077e-21)
(0.222163 0.00833664 3.171e-21)
(0.267899 0.0190481 0)
(0.309704 0.0272121 -3.45412e-23)
(0.347553 0.0328796 0)
(0.381658 0.0364397 7.35813e-22)
(0.41373 0.0389082 2.07422e-21)
(0.448401 0.0418086 -2.08808e-21)
(-0.499633 0.00610801 0)
(-0.525872 -0.0294071 1.25643e-19)
(-0.540833 -0.0532206 1.71062e-19)
(-0.542915 -0.0781714 5.03229e-20)
(-0.527004 -0.106497 -1.74256e-19)
(-0.492365 -0.135204 -7.90671e-20)
(-0.440448 -0.160109 6.17609e-20)
(-0.375238 -0.177678 1.00529e-19)
(-0.301709 -0.186419 7.5914e-20)
(-0.22422 -0.186309 0)
(-0.146237 -0.178706 0)
(-0.0703865 -0.16564 -3.02941e-20)
(0.00191177 -0.14891 -2.09592e-20)
(0.0698472 -0.130133 7.92291e-21)
(0.13311 -0.110668 9.75262e-22)
(0.191708 -0.0915789 7.93316e-21)
(0.245816 -0.0736442 4.12162e-21)
(0.29569 -0.0574065 6.25331e-22)
(0.341607 -0.043207 8.24921e-22)
(0.383807 -0.0312063 -1.37252e-21)
(0.422432 -0.021349 3.21612e-21)
(0.457929 -0.0132592 -3.84361e-21)
(0.491843 -0.00602911 1.82235e-21)
(0.529252 0.000698537 -1.53913e-21)
(-0.481533 0.0225962 3.70696e-20)
(-0.505435 -0.0132475 6.41013e-20)
(-0.518099 -0.0417111 -5.29541e-20)
(-0.516516 -0.0748288 0)
(-0.49436 -0.1149 3.59375e-19)
(-0.450128 -0.157859 7.81578e-20)
(-0.385456 -0.197358 -5.69782e-20)
(-0.305613 -0.227596 1.01751e-19)
(-0.217423 -0.245779 -7.41534e-21)
(-0.126655 -0.251923 -1.39067e-20)
(-0.0376634 -0.24746 -4.86035e-20)
(0.0467033 -0.235054 6.00348e-20)
(0.125139 -0.21726 1.53772e-21)
(0.197241 -0.19633 0)
(0.263199 -0.174067 -1.60997e-20)
(0.323486 -0.151824 -8.6077e-21)
(0.378695 -0.130555 1.16581e-21)
(0.429432 -0.110889 -8.57662e-22)
(0.476244 -0.0932024 1.27844e-21)
(0.519621 -0.0776736 5.80015e-21)
(0.559879 -0.0642917 3.89522e-22)
(0.597826 -0.0528244 -1.81071e-21)
(0.634052 -0.042334 3.00554e-21)
(0.675746 -0.0320311 -3.61266e-21)
(-0.456577 0.0418952 0)
(-0.475778 0.00646386 -2.67308e-19)
(-0.483404 -0.0258864 -4.79173e-19)
(-0.474869 -0.0667617 0)
(-0.442132 -0.118742 -1.85589e-19)
(-0.382472 -0.176651 0)
(-0.297938 -0.231546 0)
(-0.196134 -0.274573 4.24711e-21)
(-0.0868991 -0.301017 0)
(0.0217388 -0.310849 0)
(0.124343 -0.306593 3.67132e-20)
(0.218336 -0.292143 -6.4434e-20)
(0.303091 -0.271023 5.19423e-20)
(0.378962 -0.246157 -2.2871e-20)
(0.446853 -0.219816 -6.94615e-22)
(0.507841 -0.193623 -2.03976e-21)
(0.563064 -0.168672 -4.98186e-21)
(0.613554 -0.145646 -3.14519e-21)
(0.660123 -0.124895 2.5609e-21)
(0.703485 -0.106554 -1.11656e-20)
(0.743834 -0.0906604 -4.69514e-22)
(0.782968 -0.0771276 6.83476e-21)
(0.818667 -0.0652684 9.34456e-21)
(0.865896 -0.0516826 -8.54294e-21)
(-0.425311 0.0638718 0)
(-0.43695 0.0296202 2.69902e-19)
(-0.436 -0.00538418 2.45863e-19)
(-0.416006 -0.0530137 1.10995e-19)
(-0.366582 -0.116495 -4.17502e-19)
(-0.283499 -0.189501 -4.45072e-19)
(-0.170103 -0.259891 1.61725e-19)
(-0.0385875 -0.314441 1.29887e-20)
(0.0960645 -0.346302 1.73761e-19)
(0.223901 -0.356461 0)
(0.339765 -0.349345 -8.86781e-20)
(0.441756 -0.330031 0)
(0.530282 -0.303274 -3.91791e-20)
(0.606778 -0.272898 3.02401e-20)
(0.673253 -0.241614 -3.49302e-21)
(0.731545 -0.211212 -6.94339e-21)
(0.783599 -0.182817 3.42357e-21)
(0.830793 -0.157064 -2.09482e-21)
(0.87414 -0.134219 0)
(0.914713 -0.114385 0)
(0.952704 -0.0979113 0)
(0.992629 -0.0838363 0)
(1.02298 -0.0735368 0)
(1.0776 -0.0587736 2.90883e-21)
(-0.388345 0.0879947 0)
(-0.389126 0.0557843 0)
(-0.375264 0.0196195 0)
(-0.337951 -0.0332214 0)
(-0.263607 -0.1069 4.17948e-19)
(-0.146342 -0.194164 3.60645e-19)
(0.00677174 -0.278614 -1.56423e-19)
(0.17477 -0.341762 -1.31732e-19)
(0.337489 -0.375594 1.70947e-19)
(0.483934 -0.382616 -1.51141e-19)
(0.609116 -0.369914 9.03127e-20)
(0.71302 -0.343965 5.3129e-20)
(0.797616 -0.310659 -1.04454e-20)
(0.866756 -0.274758 0)
(0.924221 -0.239468 -7.96866e-21)
(0.973527 -0.206575 -5.44177e-21)
(1.01715 -0.176774 -2.20405e-21)
(1.05529 -0.150375 3.12244e-21)
(1.08884 -0.127596 0)
(1.11914 -0.108333 0)
(1.14549 -0.0930824 -2.4107e-21)
(1.17061 -0.0796796 0)
(1.1857 -0.0715301 6.42454e-21)
(1.2245 -0.0579008 -9.56534e-21)
(-0.346389 0.11341 1.57803e-19)
(-0.332962 0.0839988 2.52592e-21)
(-0.301374 0.0481073 -6.78425e-19)
(-0.239649 -0.00826716 0)
(-0.130009 -0.0908095 0)
(0.0342899 -0.190146 -4.04564e-19)
(0.237182 -0.284071 -3.35603e-19)
(0.445362 -0.351504 0)
(0.633006 -0.384075 -2.16276e-19)
(0.786825 -0.385791 -3.10912e-19)
(0.905438 -0.36624 -1.05748e-19)
(0.992659 -0.333474 7.45305e-20)
(1.05536 -0.295483 -5.1935e-20)
(1.10213 -0.257267 0)
(1.13735 -0.221558 -6.22603e-21)
(1.16305 -0.189574 -1.05556e-20)
(1.18147 -0.161671 -1.19417e-20)
(1.19611 -0.137727 1.5441e-20)
(1.20841 -0.117648 0)
(1.21931 -0.100974 0)
(1.22896 -0.0877261 2.38797e-21)
(1.23743 -0.0767531 0)
(1.24178 -0.069357 0)
(1.26218 -0.0578594 8.50706e-22)
(-0.300504 0.139054 0)
(-0.269943 0.112799 1.49644e-19)
(-0.216222 0.0781127 -7.49454e-21)
(-0.123331 0.0192252 -1.29281e-19)
(0.0326783 -0.0707778 0)
(0.25619 -0.177393 1.02719e-18)
(0.510467 -0.274447 1.5478e-19)
(0.749326 -0.341631 2.47736e-19)
(0.939276 -0.368747 -2.40249e-19)
(1.07003 -0.363638 4.38673e-19)
(1.15223 -0.339839 7.58417e-20)
(1.19976 -0.306503 -2.47387e-19)
(1.22635 -0.270114 5.17954e-20)
(1.23952 -0.23497 0)
(1.24503 -0.202966 2.41262e-20)
(1.24768 -0.174688 0)
(1.24943 -0.150438 2.16567e-20)
(1.25105 -0.130123 -2.33708e-20)
(1.25267 -0.113352 -1.29542e-20)
(1.25427 -0.0995982 0)
(1.25555 -0.0884338 1.1304e-21)
(1.25546 -0.0793011 4.76737e-21)
(1.25375 -0.0718465 5.23321e-21)
(1.26456 -0.0590954 -9.34657e-21)
(-0.252223 0.163759 0)
(-0.202495 0.140429 6.0471e-19)
(-0.123662 0.107085 5.65416e-19)
(0.00616534 0.0452762 -2.72144e-19)
(0.21883 -0.0499234 -7.39766e-19)
(0.505467 -0.158377 -4.24226e-19)
(0.798725 -0.250799 0)
(1.04061 -0.311351 2.49003e-20)
(1.194 -0.33072 2.35699e-19)
(1.27196 -0.322126 -3.13609e-19)
(1.30564 -0.300519 0)
(1.31464 -0.271617 -4.7293e-21)
(1.31179 -0.240949 -6.37539e-20)
(1.30394 -0.211907 -4.71006e-20)
(1.2955 -0.185791 -3.46168e-20)
(1.28807 -0.162934 -2.51855e-20)
(1.28195 -0.14321 0)
(1.27693 -0.126406 9.92131e-21)
(1.27265 -0.112229 -8.2396e-21)
(1.26837 -0.100234 -4.88248e-21)
(1.26345 -0.0899105 -1.33167e-21)
(1.2585 -0.0812862 0)
(1.25324 -0.0737808 9.98356e-21)
(1.25145 -0.0571815 -9.84134e-21)
(-0.203425 0.18639 8.04541e-20)
(-0.133592 0.165148 -1.22066e-18)
(-0.0282781 0.13174 -5.78954e-19)
(0.144532 0.0655684 5.43275e-19)
(0.424005 -0.0305722 4.95694e-19)
(0.766107 -0.132327 2.03781e-19)
(1.07294 -0.21379 -5.39473e-19)
(1.27724 -0.262705 -2.80207e-19)
(1.36896 -0.276381 3.85522e-21)
(1.3963 -0.268801 1.57768e-19)
(1.39681 -0.252228 0)
(1.38233 -0.229777 8.57321e-20)
(1.36347 -0.206503 6.33399e-20)
(1.34516 -0.184657 9.55307e-20)
(1.32904 -0.164943 -2.91897e-20)
(1.31538 -0.14742 1.31512e-19)
(1.30379 -0.131976 -4.3989e-20)
(1.29373 -0.118439 9.0869e-21)
(1.28458 -0.106624 -1.89449e-20)
(1.27574 -0.0963344 2.62488e-21)
(1.26642 -0.0874886 1.28652e-20)
(1.25633 -0.079516 0)
(1.24459 -0.070397 0)
(1.23077 -0.0512381 -1.82108e-21)
(-0.156147 0.20596 6.56243e-19)
(-0.0664793 0.185269 4.59578e-19)
(0.0663441 0.149091 1.30719e-18)
(0.292472 0.079389 -2.70473e-19)
(0.647047 -0.0109447 2.36716e-19)
(1.0233 -0.0960166 4.1441e-19)
(1.30399 -0.162378 3.32979e-19)
(1.4402 -0.202501 -5.39654e-19)
(1.47532 -0.213514 6.1619e-19)
(1.47144 -0.209766 0)
(1.454 -0.200657 0)
(1.42467 -0.185061 0)
(1.39721 -0.168928 0)
(1.37307 -0.15362 -4.81703e-20)
(1.35232 -0.139557 1.00024e-19)
(1.33452 -0.126831 -6.10698e-20)
(1.31898 -0.115409 0)
(1.30498 -0.105176 1.32507e-20)
(1.29178 -0.0959417 -8.78099e-21)
(1.27863 -0.0874953 -2.00993e-20)
(1.26468 -0.0796527 1.70036e-20)
(1.24901 -0.0717895 -5.46301e-21)
(1.23108 -0.0611074 2.42268e-21)
(1.20866 -0.0408254 -2.60885e-21)
(-0.112327 0.221772 -5.80298e-19)
(-0.00378318 0.19947 1.567e-19)
(0.160155 0.157851 -1.02144e-18)
(0.458778 0.0901299 8.13572e-19)
(0.883841 0.0185742 -2.57367e-19)
(1.25618 -0.0486893 -8.18624e-19)
(1.46765 -0.101587 2.11111e-19)
(1.53588 -0.13781 -1.95e-19)
(1.53371 -0.151292 1.534e-20)
(1.51597 -0.153014 1.28362e-19)
(1.48041 -0.148943 -1.22001e-19)
(1.44473 -0.141454 0)
(1.41366 -0.132532 -5.9818e-20)
(1.38701 -0.123308 0)
(1.36404 -0.114306 -2.00969e-21)
(1.34394 -0.10576 -2.40382e-20)
(1.32589 -0.0977572 0)
(1.30909 -0.0902761 0)
(1.29279 -0.0832007 -6.77471e-21)
(1.27619 -0.0763508 -3.09603e-21)
(1.2584 -0.0694804 1.03743e-20)
(1.2385 -0.0617174 1.07903e-20)
(1.21572 -0.0498638 -1.28415e-20)
(1.18717 -0.0290367 8.91585e-21)
(-0.0735985 0.233498 -7.40416e-19)
(0.0529167 0.206357 0)
(0.260023 0.158927 -5.69033e-19)
(0.656286 0.106285 5.13693e-19)
(1.11933 0.0621177 -4.44477e-19)
(1.43475 0.00856451 1.77485e-19)
(1.56413 -0.0389349 1.13447e-19)
(1.58351 -0.0741398 -1.36543e-20)
(1.56623 -0.0897608 1.58124e-19)
(1.52855 -0.0982825 -1.47811e-19)
(1.48867 -0.10097 -9.07796e-20)
(1.45265 -0.0999056 8.50228e-20)
(1.42127 -0.0967584 5.22372e-21)
(1.39395 -0.0925877 0)
(1.36989 -0.0879443 -5.8682e-20)
(1.34828 -0.0831042 7.57786e-20)
(1.32833 -0.078192 2.61238e-20)
(1.30931 -0.0732241 -3.1604e-22)
(1.29051 -0.0681267 -1.23328e-20)
(1.27118 -0.0627604 7.59029e-21)
(1.25043 -0.0568791 -4.83675e-21)
(1.22721 -0.0494255 -1.9093e-20)
(1.20086 -0.0371041 2.33668e-20)
(1.16842 -0.0165014 -2.86272e-21)
(-0.0411054 0.241088 8.33162e-19)
(0.104813 0.204674 4.56838e-19)
(0.381968 0.15865 2.01581e-20)
(0.882481 0.14278 -5.16223e-19)
(1.32359 0.115108 6.49487e-19)
(1.54604 0.0682439 -3.47785e-19)
(1.60995 0.0210918 4.05115e-19)
(1.60352 -0.0120482 0)
(1.56819 -0.0344108 -1.47737e-19)
(1.5275 -0.047918 0)
(1.48873 -0.0556872 -8.37977e-20)
(1.45369 -0.0597385 -6.256e-20)
(1.42268 -0.0613889 5.3093e-20)
(1.39522 -0.0615161 3.34338e-20)
(1.37058 -0.060652 -5.20231e-20)
(1.34801 -0.0590914 3.06865e-20)
(1.32678 -0.0569764 -3.85469e-20)
(1.3062 -0.0543398 -3.59501e-21)
(1.28562 -0.0511307 -4.09602e-21)
(1.26434 -0.0472329 3.67634e-21)
(1.24138 -0.0424166 2.88032e-21)
(1.2157 -0.0355735 0)
(1.18682 -0.0234584 9.84428e-21)
(1.15171 -0.00378618 1.58288e-20)
(-0.015335 0.244267 4.9135e-19)
(0.159823 0.195313 -1.06822e-18)
(0.547911 0.173522 6.93428e-19)
(1.11005 0.19829 -3.50906e-19)
(1.46683 0.173624 2.08133e-19)
(1.6023 0.124956 1.44414e-19)
(1.62361 0.0781951 -3.86376e-19)
(1.59829 0.0422648 0)
(1.5596 0.0169761 1.45943e-19)
(1.51954 -0.000748961 1.88174e-19)
(1.48202 -0.0131705 6.68053e-20)
(1.44818 -0.021808 1.12447e-19)
(1.41799 -0.0277352 -4.7644e-20)
(1.39092 -0.0317087 -3.28885e-20)
(1.36626 -0.0342303 4.01406e-20)
(1.34331 -0.0356082 -2.21337e-20)
(1.32139 -0.0360095 9.32255e-21)
(1.2999 -0.0354955 -2.82482e-21)
(1.27822 -0.0340471 -6.39661e-21)
(1.25563 -0.0315846 -1.00899e-21)
(1.2311 -0.0279063 -4.45934e-21)
(1.20366 -0.0219231 -9.83135e-21)
(1.17298 -0.0104512 -4.16112e-20)
(1.13603 0.00778945 3.4166e-20)
(0.00371821 0.241489 -6.67981e-19)
(0.234198 0.183492 1.84407e-20)
(0.763572 0.225507 1.27151e-19)
(1.29877 0.261141 -3.25858e-19)
(1.54913 0.230732 5.27164e-19)
(1.62077 0.178352 0)
(1.61526 0.130472 0)
(1.5827 0.0926979 0)
(1.54341 0.0640661 0)
(1.50484 0.0424447 -9.3918e-20)
(1.46939 0.026069 -6.96853e-20)
(1.43743 0.0136434 4.018e-20)
(1.40863 0.0041899 -2.73876e-20)
(1.38242 -0.00301046 3.58957e-20)
(1.35818 -0.0084502 3.52371e-21)
(1.3353 -0.0124399 -2.92889e-20)
(1.31319 -0.0151545 -1.5592e-21)
(1.29128 -0.0166661 -4.54634e-21)
(1.26898 -0.0169729 1.30532e-20)
(1.24556 -0.01603 -6.77741e-21)
(1.22 -0.013677 -2.11263e-20)
(1.19143 -0.0088503 2.98187e-20)
(1.15958 0.00161807 -1.24671e-20)
(1.12156 0.0181624 0)
(0.0186411 0.229561 -1.6534e-19)
(0.341505 0.186284 6.7391e-19)
(0.999036 0.304669 -4.83088e-19)
(1.42773 0.326387 -3.85623e-19)
(1.58553 0.283666 -3.34216e-19)
(1.61446 0.227945 1.09838e-19)
(1.59441 0.178393 9.7421e-20)
(1.55906 0.138294 -5.81556e-20)
(1.52121 0.106618 -3.11392e-20)
(1.48532 0.0817212 6.05143e-20)
(1.4525 0.0621188 -4.20804e-20)
(1.42271 0.0466027 -1.163e-20)
(1.39553 0.0342396 2.69482e-20)
(1.37046 0.0243389 1.1409e-21)
(1.34697 0.0164165 -9.07007e-21)
(1.32454 0.0101559 0)
(1.30263 0.00537094 -1.05438e-20)
(1.28073 0.00197706 2.31553e-20)
(1.25824 -3.78309e-05 1.76363e-20)
(1.23444 -0.00066053 -2.08079e-20)
(1.20833 0.000216203 0)
(1.17915 0.003643 0)
(1.14667 0.0128356 -3.36612e-20)
(1.10818 0.0274827 1.51285e-20)
(0.0383493 0.209051 -3.2712e-19)
(0.505807 0.240165 7.23447e-20)
(1.19176 0.390322 4.84344e-19)
(1.5002 0.387164 3.82977e-19)
(1.58928 0.332493 -1.25702e-21)
(1.59213 0.273463 -2.35138e-19)
(1.56514 0.221828 -8.01056e-20)
(1.53013 0.179269 -4.50832e-20)
(1.49506 0.144929 5.12015e-20)
(1.46231 0.117326 -8.43456e-21)
(1.43229 0.0950496 4.14247e-20)
(1.40479 0.0769486 -2.74841e-20)
(1.37939 0.0621314 3.13508e-21)
(1.35567 0.0499311 9.2722e-21)
(1.33318 0.0398689 2.20297e-21)
(1.31147 0.0316199 0)
(1.29009 0.0249829 -2.35116e-20)
(1.26852 0.0198574 3.21562e-20)
(1.24619 0.0162121 -3.49291e-20)
(1.22238 0.0140271 2.98685e-20)
(1.19616 0.0133488 3.63088e-20)
(1.16681 0.015226 5.51162e-21)
(1.13416 0.0229792 -3.86717e-20)
(1.09571 0.0356619 1.04872e-20)
(0.0777877 0.186162 2.56756e-19)
(0.725378 0.351717 1.32726e-19)
(1.32073 0.473728 4.56248e-20)
(1.52835 0.443101 8.55396e-20)
(1.57169 0.377991 1.70218e-19)
(1.55957 0.31501 -4.42749e-20)
(1.53022 0.260717 -4.71379e-20)
(1.49747 0.215816 4.43882e-20)
(1.46585 0.179203 -2.06678e-20)
(1.43647 0.149351 -3.33258e-20)
(1.40936 0.124872 -6.09892e-21)
(1.38423 0.104643 0)
(1.36073 0.087794 -8.20233e-22)
(1.33853 0.0736667 7.99122e-21)
(1.31723 0.0617788 8.87115e-21)
(1.29648 0.0517925 -2.02986e-20)
(1.27585 0.04349 0)
(1.25486 0.0367552 0)
(1.23298 0.0315388 2.6874e-21)
(1.2095 0.0277881 -1.15836e-20)
(1.18354 0.0255023 5.65551e-20)
(1.15443 0.0257312 -6.92591e-21)
(1.12199 0.0319528 1.08392e-21)
(1.08406 0.0427348 -5.44732e-20)
(0.152294 0.168764 0)
(0.953595 0.485635 2.40348e-19)
(1.40095 0.549057 -1.97142e-19)
(1.52507 0.492714 0)
(1.53885 0.418946 -3.61091e-20)
(1.51952 0.351978 -8.21528e-20)
(1.49119 0.295038 7.73708e-20)
(1.46198 0.248045 0)
(1.43424 0.209507 -1.50532e-21)
(1.40835 0.177797 2.31567e-20)
(1.38421 0.151518 4.69216e-21)
(1.36154 0.12956 0)
(1.34006 0.111058 -2.2339e-21)
(1.31949 0.0953529 0)
(1.29955 0.0819481 -7.03711e-21)
(1.2799 0.0704849 -3.69109e-21)
(1.26018 0.0607218 -1.30726e-20)
(1.23998 0.0525219 3.8856e-20)
(1.21877 0.0458175 -3.51808e-20)
(1.1959 0.0405244 1.15325e-20)
(1.17055 0.0366081 -1.17766e-20)
(1.14205 0.0351306 1.2303e-20)
(1.11018 0.0397742 0)
(1.07318 0.0488502 -1.93694e-21)
(0.268696 0.221403 3.60458e-20)
(1.13659 0.620553 -2.71889e-19)
(1.4305 0.616464 -9.98501e-20)
(1.4958 0.536788 2.86734e-20)
(1.49484 0.45527 4.81774e-20)
(1.47428 0.384092 3.1653e-20)
(1.44923 0.324644 -8.52253e-21)
(1.42433 0.275836 -2.97625e-21)
(1.4007 0.235726 9.80352e-21)
(1.37841 0.202542 2.58484e-21)
(1.35731 0.174854 5.57911e-21)
(1.33718 0.151544 9.40701e-21)
(1.31781 0.131747 -1.52764e-20)
(1.299 0.114794 0)
(1.2805 0.100173 0)
(1.26206 0.0875016 1.21697e-20)
(1.24338 0.0765074 4.33822e-20)
(1.22408 0.067025 -4.24266e-20)
(1.20372 0.0589616 0)
(1.18169 0.0522029 0)
(1.15725 0.0466791 0)
(1.12969 0.0434733 -3.29445e-20)
(1.09874 0.0465019 6.38448e-20)
(1.06308 0.0542385 -1.74679e-20)
(0.467183 0.443861 1.56655e-20)
(1.22502 0.740587 -3.37905e-20)
(1.41603 0.675944 7.24797e-20)
(1.44916 0.575603 -1.01397e-20)
(1.44273 0.48602 3.65e-20)
(1.425 0.41072 -6.30838e-21)
(1.4049 0.349206 -7.30325e-21)
(1.38493 0.298997 2.92598e-21)
(1.36564 0.257721 2.66557e-21)
(1.34707 0.223466 -8.10299e-21)
(1.3291 0.194753 4.85751e-21)
(1.3116 0.170454 3.33111e-21)
(1.29443 0.149699 -8.95215e-21)
(1.27745 0.131813 -8.91608e-22)
(1.26048 0.116271 8.13772e-21)
(1.24332 0.102668 2.29556e-20)
(1.22573 0.0907027 -1.7228e-20)
(1.20742 0.0801723 2.32283e-20)
(1.188 0.0709492 -1.7569e-20)
(1.16696 0.0628861 -4.78652e-21)
(1.14364 0.0558647 2.29654e-20)
(1.1173 0.0509384 -1.28165e-20)
(1.08759 0.0522257 0)
(1.05386 0.0592869 0)
(0.713904 0.739575 0)
(1.24504 0.839274 -7.16035e-22)
(1.36633 0.722198 2.4984e-20)
(1.38853 0.605835 -1.40232e-21)
(1.38459 0.509189 -6.48436e-21)
(1.37295 0.431045 -3.42275e-22)
(1.35897 0.368248 -1.08004e-22)
(1.34435 0.317242 0)
(1.32958 0.275311 -2.62416e-21)
(1.31481 0.24043 -1.69004e-22)
(1.30003 0.211088 -9.03651e-21)
(1.28523 0.186152 9.08052e-21)
(1.27033 0.164756 0)
(1.25526 0.146231 0)
(1.2399 0.130049 0)
(1.22409 0.115794 -1.01622e-20)
(1.20766 0.103144 5.11013e-21)
(1.19036 0.0918621 -4.84465e-21)
(1.1719 0.0817827 -1.71215e-22)
(1.1519 0.0727288 -5.73752e-21)
(1.12976 0.064511 5.0779e-21)
(1.10475 0.0579237 -4.84145e-21)
(1.07648 0.0568807 1.71844e-22)
(1.04547 0.0645985 -1.73356e-22)
(0.878999 1.04221 0)
(1.19177 0.910179 6.99805e-22)
(1.28774 0.748993 -1.64863e-22)
(1.31771 0.623703 -5.38994e-21)
(1.32307 0.523264 -6.59887e-21)
(1.31952 0.444235 -5.69404e-21)
(1.3123 0.381314 -1.16616e-20)
(1.30324 0.330324 -4.64565e-21)
(1.29308 0.288356 -1.0667e-20)
(1.28213 0.253339 -8.32921e-22)
(1.27057 0.223769 -1.01162e-20)
(1.25849 0.198531 -7.25595e-21)
(1.24592 0.176782 0)
(1.23284 0.157873 -6.78375e-21)
(1.21918 0.141291 0)
(1.20483 0.126629 0)
(1.18965 0.113565 -2.83161e-22)
(1.17347 0.101853 1.5366e-22)
(1.15606 0.0913115 -1.16626e-20)
(1.13712 0.0817703 -1.73858e-20)
(1.11624 0.0729626 1.69693e-20)
(1.0928 0.065016 -1.11433e-20)
(1.06624 0.0602575 -1.81852e-20)
(1.03625 0.0712428 1.82003e-20)
(-0.0415958 -0.0476636 -2.09341e-20)
(-0.0455001 -0.0343377 1.51314e-20)
(-0.0468897 0.0732673 0)
(-0.0779433 0.292691 0)
(0.00350698 0.450957 6.7916e-20)
(-0.00128212 1.0945 2.51017e-19)
(-0.0432921 -0.045543 -1.17911e-18)
(-0.0311669 0.00884238 -9.44294e-19)
(-0.0116259 0.143836 -7.0226e-19)
(-0.00980278 0.346757 6.88307e-20)
(0.059225 0.55409 -5.77445e-20)
(0.190731 0.920647 -1.65111e-19)
(-0.0426055 -0.0371443 1.02309e-18)
(-0.0142444 0.0416663 1.6975e-18)
(0.0244457 0.18687 7.35642e-19)
(0.0546587 0.378374 -6.61506e-20)
(0.150671 0.591998 4.09491e-19)
(0.297954 0.847213 6.28467e-20)
(-0.0413498 -0.0288196 9.90947e-19)
(0.00380145 0.0686073 -1.65338e-18)
(0.0600591 0.218174 -7.63697e-20)
(0.114376 0.399294 -5.76242e-20)
(0.223066 0.595677 -6.8507e-19)
(0.372422 0.785866 0)
(-0.0395429 -0.0187737 -9.61547e-19)
(0.0219009 0.0909633 6.77734e-19)
(0.0932969 0.24081 1.48605e-19)
(0.166259 0.410738 -6.09746e-20)
(0.280506 0.582291 -3.81269e-19)
(0.423609 0.722976 0)
(-0.0357515 -0.00706587 0)
(0.0391499 0.107914 0)
(0.123232 0.255447 1.4437e-19)
(0.209644 0.413589 -1.06398e-18)
(0.325219 0.559543 7.54556e-19)
(0.458376 0.662588 0)
(-0.0304505 0.00222616 7.64896e-20)
(0.0552369 0.118796 -4.65321e-20)
(0.149721 0.262995 0)
(0.245684 0.409172 9.38093e-19)
(0.359483 0.531506 0)
(0.481541 0.607327 0)
(-0.0254079 0.00701966 -3.81664e-20)
(0.0699724 0.124502 -4.55153e-20)
(0.17282 0.264701 7.22043e-20)
(0.275481 0.39896 0)
(0.385488 0.501026 -7.37791e-19)
(0.496915 0.556687 0)
(-0.0191868 0.00874949 0)
(0.0831854 0.126051 0)
(0.192633 0.261723 0)
(0.299779 0.384573 8.1412e-19)
(0.405052 0.469653 8.25626e-19)
(0.506817 0.509997 0)
(-0.0126525 0.00789523 0)
(0.0946349 0.124306 9.04169e-20)
(0.209247 0.254989 6.9205e-20)
(0.319113 0.36742 -1.18645e-19)
(0.419541 0.43818 0)
(0.512782 0.466569 7.08287e-19)
(-0.00646276 0.00499003 2.4639e-18)
(0.104029 0.119978 1.36064e-18)
(0.222708 0.245243 1.0777e-18)
(0.334047 0.348378 -5.83253e-19)
(0.429955 0.407034 -1.85755e-19)
(0.515916 0.425839 3.22033e-21)
(-0.00111042 0.000584336 -2.27458e-18)
(0.111092 0.113587 -1.54423e-18)
(0.232998 0.233055 -1.15375e-18)
(0.345144 0.327897 0)
(0.437083 0.376371 0)
(0.516956 0.387328 -4.2952e-19)
(0.00300249 -0.00483421 -3.78572e-20)
(0.115616 0.105488 9.055e-20)
(0.240066 0.218805 -7.29934e-20)
(0.352868 0.306211 0)
(0.441521 0.34622 -1.75973e-19)
(0.516367 0.350563 9.2166e-21)
(0.00552606 -0.0109601 -3.78462e-20)
(0.117398 0.0959119 -9.11536e-20)
(0.243853 0.202702 7.36139e-20)
(0.357523 0.28344 0)
(0.443735 0.316535 0)
(0.514524 0.315143 5.72488e-19)
(0.00633719 -0.0173957 2.45969e-18)
(0.116198 0.0849863 1.38548e-18)
(0.244281 0.184806 7.44083e-20)
(0.359289 0.25957 -9.54782e-19)
(0.444076 0.287217 0)
(0.511715 0.280709 -1.14954e-18)
(0.00545696 -0.0236161 3.55655e-20)
(0.111795 0.0728038 -1.54466e-18)
(0.241241 0.165103 0)
(0.358184 0.234522 9.67397e-19)
(0.442772 0.258081 -9.28289e-19)
(0.508174 0.246932 7.28454e-19)
(0.00288542 -0.0291128 -4.86035e-18)
(0.103949 0.0594398 9.48748e-20)
(0.234547 0.143494 -1.29969e-18)
(0.354083 0.208132 0)
(0.439952 0.228893 7.57839e-19)
(0.504099 0.213504 4.47981e-19)
(-0.0026293 -0.0371661 4.52055e-18)
(0.09227 0.0449469 0)
(0.223956 0.119828 1.24614e-18)
(0.346646 0.180053 1.00941e-18)
(0.435596 0.199327 0)
(0.499696 0.180104 -1.05583e-18)
(-0.00987841 -0.0405191 -1.98038e-18)
(0.0765859 0.0290514 -8.91753e-19)
(0.209162 0.0939492 -5.5789e-19)
(0.335268 0.149852 -5.14856e-19)
(0.429459 0.16886 4.03483e-19)
(0.495171 0.14639 6.14495e-19)
(-0.0174461 -0.0430357 -9.42301e-19)
(0.0590282 0.0118015 8.15593e-19)
(0.189864 0.0658886 7.36203e-19)
(0.318983 0.117009 -5.97761e-19)
(0.420864 0.13675 -4.17457e-19)
(0.490761 0.111957 0)
(-0.0240147 -0.0459595 9.62413e-19)
(0.0395727 -0.00634752 -5.26293e-20)
(0.165388 0.0358988 4.2242e-20)
(0.296259 0.0811478 0)
(0.408286 0.101984 0)
(0.486777 0.0763038 1.6709e-19)
(-0.0287026 -0.0473974 0)
(0.0182829 -0.023965 0)
(0.134281 0.00464839 1.74742e-19)
(0.264416 0.0422378 -3.50955e-20)
(0.388436 0.0630954 -2.69381e-20)
(0.483708 0.0386889 -1.31233e-19)
(-0.0326522 -0.0475888 9.405e-21)
(-0.00482546 -0.0403819 2.15665e-20)
(0.0931878 -0.0263363 -1.70366e-19)
(0.217605 -0.000747336 -3.64164e-20)
(0.353731 0.0157399 3.75437e-20)
(0.482325 -0.00595513 -1.21595e-20)
(-0.0289954 -0.0442356 -2.05101e-20)
(-0.0247369 -0.0526659 2.15021e-19)
(0.0346593 -0.0581262 -5.82504e-21)
(0.142579 -0.0541315 -9.39063e-21)
(0.290088 -0.0459122 -1.09872e-19)
(0.474348 -0.0467166 -1.15648e-20)
(0.812066 1.23741 -1.59406e-20)
(1.09639 0.935386 3.63793e-20)
(1.20266 0.751451 -3.90574e-21)
(1.24517 0.626329 5.38057e-21)
(1.26132 0.527529 6.46698e-21)
(1.26631 0.449965 7.01379e-21)
(1.26592 0.388285 2.85054e-20)
(1.26239 0.338231 2.74332e-20)
(1.25675 0.296883 7.30178e-21)
(1.24955 0.26222 7.23329e-21)
(1.24116 0.232798 -9.03302e-21)
(1.23179 0.207557 2.21915e-20)
(1.22156 0.185694 0)
(1.21052 0.166592 2.2314e-20)
(1.19866 0.149766 0)
(1.1859 0.134831 0)
(1.17217 0.121484 3.33701e-20)
(1.15732 0.109496 -2.59794e-20)
(1.1412 0.0987071 6.12227e-21)
(1.12362 0.0889489 6.02958e-21)
(1.10437 0.0798323 5.93705e-21)
(1.08318 0.0711315 1.2556e-20)
(1.05892 0.0655366 -2.02385e-20)
(1.02745 0.0816989 1.92656e-20)
(0.76547 1.04601 0)
(1.01837 0.88148 -3.0014e-20)
(1.12576 0.731048 -7.57678e-20)
(1.17681 0.61443 -1.68269e-20)
(1.20206 0.521789 6.77811e-20)
(1.21493 0.448324 3.37569e-20)
(1.22094 0.389393 -2.68972e-20)
(1.22259 0.341195 -4.21939e-20)
(1.22118 0.301084 -4.62845e-20)
(1.21755 0.267219 0)
(1.21219 0.238282 0)
(1.20545 0.213292 3.86117e-20)
(1.19753 0.191505 3.67179e-20)
(1.18853 0.172339 -1.54855e-20)
(1.17849 0.155334 -1.63158e-21)
(1.16741 0.140119 -3.20053e-20)
(1.15522 0.126397 -2.95733e-20)
(1.14182 0.113937 -5.78568e-20)
(1.1271 0.102556 1.12151e-19)
(1.1109 0.0919816 -5.45772e-20)
(1.09309 0.0816512 5.33234e-20)
(1.07323 0.0717091 -6.49024e-20)
(1.0492 0.0670147 2.84232e-20)
(1.01712 0.0796965 -2.89488e-20)
(0.712608 0.956858 -4.05749e-20)
(0.94986 0.831915 -3.32943e-20)
(1.05683 0.698893 -2.08404e-21)
(1.11395 0.593078 0)
(1.14691 0.508603 -1.50903e-19)
(1.1666 0.440698 -2.62542e-20)
(1.17821 0.385448 2.34168e-20)
(1.18445 0.339733 -5.86556e-20)
(1.18689 0.301316 -3.98683e-21)
(1.18652 0.268605 1.2997e-22)
(1.184 0.240432 4.34247e-20)
(1.17975 0.215916 -8.16896e-20)
(1.17404 0.194374 4.45525e-21)
(1.16702 0.175264 0)
(1.15877 0.15815 7.05123e-20)
(1.14933 0.142675 6.77063e-20)
(1.13865 0.128545 -3.4083e-20)
(1.12668 0.115527 -3.02499e-20)
(1.11331 0.103419 6.11482e-20)
(1.09842 0.0918842 9.00909e-20)
(1.08191 0.0803252 7.82625e-23)
(1.06321 0.0692984 -2.71262e-20)
(1.03992 0.0647975 6.05237e-20)
(1.01029 0.0747475 -1.28189e-19)
(0.682468 0.861298 0)
(0.889881 0.76756 1.91665e-19)
(0.996116 0.657379 2.67919e-19)
(1.05815 0.565336 0)
(1.09697 0.490062 8.29223e-20)
(1.12203 0.428321 0)
(1.13824 0.377227 0)
(1.1484 0.334384 -8.62038e-21)
(1.15422 0.29799 0)
(1.1568 0.266709 0)
(1.15688 0.239536 -4.84911e-20)
(1.15493 0.215689 8.88204e-20)
(1.15129 0.194553 -1.26374e-19)
(1.14615 0.175631 4.27566e-20)
(1.13961 0.158517 -3.67823e-20)
(1.13174 0.142873 -3.53134e-20)
(1.12252 0.128417 1.0531e-19)
(1.11192 0.11493 -1.01539e-19)
(1.09985 0.102213 6.6476e-20)
(1.08625 0.0899245 -1.59207e-19)
(1.07104 0.0775033 -9.505e-23)
(1.05362 0.0657713 9.29152e-20)
(1.03134 0.0611214 1.58472e-19)
(1.00407 0.0687686 -7.56402e-20)
(0.664084 0.774031 0)
(0.843058 0.70271 -1.87932e-19)
(0.94547 0.612842 -1.43911e-19)
(1.00978 0.534054 -5.99744e-20)
(1.05243 0.467759 2.2422e-19)
(1.08145 0.412217 2.34885e-19)
(1.10131 0.365455 -8.84287e-20)
(1.11474 0.325703 -5.4113e-21)
(1.12347 0.291551 -1.33095e-19)
(1.12865 0.261908 0)
(1.13105 0.235921 1.12149e-19)
(1.13121 0.212913 0)
(1.12948 0.192338 9.76782e-20)
(1.12608 0.173747 -1.30652e-19)
(1.12115 0.156767 -2.99553e-21)
(1.11477 0.141086 8.33305e-20)
(1.10696 0.126445 7.39498e-20)
(1.0977 0.112646 -2.25661e-19)
(1.08694 0.0995089 0)
(1.07466 0.0867084 0)
(1.06086 0.0737315 0)
(1.04489 0.0615555 0)
(1.02388 0.0566229 0)
(0.998872 0.0623431 6.75709e-20)
(0.651154 0.696839 0)
(0.806163 0.641031 0)
(0.903303 0.567772 0)
(0.968086 0.500802 0)
(1.01304 0.442841 -2.17305e-19)
(1.04486 0.39326 -1.86464e-19)
(1.06754 0.350813 7.91771e-20)
(1.08363 0.314236 7.82891e-20)
(1.09481 0.282453 -1.48764e-19)
(1.10223 0.254587 1.28041e-19)
(1.1067 0.22993 -1.11526e-19)
(1.10875 0.207904 -1.07465e-19)
(1.10875 0.18803 4.63761e-21)
(1.10697 0.169909 0)
(1.10354 0.153205 5.23428e-22)
(1.09858 0.137634 7.73569e-22)
(1.09212 0.122967 8.01251e-20)
(1.08417 0.10903 -5.24448e-21)
(1.07472 0.0956725 0)
(1.0638 0.0825921 0)
(1.0515 0.0693276 -7.44897e-20)
(1.03709 0.0569459 0)
(1.01749 0.0517239 1.44553e-19)
(0.994699 0.0557762 -3.98446e-19)
(0.641246 0.628742 -1.47458e-19)
(0.776844 0.583729 1.6513e-20)
(0.868268 0.523597 4.73404e-19)
(0.932314 0.466715 0)
(0.978437 0.416225 0)
(1.01214 0.372199 2.20072e-19)
(1.03693 0.333915 1.92572e-19)
(1.05513 0.300495 0)
(1.06834 0.271129 1.50552e-19)
(1.07769 0.245125 2.7825e-19)
(1.08395 0.221901 1.29133e-19)
(1.08768 0.20097 -1.19782e-19)
(1.08925 0.181918 1.11993e-19)
(1.08894 0.164395 0)
(1.08691 0.148101 6.08561e-21)
(1.08328 0.132786 8.96751e-20)
(1.07812 0.118249 1.77007e-19)
(1.07146 0.104349 -1.76654e-19)
(1.06332 0.0909616 0)
(1.0538 0.0778176 0)
(1.04302 0.0645087 7.48982e-20)
(1.03024 0.052143 0)
(1.01215 0.0466679 0)
(0.991551 0.0492652 2.11392e-19)
(0.632954 0.568476 0)
(0.75318 0.530904 -1.15053e-19)
(0.83904 0.480968 3.08972e-20)
(0.90166 0.432506 8.20773e-20)
(0.948164 0.388581 0)
(0.983058 0.349634 -5.60272e-19)
(1.00938 0.315285 -8.93705e-20)
(1.02923 0.284934 -1.72724e-19)
(1.04411 0.257977 1.71413e-19)
(1.05508 0.233873 -4.31017e-19)
(1.06289 0.212151 -1.25577e-19)
(1.0681 0.192402 3.71005e-19)
(1.07108 0.174274 -1.1194e-19)
(1.07211 0.15746 0)
(1.07137 0.141699 -1.00255e-19)
(1.069 0.126775 0)
(1.06508 0.112517 -1.88372e-19)
(1.05967 0.0988173 1.83196e-19)
(1.05284 0.0855825 1.764e-19)
(1.04471 0.072577 0)
(1.03547 0.0594476 2.45145e-19)
(1.02431 0.0472996 7.56382e-21)
(1.00781 0.0416205 5.32605e-21)
(0.989359 0.0429518 -3.04582e-19)
(0.625539 0.514475 0)
(0.733719 0.48209 -5.06792e-19)
(0.814506 0.440066 -3.87606e-19)
(0.875388 0.398586 1.75888e-19)
(0.921768 0.360383 4.24423e-19)
(0.95735 0.326032 2.30479e-19)
(0.984759 0.295357 0)
(1.00589 0.267945 -7.99544e-21)
(1.02211 0.243351 -1.61528e-19)
(1.03442 0.221153 3.04161e-19)
(1.04356 0.200972 0)
(1.05006 0.18247 6.63697e-21)
(1.0543 0.165347 1.24794e-19)
(1.05655 0.14934 1.17706e-19)
(1.057 0.134223 1.11775e-19)
(1.0558 0.119813 1.06763e-19)
(1.05306 0.105974 0)
(1.04887 0.092629 -9.40251e-20)
(1.04331 0.079717 9.52924e-20)
(1.03656 0.0670374 9.20438e-20)
(1.02882 0.0542896 8.47299e-20)
(1.01925 0.0425347 0)
(1.00438 0.0367038 3.37607e-19)
(0.988025 0.0369463 -3.17304e-19)
(0.618661 0.465377 -8.77278e-20)
(0.717442 0.436685 1.01676e-18)
(0.793791 0.400841 4.14058e-19)
(0.852868 0.365168 -3.30042e-19)
(0.898827 0.331951 -2.79168e-19)
(0.934745 0.301748 -1.20322e-19)
(0.9629 0.27448 3.33013e-19)
(0.98499 0.249861 1.89019e-19)
(1.00228 0.22756 7.79945e-21)
(1.01571 0.207251 -1.55672e-19)
(1.02599 0.18863 0)
(1.03361 0.17142 -1.33325e-19)
(1.03896 0.155369 -1.24975e-19)
(1.0423 0.140252 -2.41392e-19)
(1.04384 0.125877 1.16253e-19)
(1.04374 0.112095 -5.46856e-19)
(1.04212 0.0988037 2.11923e-19)
(1.0391 0.0859581 -9.8809e-20)
(1.03477 0.0735269 1.96332e-19)
(1.02934 0.0613429 9.48228e-20)
(1.02304 0.0491525 -2.73822e-19)
(1.01499 0.0379362 0)
(1.00177 0.0320076 0)
(0.987435 0.0313335 -2.6695e-19)
(0.612112 0.420049 -6.67928e-19)
(0.703628 0.394081 -3.86978e-19)
(0.776229 0.36313 -9.41457e-19)
(0.833584 0.332343 1.83487e-19)
(0.878971 0.303498 -1.46176e-19)
(0.914988 0.277045 -2.59279e-19)
(0.943631 0.252935 -2.11933e-19)
(0.966436 0.23096 4.02718e-19)
(0.98457 0.210872 -5.47846e-19)
(0.998919 0.192419 0)
(1.01014 0.175363 0)
(1.01873 0.159477 0)
(1.02506 0.14455 0)
(1.02938 0.130393 1.23786e-19)
(1.03192 0.116849 -3.61702e-19)
(1.03283 0.103799 2.3145e-19)
(1.03227 0.0911742 0)
(1.03035 0.0789613 -1.0443e-19)
(1.02719 0.0671534 1.00782e-19)
(1.02302 0.0556126 4.96839e-19)
(1.01807 0.0441253 -4.78425e-19)
(1.01144 0.0335621 -2.83873e-19)
(0.999868 0.0275958 2.6878e-19)
(0.987468 0.0261752 1.98269e-19)
(0.605782 0.377611 5.7514e-19)
(0.691799 0.3537 -1.25366e-19)
(0.761324 0.326728 7.33648e-19)
(0.817129 0.300127 -5.32369e-19)
(0.861887 0.27516 1.50483e-19)
(0.897846 0.252119 5.21101e-19)
(0.926785 0.230944 -1.19823e-19)
(0.950104 0.211471 2.01975e-19)
(0.968893 0.193513 -6.75216e-21)
(0.983982 0.176878 -1.69444e-19)
(0.996002 0.161381 1.60709e-19)
(1.00542 0.146839 0)
(1.0126 0.133078 1.41051e-19)
(1.0178 0.119945 0)
(1.02124 0.107309 -4.23481e-21)
(1.02309 0.0950851 1.21986e-19)
(1.0235 0.0832363 0)
(1.02261 0.0717755 0)
(1.02055 0.0607145 1.0904e-19)
(1.01755 0.0499395 2.05872e-19)
(1.01382 0.0392691 -4.00645e-19)
(1.00852 0.0294458 2.98119e-19)
(0.998564 0.0235114 -3.77994e-19)
(0.988002 0.0215129 3.86822e-19)
(0.599675 0.337344 7.60952e-19)
(0.681644 0.315043 0)
(0.748722 0.291422 4.3245e-19)
(0.803189 0.268492 -3.62311e-19)
(0.847319 0.24702 3.10445e-19)
(0.883118 0.227117 -1.30921e-19)
(0.912204 0.208686 -1.10885e-19)
(0.935878 0.191586 7.57545e-21)
(0.955161 0.175676 -1.9012e-19)
(0.97084 0.160817 1.79625e-19)
(0.983515 0.146867 1.61814e-19)
(0.993641 0.133683 -1.5438e-19)
(1.00156 0.121124 4.13324e-21)
(1.00754 0.109066 0)
(1.01178 0.0974088 2.5488e-19)
(1.01448 0.0860964 -3.7333e-19)
(1.01579 0.0751207 -2.3884e-19)
(1.01584 0.0645155 -1.15504e-19)
(1.01479 0.0543038 2.22909e-19)
(1.01286 0.0443905 -5.38001e-19)
(1.01024 0.0346208 3.10289e-19)
(1.00613 0.0256016 -4.06809e-19)
(0.997753 0.0197802 4.83147e-19)
(0.988923 0.0173695 2.25981e-19)
(0.593816 0.298627 -8.32132e-19)
(0.672975 0.277676 -3.95023e-19)
(0.738183 0.257005 5.56549e-21)
(0.791533 0.237389 3.60903e-19)
(0.835063 0.21913 -4.61506e-19)
(0.870633 0.20215 2.73776e-19)
(0.89975 0.186303 -3.68419e-19)
(0.923643 0.171463 0)
(0.943282 0.157527 1.99646e-19)
(0.959418 0.144401 0)
(0.972626 0.131983 1.69867e-19)
(0.98334 0.120164 1.58848e-19)
(0.991894 0.108835 -1.46147e-19)
(0.998548 0.0978979 -1.42269e-19)
(1.00351 0.0872814 2.68442e-19)
(1.00697 0.0769557 -2.56605e-19)
(1.00909 0.0669369 3.74365e-19)
(1.01 0.0572727 -3.1118e-21)
(1.00986 0.0479906 1.13428e-19)
(1.00888 0.0390099 2.21156e-19)
(1.00723 0.0301984 -7.05126e-22)
(1.0042 0.0220298 0)
(0.997338 0.0164135 1.01251e-19)
(0.990119 0.0137513 4.21089e-19)
(0.58826 0.260911 -5.16103e-19)
(0.665704 0.241217 9.29953e-19)
(0.729561 0.223286 -5.40791e-19)
(0.782005 0.206766 2.73822e-19)
(0.824965 0.191527 -1.63158e-19)
(0.860248 0.177309 -1.3544e-19)
(0.889296 0.163916 3.70077e-19)
(0.913292 0.151237 0)
(0.933167 0.139207 -1.99666e-19)
(0.949642 0.127772 -3.70027e-19)
(0.963267 0.116868 -1.69512e-19)
(0.974463 0.106417 -3.18935e-19)
(0.983552 0.0963395 1.53355e-19)
(0.990789 0.0865626 1.42899e-19)
(0.996381 0.0770398 -2.72064e-19)
(1.00051 0.0677648 1.32625e-19)
(1.00335 0.0587718 -1.26044e-19)
(1.00502 0.0501151 -2.47633e-19)
(1.00569 0.0418217 1.36239e-21)
(1.00554 0.0338227 1.13371e-19)
(1.00474 0.0260059 -1.08495e-19)
(1.00266 0.0187222 -1.077e-19)
(0.997228 0.0134108 -4.06635e-19)
(0.991489 0.0106493 2.90118e-20)
(0.583105 0.223698 6.79381e-19)
(0.659836 0.205332 2.8301e-21)
(0.722794 0.190098 -1.06517e-19)
(0.774508 0.176579 2.75958e-19)
(0.816911 0.164247 -4.8487e-19)
(0.851847 0.152675 0)
(0.880732 0.141631 0)
(0.904724 0.131026 0)
(0.924725 0.120838 0)
(0.94143 0.111052 1.8715e-19)
(0.955369 0.10164 1.73854e-19)
(0.966947 0.092557 -1.65677e-19)
(0.976476 0.0837472 1.56672e-19)
(0.984203 0.0751621 -2.94314e-19)
(0.990335 0.066777 -1.37228e-19)
(0.99505 0.0586045 4.0781e-19)
(0.998508 0.0506903 -3.92419e-19)
(1.00085 0.0430896 2.50138e-19)
(1.00221 0.0358253 2.41673e-19)
(1.00278 0.0288399 -1.18491e-19)
(1.00271 0.0220389 -2.25007e-19)
(1.00144 0.0156658 3.25653e-19)
(0.99734 0.010762 -1.03248e-19)
(0.992941 0.00804062 0)
(0.578501 0.186511 1.72399e-19)
(0.655464 0.169727 -6.10987e-19)
(0.717898 0.15731 4.42683e-19)
(0.769002 0.14681 3.72837e-19)
(0.810822 0.137336 3.20075e-19)
(0.845334 0.128327 -1.44888e-19)
(0.873957 0.119543 -1.28796e-19)
(0.897842 0.110933 1.12023e-19)
(0.917867 0.102525 1.03119e-19)
(0.934703 0.0943456 -1.92501e-19)
(0.948859 0.0864032 1.79218e-19)
(0.960725 0.0786812 -2.19787e-21)
(0.970601 0.0711493 -1.57208e-19)
(0.978729 0.0637799 1.78194e-21)
(0.985309 0.0565664 1.45343e-19)
(0.990515 0.049535 0)
(0.994503 0.042737 -1.33683e-19)
(0.997407 0.0362238 5.11673e-19)
(0.999364 0.0300139 1.23167e-19)
(1.00054 0.0240604 -2.38497e-19)
(1.00107 0.0182861 0)
(1.00051 0.0128448 0)
(0.997595 0.00844919 -2.11268e-19)
(0.994385 0.00588526 -1.73823e-19)
(0.574693 0.148866 3.38291e-19)
(0.652786 0.134145 -7.10239e-20)
(0.714957 0.124833 -4.43493e-19)
(0.765484 0.117479 -3.72954e-19)
(0.806639 0.110864 3.77099e-21)
(0.840619 0.104354 2.89602e-19)
(0.868875 0.0977457 1.2963e-19)
(0.892551 0.091053 1.15088e-19)
(0.912504 0.0843602 -1.0536e-19)
(0.929378 0.0777422 -2.62075e-21)
(0.943661 0.0712414 -1.796e-19)
(0.955725 0.0648696 1.68781e-19)
(0.965862 0.0586193 -8.07927e-20)
(0.974303 0.0524813 -3.05041e-19)
(0.981241 0.0464631 2.21591e-19)
(0.986844 0.0405986 0)
(0.991264 0.0349391 -2.70476e-19)
(0.994633 0.02953 3.91377e-19)
(0.997082 0.0243859 -3.12084e-19)
(0.998764 0.0194713 2.42254e-19)
(0.99978 0.0147265 2.32973e-19)
(0.999805 0.0102377 5.92687e-22)
(0.997913 0.00645508 -2.13773e-19)
(0.995722 0.00411949 4.85721e-20)
(0.572064 0.110234 -2.65706e-19)
(0.652129 0.0983891 -1.37282e-19)
(0.71411 0.0926542 -5.60649e-20)
(0.763965 0.0886699 -9.65518e-20)
(0.804305 0.0849316 -2.40243e-19)
(0.837614 0.080854 7.29079e-20)
(0.865385 0.0763311 1.27531e-19)
(0.888753 0.0714696 -1.15221e-19)
(0.908544 0.0664236 1.05915e-19)
(0.925372 0.0613161 1.95347e-19)
(0.939699 0.0562242 9.14084e-20)
(0.951879 0.0511857 0)
(0.962192 0.0462139 1.62655e-19)
(0.970859 0.041315 1.54553e-19)
(0.978067 0.0365061 -7.84336e-22)
(0.983975 0.0318232 -2.1534e-19)
(0.988729 0.027313 0)
(0.99246 0.0230141 0)
(0.995296 0.0189391 5.97567e-22)
(0.997376 0.0150653 -6.14229e-20)
(0.998787 0.0113543 2.95019e-19)
(0.999292 0.00786106 -5.68922e-20)
(0.998309 0.00486739 1.53534e-22)
(0.996855 0.00265274 -1.03252e-19)
(0.571237 0.0700311 0)
(0.653969 0.0623764 -2.73008e-19)
(0.715543 0.0608791 2.2258e-19)
(0.764447 0.0605247 0)
(0.803747 0.0596735 8.18499e-20)
(0.836212 0.0579369 2.15025e-19)
(0.863378 0.0553869 -2.55324e-19)
(0.886344 0.0522573 0)
(0.905893 0.0487801 1.05184e-19)
(0.922599 0.0451261 -1.97681e-19)
(0.936895 0.0414043 -1.83506e-19)
(0.949117 0.0376762 0)
(0.959529 0.0339728 -8.18287e-20)
(0.968342 0.0303129 0)
(0.975734 0.0267185 -7.48706e-20)
(0.981857 0.0232229 -4.2272e-22)
(0.98685 0.0198645 -6.95127e-20)
(0.990843 0.0166737 1.99848e-19)
(0.99396 0.0136611 -1.92423e-19)
(0.996328 0.0108133 6.14679e-20)
(0.998025 0.00810421 -5.92387e-20)
(0.998921 0.00556131 5.72523e-20)
(0.998696 0.00336032 0)
(0.99797 0.00160042 -2.8583e-22)
(0.573208 0.0276483 -4.30027e-20)
(0.658917 0.0261813 3.12157e-19)
(0.719443 0.0297689 1.63334e-19)
(0.766895 0.0332702 -4.78298e-20)
(0.804839 0.0352567 -8.10552e-20)
(0.836277 0.0357146 -7.2586e-20)
(0.862725 0.0349912 -9.50923e-22)
(0.88521 0.0334754 5.79467e-20)
(0.904451 0.0314784 -1.06474e-19)
(0.920972 0.029214 4.93001e-20)
(0.935175 0.0268178 1.38171e-19)
(0.947373 0.0243706 8.62977e-20)
(0.957813 0.0219186 -1.2437e-19)
(0.966698 0.0194892 0)
(0.974196 0.0171056 0)
(0.980453 0.0147941 7.24305e-20)
(0.985601 0.012582 2.08726e-19)
(0.989767 0.0104903 -2.01401e-19)
(0.993072 0.00852749 0)
(0.995631 0.00668691 0)
(0.997522 0.00495171 0)
(0.998702 0.00333113 -1.15597e-19)
(0.999035 0.00192758 2.23682e-19)
(0.998901 0.000844388 -5.02929e-20)
(0.579494 -0.0176966 -2.18445e-20)
(0.667683 -0.00991873 5.10808e-20)
(0.725922 -0.000200755 -1.11244e-19)
(0.771173 0.00723425 2.36737e-20)
(0.807388 0.0118629 -1.58845e-19)
(0.83763 0.0142841 3.61263e-20)
(0.863274 0.0151999 9.56072e-20)
(0.885225 0.0151612 -5.80588e-20)
(0.904113 0.0145471 2.65735e-20)
(0.920404 0.013603 -9.82752e-20)
(0.934463 0.0124829 2.34981e-20)
(0.94658 0.0112821 2.14975e-20)
(0.956988 0.0100575 -4.14188e-20)
(0.965879 0.00884251 4.02001e-22)
(0.973412 0.00765814 3.80646e-20)
(0.979726 0.00652065 9.07353e-20)
(0.98495 0.0054442 -7.01866e-20)
(0.989208 0.00444022 8.38935e-20)
(0.992614 0.00351536 -6.48115e-20)
(0.995277 0.00266933 -1.55587e-20)
(0.997273 0.00189531 7.49494e-20)
(0.998622 0.00119622 -4.34293e-20)
(0.999304 0.000630102 0)
(0.99955 0.000268104 0)
(0.592279 -0.0700429 0)
(0.680965 -0.0451295 2.09044e-21)
(0.73488 -0.0282153 -6.76948e-20)
(0.776959 -0.0171883 5.59168e-22)
(0.811099 -0.0103526 3.89313e-20)
(0.840045 -0.00629896 7.87319e-21)
(0.864857 -0.00396794 -3.18291e-20)
(0.88626 -0.00267898 0)
(0.904775 -0.00201172 -2.66228e-20)
(0.920809 -0.00170671 -7.67922e-22)
(0.934689 -0.0016014 -4.66666e-20)
(0.94668 -0.00159313 4.43502e-20)
(0.957002 -0.00161816 0)
(0.965838 -0.00164002 0)
(0.973339 -0.00164205 0)
(0.97964 -0.0016199 -3.63242e-20)
(0.984863 -0.00157364 1.75378e-20)
(0.989131 -0.001502 -1.68087e-20)
(0.992555 -0.00140072 -5.04309e-22)
(0.995237 -0.00126479 -1.60044e-20)
(0.997255 -0.00109068 1.45638e-20)
(0.998659 -0.00087125 -1.44794e-20)
(0.999496 -0.000582631 4.36844e-22)
(0.999902 -0.000190112 -3.91313e-22)
(0.621159 -0.124159 6.39697e-21)
(0.700021 -0.0760986 -2.11097e-21)
(0.745757 -0.0531362 6.46235e-21)
(0.783634 -0.0396702 -6.10401e-20)
(0.815571 -0.0313352 1.12217e-20)
(0.843261 -0.026054 -4.22445e-20)
(0.867296 -0.0225426 -3.89413e-20)
(0.888186 -0.0200702 1.45883e-20)
(0.906342 -0.0182164 -1.3261e-20)
(0.922112 -0.0167288 -1.16355e-20)
(0.935789 -0.0154477 -2.216e-20)
(0.94762 -0.0142691 -2.22615e-20)
(0.957812 -0.0131258 0)
(0.966538 -0.0119801 -2.43106e-23)
(0.973946 -0.0108202 -1.89445e-20)
(0.980165 -0.00965429 -1.80689e-20)
(0.985315 -0.00849765 -3.47458e-20)
(0.989514 -0.00736051 8.04474e-23)
(0.992873 -0.00624238 5.83774e-22)
(0.995491 -0.0051344 -4.59706e-20)
(0.997449 -0.00402331 -1.43868e-20)
(0.998803 -0.00289553 2.88917e-20)
(0.999598 -0.00174887 1.35567e-20)
(0.999947 -0.000602013 -2.46175e-20)
(0.0344883 -0.0355748 2.61538e-19)
(0.155346 -0.0636913 -1.11189e-20)
(0.363105 -0.0777222 0)
(0.484605 -0.0876848 0)
(0.596402 -0.0963986 0)
(0.696527 -0.128395 1.32372e-19)
(0.0981269 -0.0644178 -8.88509e-19)
(0.259413 -0.0953257 -7.07943e-19)
(0.444729 -0.104502 -5.14659e-19)
(0.541796 -0.112083 4.86735e-20)
(0.636695 -0.113374 -4.01641e-20)
(0.693069 -0.124187 -1.21177e-19)
(0.128792 -0.0776259 8.19921e-19)
(0.303048 -0.12602 1.30296e-18)
(0.471748 -0.133684 5.48951e-19)
(0.559358 -0.140125 -4.83134e-20)
(0.638952 -0.140348 3.01402e-19)
(0.688024 -0.144801 6.0108e-20)
(0.155697 -0.0917922 9.0321e-19)
(0.335968 -0.15272 -1.27971e-18)
(0.484055 -0.162781 -5.72924e-20)
(0.565726 -0.166688 -4.22836e-20)
(0.635567 -0.166129 -4.91633e-19)
(0.681879 -0.166357 0)
(0.186842 -0.120391 -8.85646e-19)
(0.361519 -0.1775 5.17493e-19)
(0.490213 -0.190702 1.11028e-19)
(0.567285 -0.192524 -4.3082e-20)
(0.630789 -0.190997 -2.69149e-19)
(0.675446 -0.187728 0)
(0.213222 -0.145836 0)
(0.379242 -0.200244 0)
(0.492743 -0.216879 1.04214e-19)
(0.565913 -0.217867 -7.27004e-19)
(0.625247 -0.215791 5.09339e-19)
(0.669194 -0.210238 0)
(0.234415 -0.165026 5.57211e-20)
(0.390872 -0.220855 -3.42407e-20)
(0.492526 -0.241512 0)
(0.562422 -0.243069 6.17689e-19)
(0.619154 -0.241032 0)
(0.663268 -0.234215 0)
(0.252977 -0.183148 -2.75637e-20)
(0.397877 -0.239463 -3.18054e-20)
(0.490008 -0.264957 4.95626e-20)
(0.557248 -0.26841 0)
(0.612581 -0.267074 -4.80604e-19)
(0.657644 -0.259833 0)
(0.268904 -0.199648 0)
(0.400946 -0.256365 0)
(0.485381 -0.287541 0)
(0.550599 -0.294114 5.12698e-19)
(0.60554 -0.294241 5.32539e-19)
(0.652255 -0.287298 0)
(0.281484 -0.213457 0)
(0.400405 -0.271822 6.17593e-20)
(0.478717 -0.309475 4.39092e-20)
(0.54254 -0.320379 -7.31351e-20)
(0.597956 -0.322825 0)
(0.646979 -0.316828 4.88396e-19)
(0.290225 -0.224263 1.79079e-18)
(0.39644 -0.28606 9.27925e-19)
(0.470008 -0.330948 6.80589e-19)
(0.533038 -0.347338 -3.5534e-19)
(0.589691 -0.353049 -1.17773e-19)
(0.641673 -0.348678 -3.23362e-21)
(0.29479 -0.232136 -1.65148e-18)
(0.389237 -0.299268 -1.04079e-18)
(0.459166 -0.35214 -7.14075e-19)
(0.521975 -0.375069 0)
(0.580557 -0.385112 0)
(0.636169 -0.38313 -2.9407e-19)
(0.294779 -0.237247 -2.7566e-20)
(0.379027 -0.311592 6.03909e-20)
(0.446063 -0.373134 -4.51895e-20)
(0.509172 -0.403618 0)
(0.57031 -0.419175 -1.10574e-19)
(0.630274 -0.420482 5.44654e-21)
(0.289882 -0.239972 -2.76548e-20)
(0.365874 -0.323057 -6.09064e-20)
(0.430615 -0.393964 4.53079e-20)
(0.494374 -0.432995 0)
(0.558647 -0.455345 0)
(0.623756 -0.461051 3.77277e-19)
(0.280021 -0.240603 1.81112e-18)
(0.349733 -0.333639 9.50813e-19)
(0.412735 -0.414582 4.57483e-20)
(0.477293 -0.463108 -5.59643e-19)
(0.545186 -0.493668 0)
(0.616318 -0.505163 -7.52442e-19)
(0.265228 -0.239359 3.81698e-20)
(0.330737 -0.343256 -1.06491e-18)
(0.392321 -0.434754 0)
(0.457607 -0.493715 5.65042e-19)
(0.529465 -0.534052 -5.59152e-19)
(0.607564 -0.553124 4.7274e-19)
(0.245692 -0.236352 -3.60776e-18)
(0.309059 -0.351578 6.54282e-20)
(0.369301 -0.45403 -7.93669e-19)
(0.434977 -0.524347 0)
(0.510917 -0.576168 4.55504e-19)
(0.596979 -0.605094 2.76411e-19)
(0.221861 -0.231407 3.63861e-18)
(0.284892 -0.357939 0)
(0.343673 -0.471582 7.64414e-19)
(0.409026 -0.554189 5.85413e-19)
(0.488866 -0.619294 0)
(0.583848 -0.66086 -6.41013e-19)
(0.194522 -0.223664 -1.83129e-18)
(0.258408 -0.361147 -6.4877e-19)
(0.315404 -0.486071 -3.47036e-19)
(0.379273 -0.581935 -3.00235e-19)
(0.462409 -0.662124 2.30434e-19)
(0.567076 -0.719853 3.64198e-19)
(0.164745 -0.211017 -9.29181e-19)
(0.22966 -0.359275 5.99916e-19)
(0.284367 -0.495422 4.63802e-19)
(0.345149 -0.60556 -3.52053e-19)
(0.430212 -0.702508 -2.37507e-19)
(0.544807 -0.781243 0)
(0.133464 -0.190214 9.36025e-19)
(0.198366 -0.349426 -3.84497e-20)
(0.250368 -0.496534 2.80496e-20)
(0.306099 -0.622605 0)
(0.390849 -0.736767 0)
(0.51415 -0.844041 8.73838e-20)
(0.102777 -0.159221 0)
(0.164887 -0.327984 0)
(0.213669 -0.485258 1.18101e-19)
(0.26219 -0.630441 -2.07954e-20)
(0.343471 -0.759534 -1.20853e-20)
(0.470792 -0.908958 -6.68691e-20)
(0.0762218 -0.11812 7.74769e-21)
(0.13081 -0.289535 1.66783e-20)
(0.176587 -0.454109 -1.20371e-19)
(0.21506 -0.626279 -2.29732e-20)
(0.288932 -0.759739 2.26401e-20)
(0.40044 -0.985099 -6.76528e-21)
(0.0531247 -0.0543206 -2.78782e-19)
(0.0879531 -0.20028 -1.98061e-19)
(0.124178 -0.364398 -8.79414e-21)
(0.147217 -0.593664 0)
(0.187699 -0.692441 4.93367e-21)
(0.288103 -1.08711 5.34571e-20)
(0.692249 -0.156815 0)
(0.721148 -0.0987306 9.38531e-20)
(0.756607 -0.0744396 2.63586e-20)
(0.790267 -0.0602574 4.44095e-20)
(0.820354 -0.0512273 0)
(0.847024 -0.0451061 3.48495e-20)
(0.870429 -0.0406177 9.38039e-20)
(0.890891 -0.0370809 5.68743e-20)
(0.908731 -0.0341179 2.64032e-20)
(0.924251 -0.0315023 4.8366e-20)
(0.93772 -0.0290875 -6.84547e-20)
(0.949367 -0.0267734 6.49508e-20)
(0.95939 -0.024492 0)
(0.967958 -0.0222052 5.84858e-20)
(0.975214 -0.0199058 0)
(0.981285 -0.0176131 1.80544e-20)
(0.98629 -0.0153582 -5.16993e-20)
(0.990344 -0.0131642 6.67613e-20)
(0.993558 -0.0110366 8.00217e-20)
(0.996032 -0.0089643 -4.63259e-20)
(0.997851 -0.00692473 1.49088e-20)
(0.999049 -0.00489969 -2.8821e-20)
(0.999608 -0.00291495 6.9479e-20)
(0.999687 -0.00103906 9.93378e-20)
(0.709729 -0.151225 0)
(0.732745 -0.115018 -1.23118e-19)
(0.764745 -0.0932059 -1.50244e-19)
(0.7961 -0.0795856 -4.42122e-20)
(0.825126 -0.070395 1.52389e-19)
(0.851161 -0.0636775 6.88009e-20)
(0.874148 -0.058338 -6.16193e-20)
(0.8943 -0.0538128 -1.1451e-19)
(0.911888 -0.0497912 -1.03779e-19)
(0.927186 -0.0460846 0)
(0.940448 -0.0425662 0)
(0.951894 -0.0391435 8.48437e-20)
(0.961718 -0.03575 8.05591e-20)
(0.970083 -0.0323474 -3.88494e-20)
(0.977132 -0.0289311 1.35757e-22)
(0.982993 -0.0255298 -7.14034e-20)
(0.987785 -0.0221885 -6.87989e-20)
(0.991619 -0.0189448 -1.31698e-19)
(0.994608 -0.0158129 2.54082e-19)
(0.996858 -0.0127805 -1.22526e-19)
(0.998459 -0.0098174 1.17877e-19)
(0.999397 -0.00690865 -1.42577e-19)
(0.999532 -0.00412619 5.4895e-20)
(0.999134 -0.00157155 -4.92161e-20)
(0.714161 -0.15596 -3.62905e-20)
(0.738562 -0.12995 -5.77385e-20)
(0.770281 -0.111216 5.31168e-20)
(0.801096 -0.0985097 0)
(0.829827 -0.0892846 -3.03877e-19)
(0.855624 -0.0820251 -6.99145e-20)
(0.878416 -0.0758671 6.14762e-20)
(0.898384 -0.0703764 -1.1168e-19)
(0.915789 -0.0653146 1.61368e-21)
(0.930898 -0.0605338 1.79349e-21)
(0.94396 -0.0559289 9.03483e-20)
(0.955194 -0.0514171 -1.68618e-19)
(0.96479 -0.0469338 -9.62245e-22)
(0.972913 -0.0424398 0)
(0.979706 -0.0379305 1.46429e-19)
(0.985298 -0.0334395 1.40738e-19)
(0.989808 -0.0290239 -6.72977e-20)
(0.993349 -0.0247363 -6.53558e-20)
(0.996034 -0.020602 1.25804e-19)
(0.99798 -0.0166101 1.80859e-19)
(0.999281 -0.0127239 -1.88143e-22)
(0.999854 -0.00894576 -5.67574e-20)
(0.999383 -0.0054245 1.09233e-19)
(0.998309 -0.00226788 -2.91844e-19)
(0.71347 -0.167604 0)
(0.741393 -0.146368 2.2766e-19)
(0.77426 -0.129731 3.89488e-19)
(0.805603 -0.117656 0)
(0.834581 -0.108257 1.51553e-19)
(0.860464 -0.100378 0)
(0.883253 -0.0933605 0)
(0.903154 -0.0868825 1.57158e-21)
(0.920442 -0.0807698 0)
(0.935394 -0.0749121 0)
(0.948264 -0.0692246 -8.77978e-20)
(0.959275 -0.063634 1.67586e-19)
(0.968619 -0.0580781 -2.36363e-19)
(0.976463 -0.0525149 7.6058e-20)
(0.982951 -0.0469365 -7.14698e-20)
(0.988215 -0.0413769 -6.88577e-20)
(0.992378 -0.0359006 2.00953e-19)
(0.995553 -0.0305745 -1.92836e-19)
(0.997855 -0.0254375 1.23983e-19)
(0.999415 -0.0204815 -2.98151e-19)
(1.00033 -0.0156669 3.28875e-22)
(1.00043 -0.0110328 1.6649e-19)
(0.999177 -0.00684825 2.70156e-19)
(0.997242 -0.00319506 -5.30669e-20)
(0.710873 -0.183741 0)
(0.742934 -0.164741 -2.26091e-19)
(0.777592 -0.149288 -1.93797e-19)
(0.810011 -0.137382 -8.27596e-20)
(0.839583 -0.127559 2.98296e-19)
(0.86579 -0.118914 3.3275e-19)
(0.888729 -0.110948 -1.20219e-19)
(0.908659 -0.103428 -6.17907e-22)
(0.925886 -0.0962296 -2.00237e-19)
(0.940707 -0.0892749 0)
(0.95339 -0.0824963 1.72774e-19)
(0.964165 -0.0758291 0)
(0.973232 -0.0692122 1.53714e-19)
(0.980758 -0.0625998 -2.21652e-19)
(0.986893 -0.0559775 1.88379e-21)
(0.991774 -0.0493739 1.34801e-19)
(0.995523 -0.0428556 1.31478e-19)
(0.998259 -0.0365006 -3.7792e-19)
(1.0001 -0.0303619 0)
(1.00119 -0.0244365 0)
(1.00164 -0.0186848 0)
(1.00116 -0.013201 0)
(0.998922 -0.00841421 0)
(0.995989 -0.00441644 9.49319e-20)
(0.707854 -0.202878 0)
(0.744061 -0.185035 0)
(0.780851 -0.170048 0)
(0.814641 -0.157874 0)
(0.845036 -0.147348 -2.97451e-19)
(0.871734 -0.137761 -2.6619e-19)
(0.894939 -0.12873 1.22661e-19)
(0.914972 -0.120088 1.09935e-19)
(0.93218 -0.111752 -1.93496e-19)
(0.946887 -0.103666 1.85888e-19)
(0.959381 -0.0957774 -1.72867e-19)
(0.969905 -0.0880276 -1.59852e-19)
(0.978664 -0.0803563 -3.99405e-22)
(0.985833 -0.0727126 0)
(0.991567 -0.0650727 8.40629e-22)
(0.996002 -0.057455 1.13188e-21)
(0.999269 -0.0499211 1.29305e-19)
(1.00148 -0.0425545 2.44356e-21)
(1.00277 -0.0354201 0)
(1.00329 -0.0285169 0)
(1.00317 -0.0217975 -1.09596e-19)
(1.00201 -0.0154067 0)
(0.998622 -0.00998249 2.06682e-19)
(0.994793 -0.006095 -6.38744e-19)
(0.705035 -0.224595 -1.28038e-19)
(0.745279 -0.207205 4.58566e-21)
(0.7844 -0.192091 4.72073e-19)
(0.81975 -0.179241 0)
(0.851129 -0.167733 0)
(0.878444 -0.157011 2.58444e-19)
(0.902 -0.14678 2.32865e-19)
(0.92219 -0.13692 0)
(0.939405 -0.127378 1.97638e-19)
(0.954005 -0.118115 3.61532e-19)
(0.966299 -0.109088 1.6631e-19)
(0.976547 -0.100242 -1.55834e-19)
(0.984965 -0.0915179 1.471e-19)
(0.991734 -0.0828575 0)
(0.997011 -0.0742261 -2.99177e-21)
(1.00094 -0.0656276 1.31167e-19)
(1.00365 -0.0571118 2.49226e-19)
(1.00525 -0.0487609 -2.38801e-19)
(1.00589 -0.0406473 0)
(1.00573 -0.0327705 0)
(1.00492 -0.0250703 1.09419e-19)
(1.00302 -0.0177563 0)
(0.998421 -0.0117801 0)
(0.993681 -0.00818449 3.43089e-19)
(0.702665 -0.248751 0)
(0.746886 -0.231255 -1.06756e-19)
(0.788493 -0.215493 -1.81096e-21)
(0.825552 -0.201573 8.34889e-20)
(0.858045 -0.188797 0)
(0.88607 -0.176729 -6.4145e-19)
(0.910041 -0.165145 -1.16351e-19)
(0.930422 -0.153957 -2.07765e-19)
(0.947657 -0.143129 1.90371e-19)
(0.962144 -0.132633 -5.3003e-19)
(0.974218 -0.122431 -1.63671e-19)
(0.984159 -0.112471 4.63199e-19)
(0.992196 -0.102689 -1.46883e-19)
(0.998516 -0.0930228 0)
(1.00328 -0.0834239 -1.33126e-19)
(1.00664 -0.0738792 0)
(1.00871 -0.0644211 -2.42207e-19)
(1.00963 -0.0551233 2.35199e-19)
(1.00953 -0.0460606 2.26515e-19)
(1.0086 -0.0372316 0)
(1.00702 -0.0285717 3.1772e-19)
(1.00428 -0.0204039 3.0104e-21)
(0.998438 -0.0140958 2.15929e-21)
(0.992392 -0.0105912 -3.58183e-19)
(0.70081 -0.275336 0)
(0.74907 -0.257263 -4.29111e-19)
(0.793334 -0.240358 -3.74624e-19)
(0.832246 -0.224964 1.61568e-19)
(0.865962 -0.210608 4.27236e-19)
(0.894773 -0.196965 2.56313e-19)
(0.919202 -0.183856 0)
(0.939792 -0.171213 1.428e-22)
(0.957045 -0.159007 -1.95608e-19)
(0.971399 -0.147213 3.46674e-19)
(0.983224 -0.135793 0)
(0.992819 -0.124694 -4.03058e-21)
(1.00043 -0.113847 1.39332e-19)
(1.00625 -0.103182 1.3198e-19)
(1.01045 -0.0926375 1.25792e-19)
(1.01317 -0.0821825 1.20506e-19)
(1.01455 -0.071828 0)
(1.01471 -0.0616324 -1.14961e-19)
(1.01378 -0.0516654 1.07836e-19)
(1.01199 -0.0419184 1.04105e-19)
(1.00954 -0.032321 1.03577e-19)
(1.00584 -0.0233256 0)
(0.998606 -0.0167687 3.82931e-19)
(0.991128 -0.013435 -3.50829e-19)
(0.699481 -0.304449 -6.522e-20)
(0.751978 -0.285378 8.56477e-19)
(0.799116 -0.266828 3.64077e-19)
(0.84003 -0.249519 -3.22896e-19)
(0.875071 -0.233238 -2.84011e-19)
(0.904726 -0.217755 -1.22694e-19)
(0.929637 -0.202925 3.34002e-19)
(0.950435 -0.188682 2.04739e-19)
(0.967686 -0.174993 -5.22397e-21)
(0.981878 -0.161828 -1.71612e-19)
(0.99341 -0.149141 0)
(1.00261 -0.136874 -1.48206e-19)
(1.00974 -0.124951 -1.39229e-19)
(1.01501 -0.113292 -2.59387e-19)
(1.01859 -0.101824 1.20648e-19)
(1.02062 -0.0904964 -5.92826e-19)
(1.02124 -0.079297 2.27895e-19)
(1.02057 -0.0682638 -1.10707e-19)
(1.01874 -0.0574527 2.11479e-19)
(1.01599 -0.0468393 9.89849e-20)
(1.01255 -0.0363404 -2.98564e-19)
(1.00777 -0.0265443 0)
(0.999046 -0.0198108 0)
(0.990016 -0.0167603 -3.03355e-19)
(0.698675 -0.336291 -4.98159e-19)
(0.755756 -0.315828 -3.24263e-19)
(0.806042 -0.295093 -8.19364e-19)
(0.849122 -0.275369 1.56594e-19)
(0.885578 -0.256758 -1.31065e-19)
(0.916114 -0.239127 -2.4086e-19)
(0.941512 -0.222346 -2.22101e-19)
(0.962498 -0.206336 3.95248e-19)
(0.979712 -0.191046 -5.40992e-19)
(0.993692 -0.176427 0)
(1.00488 -0.16242 0)
(1.01363 -0.148954 0)
(1.02022 -0.135944 0)
(1.02488 -0.123297 1.27482e-19)
(1.02777 -0.110927 -3.54266e-19)
(1.02905 -0.0987648 2.28623e-19)
(1.02885 -0.0867755 0)
(1.02729 -0.0749729 -1.07045e-19)
(1.02449 -0.0633916 1.03364e-19)
(1.02068 -0.0519815 4.87997e-19)
(1.01613 -0.0406358 -4.77219e-19)
(1.01014 -0.0300755 -2.83821e-19)
(0.999866 -0.0232304 2.6851e-19)
(0.989162 -0.0205902 2.06211e-19)
(0.698403 -0.371154 4.35951e-19)
(0.76058 -0.348911 -1.01868e-19)
(0.814352 -0.325393 6.28782e-19)
(0.859772 -0.302672 -4.72529e-19)
(0.89772 -0.28125 1.4192e-19)
(0.929151 -0.261104 4.82427e-19)
(0.955011 -0.242101 -1.15344e-19)
(0.976141 -0.22413 1.82964e-19)
(0.99326 -0.207102 5.78565e-22)
(1.00696 -0.190937 -1.58197e-19)
(1.01774 -0.175552 1.48963e-19)
(1.02596 -0.160856 0)
(1.03195 -0.146747 1.25679e-19)
(1.03592 -0.133119 0)
(1.03807 -0.119871 4.42745e-21)
(1.03855 -0.106915 1.0709e-19)
(1.03747 -0.0941932 0)
(1.03494 -0.0816947 0)
(1.03109 -0.0694277 9.53565e-20)
(1.02615 -0.0573083 1.87094e-19)
(1.02038 -0.0451937 -3.64789e-19)
(1.01306 -0.0339244 2.69786e-19)
(1.00117 -0.0270262 -3.41521e-19)
(0.988678 -0.0249279 3.54218e-19)
(0.698698 -0.409402 5.48621e-19)
(0.766673 -0.384992 0)
(0.824342 -0.358019 3.4518e-19)
(0.872284 -0.331617 -2.97405e-19)
(0.911773 -0.306808 2.59139e-19)
(0.944077 -0.283703 -1.14385e-19)
(0.97034 -0.262156 -9.84746e-20)
(0.991537 -0.241996 -5.06757e-22)
(1.00848 -0.223073 -1.66964e-19)
(1.02182 -0.205259 1.56363e-19)
(1.03209 -0.188433 1.40998e-19)
(1.03971 -0.172474 -1.33179e-19)
(1.04501 -0.157258 -5.2466e-21)
(1.04823 -0.14266 0)
(1.04956 -0.128562 2.23361e-19)
(1.04916 -0.114856 -3.16854e-19)
(1.04714 -0.101463 -1.99601e-19)
(1.0436 -0.0883462 -9.29771e-20)
(1.03864 -0.0754861 1.85801e-19)
(1.03249 -0.0627597 -4.46068e-19)
(1.02538 -0.0499783 2.6334e-19)
(1.01663 -0.0380793 -3.45132e-19)
(1.00308 -0.0311828 4.16616e-19)
(0.988681 -0.0297606 1.78613e-19)
(0.699632 -0.451456 -6.03641e-19)
(0.774328 -0.424482 -2.91263e-19)
(0.836387 -0.393299 -1.27001e-20)
(0.887034 -0.362419 3.00345e-19)
(0.928074 -0.333533 -3.87391e-19)
(0.961175 -0.306937 2.26195e-19)
(0.987733 -0.28246 -2.97953e-19)
(1.00888 -0.259842 0)
(1.02552 -0.238845 1.5883e-19)
(1.03838 -0.219266 0)
(1.04804 -0.200931 1.33304e-19)
(1.05496 -0.183677 1.23498e-19)
(1.05947 -0.167349 -1.20844e-19)
(1.06185 -0.151798 -1.08212e-19)
(1.0623 -0.136884 2.09578e-19)
(1.06095 -0.122478 -1.98673e-19)
(1.05793 -0.10848 2.84368e-19)
(1.05332 -0.0948276 4.37516e-21)
(1.0472 -0.0814736 9.03339e-20)
(1.03976 -0.0682544 1.69907e-19)
(1.03124 -0.054929 -6.42197e-22)
(1.02095 -0.0425051 0)
(1.00572 -0.0356656 7.87931e-20)
(0.989293 -0.035058 3.14902e-19)
(0.70133 -0.497761 -3.51245e-19)
(0.78393 -0.467808 6.7977e-19)
(0.850964 -0.431579 -4.18878e-19)
(0.904489 -0.395299 2.12262e-19)
(0.94703 -0.361529 -1.27094e-19)
(0.980781 -0.330811 -1.06597e-19)
(1.00746 -0.302947 2.9598e-19)
(1.02837 -0.277555 0)
(1.04454 -0.254274 -1.60099e-19)
(1.05678 -0.2328 -2.79006e-19)
(1.06569 -0.212883 -1.28984e-19)
(1.07178 -0.194302 -2.44039e-19)
(1.07541 -0.176862 1.13529e-19)
(1.07686 -0.160382 1.08393e-19)
(1.07633 -0.144694 -2.03875e-19)
(1.07397 -0.129648 9.81337e-20)
(1.06989 -0.115119 -9.27523e-20)
(1.06415 -0.101021 -1.68475e-19)
(1.05681 -0.0872793 1.02297e-21)
(1.04804 -0.0736916 8.33703e-20)
(1.03803 -0.0599615 -8.00304e-20)
(1.02613 -0.0471403 -7.45579e-20)
(1.00919 -0.0404169 -3.10432e-19)
(0.990639 -0.0407688 7.01161e-20)
(0.703973 -0.548801 4.67677e-19)
(0.795988 -0.515323 -1.85619e-20)
(0.868673 -0.473156 -7.69966e-20)
(0.925232 -0.430451 2.02972e-19)
(0.969141 -0.390878 -3.49979e-19)
(1.0033 -0.35531 0)
(1.02982 -0.323524 0)
(1.05025 -0.294993 0)
(1.06573 -0.269188 0)
(1.07714 -0.245673 1.39326e-19)
(1.08515 -0.224093 1.27858e-19)
(1.09026 -0.204154 -1.11192e-19)
(1.09288 -0.185607 1.03556e-19)
(1.09328 -0.168229 -1.99249e-19)
(1.09169 -0.15182 -9.53307e-20)
(1.08824 -0.136204 2.72025e-19)
(1.08304 -0.12123 -2.53193e-19)
(1.07612 -0.106787 1.69013e-19)
(1.06754 -0.0927731 1.57143e-19)
(1.05739 -0.0789509 -7.43967e-20)
(1.04585 -0.0649698 -1.47562e-19)
(1.03226 -0.0518969 2.18346e-19)
(1.01362 -0.0453521 -7.4996e-20)
(0.992831 -0.0468174 0)
(0.707793 -0.605136 1.12762e-19)
(0.811151 -0.567214 -4.17126e-19)
(0.890257 -0.518162 2.8837e-19)
(0.949964 -0.467946 2.46196e-19)
(0.995008 -0.421599 2.30857e-19)
(1.02919 -0.38038 -9.16704e-20)
(1.05517 -0.344073 -8.8478e-20)
(1.07477 -0.311984 7.65441e-20)
(1.08927 -0.283385 6.3685e-20)
(1.09961 -0.257664 -1.22851e-19)
(1.10649 -0.234333 1.12851e-19)
(1.11045 -0.213004 7.51528e-21)
(1.11191 -0.193358 -1.04099e-19)
(1.11115 -0.175121 -2.78716e-21)
(1.10839 -0.158055 8.93587e-20)
(1.10377 -0.14195 0)
(1.09738 -0.12663 -7.73366e-20)
(1.08925 -0.111955 3.12727e-19)
(1.07939 -0.0977984 7.0826e-20)
(1.06786 -0.0838895 -1.43255e-19)
(1.05475 -0.069826 0)
(1.03946 -0.0566615 0)
(1.0191 -0.0503541 -1.38193e-19)
(0.995967 -0.053099 -5.26217e-20)
(0.713097 -0.667369 1.96501e-19)
(0.830226 -0.623422 -4.49849e-20)
(0.916607 -0.566389 -2.90451e-19)
(0.979485 -0.507623 -2.48301e-19)
(1.02531 -0.453565 -3.11391e-21)
(1.05901 -0.405884 1.93528e-19)
(1.08393 -0.364422 8.22494e-20)
(1.10224 -0.328323 6.89118e-20)
(1.11536 -0.29663 -7.15366e-20)
(1.1243 -0.26852 6.79951e-21)
(1.1298 -0.243342 -1.13854e-19)
(1.13241 -0.220589 1.05208e-19)
(1.13252 -0.199854 -4.52795e-20)
(1.13046 -0.180802 -1.79571e-19)
(1.12642 -0.163149 1.23647e-19)
(1.12055 -0.146649 0)
(1.11291 -0.131093 -1.49944e-19)
(1.10353 -0.116315 2.18735e-19)
(1.09237 -0.102161 -1.76244e-19)
(1.07945 -0.0883316 1.33917e-19)
(1.06478 -0.0743744 1.29642e-19)
(1.04778 -0.0612924 4.07592e-21)
(1.02573 -0.0552619 -1.2705e-19)
(1.00011 -0.059471 3.04792e-20)
(0.720307 -0.7356 -1.60414e-19)
(0.854214 -0.683618 -7.83009e-20)
(0.948726 -0.617104 -2.29949e-20)
(1.01462 -0.548926 -5.56226e-20)
(1.06074 -0.486395 -1.44491e-19)
(1.09334 -0.431551 4.21525e-20)
(1.11654 -0.384328 6.91799e-20)
(1.13296 -0.343757 -6.97341e-20)
(1.14421 -0.308654 5.68572e-20)
(1.15137 -0.27796 1.09742e-19)
(1.15517 -0.25083 4.81041e-20)
(1.15615 -0.226613 0)
(1.15473 -0.204798 8.73755e-20)
(1.1512 -0.184976 8.17906e-20)
(1.14575 -0.166809 -3.62321e-21)
(1.13853 -0.15001 -1.08734e-19)
(1.12957 -0.134339 0)
(1.11889 -0.119598 0)
(1.10643 -0.105609 -2.39992e-21)
(1.09214 -0.0920485 -2.9951e-20)
(1.07595 -0.0784169 1.49775e-19)
(1.05728 -0.0656094 -2.45423e-20)
(1.0336 -0.0598431 3.75318e-21)
(1.0053 -0.0657375 -1.02788e-19)
(0.730003 -0.809081 0)
(0.884379 -0.746801 -1.22689e-19)
(0.987533 -0.668802 1.17809e-19)
(1.05609 -0.590718 0)
(1.10196 -0.519321 3.41521e-20)
(1.13274 -0.456874 1.03646e-19)
(1.15346 -0.403425 -1.30392e-19)
(1.16728 -0.357972 0)
(1.17607 -0.319152 4.69621e-20)
(1.18095 -0.285673 -1.02886e-19)
(1.18266 -0.25648 -9.20201e-20)
(1.18173 -0.230752 0)
(1.17853 -0.207859 -4.2119e-20)
(1.17333 -0.187305 0)
(1.16633 -0.168689 -3.72905e-20)
(1.15763 -0.151683 3.01801e-21)
(1.14728 -0.136009 -3.09349e-20)
(1.13526 -0.121446 9.16914e-20)
(1.12148 -0.107792 -9.08211e-20)
(1.10584 -0.0947135 2.99697e-20)
(1.0882 -0.0816732 -2.89886e-20)
(1.06799 -0.0693651 2.86091e-20)
(1.04281 -0.0637292 0)
(1.01149 -0.0716051 1.70466e-21)
(0.743255 -0.88644 -1.78185e-20)
(0.921937 -0.810803 1.40653e-19)
(1.03363 -0.718917 5.925e-20)
(1.10429 -0.631036 -1.96107e-20)
(1.14934 -0.550993 -4.52446e-20)
(1.17762 -0.48098 -3.68484e-20)
(1.1951 -0.421145 7.72539e-21)
(1.20555 -0.370554 2.34015e-20)
(1.21116 -0.327771 -5.12362e-20)
(1.21319 -0.291325 2.03833e-20)
(1.21236 -0.259956 6.30223e-20)
(1.20915 -0.232664 3.85829e-20)
(1.2039 -0.208681 -5.32617e-20)
(1.19682 -0.187413 0)
(1.1881 -0.168391 0)
(1.1778 -0.151236 3.25369e-20)
(1.16595 -0.13564 9.0518e-20)
(1.15252 -0.121357 -8.68038e-20)
(1.13738 -0.108176 0)
(1.12039 -0.0957901 0)
(1.10137 -0.0836641 0)
(1.07978 -0.0721477 -5.23872e-20)
(1.05336 -0.0662304 1.05295e-19)
(1.01859 -0.0765026 -2.49478e-20)
(0.762916 -0.966178 -6.90159e-21)
(0.967936 -0.872061 1.55724e-20)
(1.08693 -0.763588 -4.24938e-20)
(1.15904 -0.666898 7.10348e-21)
(1.20277 -0.579337 -5.30546e-20)
(1.22806 -0.502506 1.19021e-20)
(1.24167 -0.436627 3.51453e-20)
(1.24802 -0.380937 -2.36595e-20)
(1.24973 -0.33409 8.94762e-21)
(1.24826 -0.294553 -3.96823e-20)
(1.24436 -0.260911 6.56699e-21)
(1.23847 -0.231997 9.2466e-21)
(1.23084 -0.206897 -1.49594e-20)
(1.22165 -0.184907 -1.74215e-22)
(1.21101 -0.165476 1.45624e-20)
(1.19898 -0.148172 3.48367e-20)
(1.18553 -0.132649 -2.68859e-20)
(1.17059 -0.118639 3.2405e-20)
(1.15403 -0.105937 -2.5195e-20)
(1.13563 -0.0943132 -5.90235e-21)
(1.11515 -0.0833421 2.97684e-20)
(1.09211 -0.0729074 -1.77765e-20)
(1.06465 -0.0658586 0)
(1.02781 -0.0788243 0)
(0.792562 -1.04874 0)
(1.02062 -0.924137 1.00697e-22)
(1.14528 -0.797702 -1.44384e-20)
(1.2187 -0.694088 -1.59708e-22)
(1.26109 -0.601471 1.01358e-20)
(1.2834 -0.519494 1.77081e-21)
(1.29294 -0.44861 -9.80701e-21)
(1.29472 -0.388329 0)
(1.29191 -0.33758 -9.04917e-21)
(1.2863 -0.294954 -2.10388e-22)
(1.27876 -0.258996 -1.60506e-20)
(1.26972 -0.228416 1.51852e-20)
(1.25936 -0.202165 0)
(1.24781 -0.179418 0)
(1.23508 -0.159532 0)
(1.22119 -0.142002 -1.30004e-20)
(1.20607 -0.126431 6.01937e-21)
(1.1896 -0.112516 -6.23043e-21)
(1.17158 -0.100047 -1.71134e-22)
(1.15174 -0.0888537 -5.63337e-21)
(1.12963 -0.078633 5.09513e-21)
(1.10451 -0.0692264 -5.64317e-21)
(1.07521 -0.0627119 1.69382e-22)
(1.0406 -0.0754729 -1.71874e-22)
(0.838241 -1.10885 -2.14436e-21)
(1.08835 -0.945508 -1.00526e-22)
(1.20923 -0.815717 -5.47857e-21)
(1.28105 -0.708459 0)
(1.32222 -0.614217 1.59969e-22)
(1.34215 -0.529621 1.9023e-21)
(1.34805 -0.455471 -2.63935e-21)
(1.3453 -0.391661 6.27394e-21)
(1.33765 -0.337552 1.4183e-21)
(1.32736 -0.292059 7.72989e-21)
(1.31564 -0.253855 2.09622e-22)
(1.30296 -0.221622 4.86418e-21)
(1.28951 -0.194211 0)
(1.27532 -0.170689 1.09152e-20)
(1.26035 -0.150311 -5.47059e-21)
(1.24454 -0.132494 0)
(1.22776 -0.116783 4.97801e-21)
(1.2098 -0.102839 5.34742e-21)
(1.19037 -0.0904322 -4.942e-21)
(1.16902 -0.0793676 1.52395e-20)
(1.14506 -0.0694165 -9.74903e-21)
(1.11753 -0.0611926 0)
(1.08584 -0.0586424 -5.51588e-21)
(1.05074 -0.0677174 5.53152e-21)
)
;

boundaryField
{
    rotor
    {
        type            movingWallVelocity;
        value           nonuniform List<vector> 
144
(
(0.039194 0.00244115 3.67342e-36)
(0.0548715 0.00341761 0)
(0.0705491 0.00439407 0)
(0.0862267 0.00537053 0)
(0.101904 0.006347 8.08152e-35)
(0.117582 0.00732346 0)
(0.0312559 0.00299583 0)
(0.030993 0.00503365 4.98765e-24)
(0.0305974 0.00704991 0)
(0.0300708 0.00903598 4.98765e-24)
(0.0294155 0.0109834 -9.97531e-24)
(0.0286341 0.0128837 0)
(0.0277302 0.0147289 0)
(0.0267075 0.016511 -9.97531e-24)
(0.0255704 0.0182224 0)
(0.0243239 0.0198558 0)
(0.0229732 0.0214041 -9.97531e-24)
(0.0215241 0.0228608 0)
(0.0199829 0.0242196 9.97531e-24)
(0.018356 0.0254747 9.97531e-24)
(0.0166506 0.0266207 -9.97531e-24)
(0.0148739 0.0276527 9.97531e-24)
(0.0130335 0.0285663 0)
(0.0111372 0.0293575 0)
(0.00919331 0.0300231 0)
(0.00721002 0.0305601 0)
(0.00519586 0.0309662 0)
(0.00315945 0.0312397 0)
(0.0011095 0.0313795 0)
(-0.000945188 0.0313849 0)
(-0.00244115 0.039194 -1.94691e-34)
(-0.00341761 0.0548715 -4.77545e-35)
(-0.00439407 0.0705491 1.10203e-34)
(-0.00537053 0.0862267 0)
(-0.006347 0.101904 0)
(-0.00732346 0.117582 2.20405e-35)
(-0.00244115 0.039194 1.98365e-34)
(-0.00341761 0.0548715 3.26934e-34)
(-0.00439407 0.0705491 4.92238e-34)
(-0.00537053 0.0862267 0)
(-0.006347 0.101904 0)
(-0.00732346 0.117582 0)
(-0.00299583 0.0312559 0)
(-0.00503365 0.030993 4.98765e-24)
(-0.00704991 0.0305974 0)
(-0.00903598 0.0300708 4.98765e-24)
(-0.0109834 0.0294155 -9.97531e-24)
(-0.0128837 0.0286341 0)
(-0.0147289 0.0277302 0)
(-0.016511 0.0267075 -9.97531e-24)
(-0.0182224 0.0255704 0)
(-0.0198558 0.0243239 0)
(-0.0214041 0.0229732 -9.97531e-24)
(-0.0228608 0.0215241 0)
(-0.0242196 0.0199829 9.97531e-24)
(-0.0254747 0.018356 9.97531e-24)
(-0.0266207 0.0166506 -9.97531e-24)
(-0.0276527 0.0148739 9.97531e-24)
(-0.0285663 0.0130335 0)
(-0.0293575 0.0111372 0)
(-0.0300231 0.00919331 0)
(-0.0305601 0.00721002 0)
(-0.0309662 0.00519586 0)
(-0.0312397 0.00315945 0)
(-0.0313795 0.0011095 0)
(-0.0313849 -0.000945188 0)
(-0.039194 -0.00244115 0)
(-0.0548715 -0.00341761 -3.34281e-34)
(-0.0705491 -0.00439407 0)
(-0.0862267 -0.00537053 0)
(-0.101904 -0.006347 0)
(-0.117582 -0.00732346 -4.04076e-34)
(-0.039194 -0.00244115 0)
(-0.0548715 -0.00341761 0)
(-0.0705491 -0.00439407 0)
(-0.0862267 -0.00537053 0)
(-0.101904 -0.006347 -4.84891e-34)
(-0.117582 -0.00732346 0)
(-0.0312559 -0.00299583 0)
(-0.030993 -0.00503365 4.98765e-24)
(-0.0305974 -0.00704991 0)
(-0.0300708 -0.00903598 4.98765e-24)
(-0.0294155 -0.0109834 -9.97531e-24)
(-0.0286341 -0.0128837 0)
(-0.0277302 -0.0147289 0)
(-0.0267075 -0.016511 -9.97531e-24)
(-0.0255704 -0.0182224 0)
(-0.0243239 -0.0198558 0)
(-0.0229732 -0.0214041 -9.97531e-24)
(-0.0215241 -0.0228608 0)
(-0.0199829 -0.0242196 9.97531e-24)
(-0.018356 -0.0254747 9.97531e-24)
(-0.0166506 -0.0266207 -9.97531e-24)
(-0.0148739 -0.0276527 9.97531e-24)
(-0.0130335 -0.0285663 0)
(-0.0111372 -0.0293575 0)
(-0.00919331 -0.0300231 0)
(-0.00721002 -0.0305601 0)
(-0.00519586 -0.0309662 0)
(-0.00315945 -0.0312397 0)
(-0.0011095 -0.0313795 0)
(0.000945188 -0.0313849 0)
(0.00244115 -0.039194 0)
(0.00341761 -0.0548715 -3.34281e-34)
(0.00439407 -0.0705491 0)
(0.00537053 -0.0862267 0)
(0.006347 -0.101904 2.93874e-34)
(0.00732346 -0.117582 0)
(0.00244115 -0.039194 9.55089e-35)
(0.00341761 -0.0548715 0)
(0.00439407 -0.0705491 0)
(0.00537053 -0.0862267 0)
(0.006347 -0.101904 0)
(0.00732346 -0.117582 0)
(0.00299583 -0.0312559 0)
(0.00503365 -0.030993 4.98765e-24)
(0.00704991 -0.0305974 0)
(0.00903598 -0.0300708 4.98765e-24)
(0.0109834 -0.0294155 -9.97531e-24)
(0.0128837 -0.0286341 0)
(0.0147289 -0.0277302 0)
(0.016511 -0.0267075 -9.97531e-24)
(0.0182224 -0.0255704 0)
(0.0198558 -0.0243239 0)
(0.0214041 -0.0229732 -9.97531e-24)
(0.0228608 -0.0215241 0)
(0.0242196 -0.0199829 9.97531e-24)
(0.0254747 -0.018356 9.97531e-24)
(0.0266207 -0.0166506 -9.97531e-24)
(0.0276527 -0.0148739 9.97531e-24)
(0.0285663 -0.0130335 0)
(0.0293575 -0.0111372 0)
(0.0300231 -0.00919331 0)
(0.0305601 -0.00721002 0)
(0.0309662 -0.00519586 0)
(0.0312397 -0.00315945 0)
(0.0313795 -0.0011095 0)
(0.0313849 0.000945188 0)
(0.039194 0.00244115 -9.91823e-35)
(0.0548715 0.00341761 -4.77545e-35)
(0.0705491 0.00439407 0)
(0.0862267 0.00537053 0)
(0.101904 0.006347 0)
(0.117582 0.00732346 2.20405e-35)
)
;
    }
    freestream
    {
        type            freestreamVelocity;
        freestreamValue uniform (1 0 0);
        value           nonuniform List<vector> 
96
(
(1.03448 -0.0347773 2.59694e-21)
(1.04253 -0.0324788 -7.95451e-21)
(1.05157 -0.0291063 -2.80684e-20)
(1.06148 -0.0242806 -2.59052e-20)
(1.07214 -0.0176868 9.98035e-21)
(1.08343 -0.00901153 -3.98947e-20)
(1.09518 0.00204699 7.5753e-21)
(1.10726 0.0157753 -1.95451e-20)
(1.11946 0.0324322 -1.11797e-20)
(1.13158 0.0522214 -1.37773e-21)
(1.14338 0.0752535 3.99224e-22)
(1.15464 0.101512 -5.75511e-22)
(1.16477 0.130709 6.06002e-22)
(1.17254 0.162136 -2.27524e-21)
(1.17554 0.194504 -1.03322e-20)
(1.16905 0.225371 0)
(1.14605 0.251238 -3.26594e-21)
(1.0978 0.267968 9.06724e-24)
(1.01663 0.271367 8.01144e-22)
(0.901489 0.25827 9.59554e-24)
(0.763643 0.228463 1.96309e-23)
(0.624674 0.185673 0)
(0.506825 0.135175 -6.24871e-24)
(0.4444 0.0885943 -1.6388e-22)
(0.448402 0.0418085 -2.08808e-21)
(0.532246 0.000694092 -1.52934e-21)
(0.681758 -0.0314372 -3.54568e-21)
(0.869972 -0.0501117 -8.28327e-21)
(1.07437 -0.0563288 2.78783e-21)
(1.21238 -0.0547746 -9.04888e-21)
(1.24401 -0.0538494 7.91747e-22)
(1.24154 -0.0539547 -8.5335e-21)
(1.22483 -0.0511268 -8.79929e-21)
(1.20182 -0.0448107 -1.59264e-21)
(1.17837 -0.034899 -2.23013e-21)
(1.15617 -0.0242279 7.43929e-21)
(1.13696 -0.0134186 -2.3279e-21)
(1.12002 -0.00299521 1.2522e-20)
(1.10443 0.00598031 2.62308e-20)
(1.09033 0.013497 0)
(1.0776 0.0197138 1.08519e-20)
(1.06607 0.0246178 7.23942e-21)
(1.05566 0.028298 -3.60709e-20)
(1.04633 0.0309239 -1.22615e-21)
(1.03804 0.0327089 -1.05341e-20)
(1.03084 0.0339409 0)
(1.02463 0.0349904 -9.38998e-23)
(1.01853 0.0364135 9.30253e-21)
(1.01323 0.039367 9.28321e-21)
(1.00767 0.0357087 -1.29707e-20)
(1.00425 0.0309012 -5.29946e-20)
(1.00154 0.0260554 -2.8659e-20)
(0.999611 0.0215014 2.33045e-20)
(0.998348 0.0173857 -1.24197e-19)
(0.997638 0.0137726 5.9097e-20)
(0.997354 0.01068 -7.57345e-20)
(0.997376 0.00809628 -6.95328e-20)
(0.997598 0.00598952 -5.10285e-20)
(0.997934 0.00431414 3.26782e-20)
(0.998318 0.00301663 5.42417e-20)
(0.998699 0.00204009 2.6542e-20)
(0.999046 0.00132794 4.06637e-20)
(0.999339 0.000826676 2.2521e-21)
(0.999572 0.000487871 0)
(0.999743 0.000269266 -7.95287e-21)
(0.999859 0.000135486 1.59749e-21)
(0.99993 5.86539e-05 -2.28297e-21)
(0.999973 2.15318e-05 -3.84549e-24)
(0.999992 5.85033e-06 -3.48454e-22)
(0.999999 6.82168e-07 0)
(1 -5.90431e-08 -1.2153e-25)
(1 -1.39152e-07 -5.69019e-24)
(0.999999 -2.39603e-06 2.29068e-22)
(0.999994 -1.02628e-05 -3.214e-22)
(0.999978 -2.92451e-05 -3.76342e-21)
(0.999941 -6.83335e-05 -1.13495e-21)
(0.999872 -0.000141274 3.0367e-21)
(0.999767 -0.000272365 -2.85434e-20)
(0.999624 -0.000486554 2.0396e-20)
(0.99942 -0.000807271 -2.7301e-20)
(0.999157 -0.00127594 -3.33188e-20)
(0.998845 -0.00193842 -3.50846e-20)
(0.998502 -0.00284594 2.85022e-20)
(0.998159 -0.00405316 5.75942e-20)
(0.997864 -0.00561613 3.37061e-20)
(0.997682 -0.00758902 6.8167e-20)
(0.997699 -0.0100196 1.72322e-20)
(0.998018 -0.0129435 0)
(0.998756 -0.0163765 -1.62293e-20)
(1.00004 -0.0203047 1.04063e-20)
(1.00199 -0.024669 -3.85726e-20)
(1.00471 -0.0293341 6.98337e-22)
(1.00826 -0.0339843 -1.10824e-20)
(1.0133 -0.0376876 0)
(1.0207 -0.0384868 -8.76458e-23)
(1.0274 -0.0365729 2.98747e-21)
)
;
    }
    frontAndBack
    {
        type            empty;
    }
}


// ************************************************************************* //
