/*--------------------------------*- C++ -*----------------------------------*  =========                 |
  \      /  F ield         | OpenFOAM: The Open Source CFD Toolbox
   \    /   O peration     | Website:  https://openfoam.org
    \  /    A nd           | Version:  11
     \/     M anipulation  |
\*---------------------------------------------------------------------------*/
FoamFile
{
    format      ascii;
    class       volScalarField;
    object      U;
}
// * * * * * * * * * * * * * * * * * * * * * * * * * * * * * * * * * * * * * //

dimensions      [0 1 -1 0 0 0 0];

internalField   nonuniform List<scalar> 
2880
( 
0.07835118276428447
0.15629889885227807
0.23823318616768618
0.2788262843324362
0.35053205683999566
0.44194232023545077
0.11185149798117791
0.18926087382399737
0.2617471574881479
0.2994425169210588
0.36227820252877163
0.4296750887835372
0.12697115796262667
0.19902228899880525
0.26405856470849903
0.3021416432977889
0.36784112288465887
0.44817699323332194
0.1402703289901541
0.205518417418529
0.26345799632116007
0.30269079908294105
0.37511305146272855
0.4646862142786508
0.1543129379629723
0.2108483065391096
0.2615780240423957
0.3038835379364585
0.37993832275536077
0.4762236609124954
0.16771015980936585
0.21458724024671705
0.2591190250497499
0.3044961271371
0.3828523217666927
0.4802087894597188
0.1803121129474825
0.21780023589648492
0.2572279512168194
0.3041076869563086
0.38378052224967557
0.48050363580985345
0.19087042964712628
0.22034061502282185
0.25559098585596984
0.30369865250890793
0.3830225580341326
0.47812713430548587
0.1993620422660381
0.22152351876632592
0.2535503523608114
0.30285772190154064
0.38157271409505794
0.4742966877149761
0.20598279509690695
0.2225836713368196
0.2522620234360059
0.3015549287733494
0.3800891805481409
0.4705853119584773
0.21106157002265694
0.22391495771059297
0.25242588161798507
0.3019824385646127
0.37812041806558166
0.4660733990653668
0.2128052643357976
0.22481362885898729
0.25428226374063145
0.30210204818491765
0.3767562122604426
0.4629057664106435
0.21356432210704782
0.22603552304504956
0.2560823480411638
0.30454096286877774
0.3775715841746815
0.461588948375978
0.21101460123720883
0.22616646698747042
0.25829611422063187
0.3087110639642059
0.3808756469943658
0.4631700649579083
0.2068099604884289
0.226615730012802
0.2606584184571321
0.31257718035164017
0.3851107480843437
0.466876051637275
0.2004763427060245
0.22574927703416875
0.2634634113608109
0.31550198588092654
0.38769901822836206
0.4701756718023481
0.19196513878711216
0.22546216523962256
0.26573424476566704
0.31830032650040224
0.3902508222673818
0.4724360340146354
0.18235831630780377
0.2240646542731193
0.2678165563972238
0.31878136190035583
0.3910714410981743
0.47380377253789757
0.16959425228129035
0.21999985707568115
0.26966853205837404
0.31890794649371906
0.39050576025237205
0.47323889230028904
0.15477423151564085
0.21448321988942007
0.2699202254243988
0.31672043314079606
0.3873052266789465
0.46931432962560005
0.1383735702629064
0.20555540142271278
0.2691362618653875
0.3158697103699156
0.38266504358986714
0.46156364706614106
0.12187561611354059
0.19465670701811014
0.2665485654436368
0.3126002377517486
0.37771999637627135
0.44882843429792363
0.10365256248778086
0.17972016904459617
0.2584532391351493
0.30638526215369144
0.37610551941803544
0.4314365584762291
0.06844488684454972
0.14390633460242602
0.23355586829988212
0.2795588861522343
0.37405224390380903
0.41919512790137553
0.8377524354317233
0.9149678158320009
0.9475203497364247
0.9659024258762205
0.9800886060013257
0.9897353135513159
0.9957816059037943
1.012275095273299
1.0311656023177769
1.0485506856107834
1.0680987330085243
1.0834946711811382
1.0953946484786623
1.1009457332917496
1.1022139676959672
1.102977652192645
1.1003191410966013
1.0949308655978345
1.087734797526957
1.0786170681928102
1.0656850539181904
1.0552012013169074
1.0402692915413854
1.0211064731980886
0.7597031250878868
0.8994899408333169
0.9459984818112167
0.9711072093607334
0.9853594167333706
0.9972708275542702
1.0119160784548125
1.0286634711850566
1.050386266154647
1.0707578135355662
1.0897643030816808
1.1023484405959292
1.1095595879707343
1.1134783001115551
1.1149462740514495
1.1105590086975439
1.107325618812841
1.1005141801051805
1.0913971896181722
1.081329026725774
1.0670906452441102
1.0541816723153692
1.0384833640606403
1.0192640307033236
0.7032219002363974
0.8666785028511915
0.9305371963623151
0.9672003329229587
0.9883462385146851
1.0052777539376685
1.0251885818428759
1.048001497975805
1.0741668622143605
1.0932841599112018
1.1087631056661433
1.119737503005515
1.1240128219814238
1.1248064569615788
1.1221565379040819
1.1170887304816306
1.1109472005825438
1.1007841951033595
1.0934405100975237
1.079690349057933
1.0699260619920907
1.0562354414615263
1.0383700587040388
1.0195828607940958
0.6715720949217178
0.8305004468289755
0.9094036393024104
0.9540616952416903
0.983718735100858
1.0084863143005716
1.0393647003399602
1.06639397836374
1.0902048592298839
1.1121004388593663
1.1242383635107929
1.1318188625434222
1.134052781831245
1.1325280613771191
1.1276678846506383
1.11916573878619
1.1140882243985248
1.1028379630638252
1.0922562020178548
1.083268597727283
1.06901743390319
1.05612836608299
1.0371464099872103
1.0184480760198622
0.6490175906460874
0.7967881741663129
0.8827823432517813
0.9369713146509488
0.9780400362130784
1.011829949254606
1.0464807956040585
1.0789612442286916
1.1075394167765116
1.1272928829748983
1.135704528724627
1.1407802427069387
1.1407123957076792
1.136731113562142
1.1307277232125315
1.1235856963845654
1.1156625111293104
1.1039308126974914
1.0939704051647197
1.0830202367812933
1.0706341287677335
1.055216403756586
1.0366818176333357
1.0171498091419904
0.6308111546275603
0.7682618693485823
0.8590964415131459
0.9223590218067605
0.9699835925413692
1.0138042301932717
1.0556663558917663
1.0927522528308136
1.1176420391300783
1.1355646891606062
1.1425717497255543
1.1438118692483785
1.1411034044911676
1.1391942143579727
1.130278540617246
1.1236355941052056
1.11150006109898
1.1057128575789923
1.094034565520844
1.0823854658307066
1.0676576821982533
1.0514093570950895
1.0346624921889431
1.0172343246458533
0.6173632935885963
0.7440263688019806
0.836875392265243
0.907160649561248
0.9656471536695983
1.0160726199824228
1.0630301954883044
1.0989178886578288
1.128453532364935
1.1401466731482999
1.1455129155256667
1.14673190776397
1.143496106001315
1.1377658891835252
1.1293737088559466
1.1208219474931536
1.1129698780160167
1.103305385674893
1.0925060156223843
1.0809090262780798
1.068078142578199
1.0530655706575844
1.0348086854846936
1.0174960960052106
0.6023946883339776
0.7242099818469758
0.8204218173090737
0.8955765871943924
0.9623936011475889
1.0216228367142113
1.072604456972711
1.1089052723846735
1.1303407205317688
1.1434268511065842
1.1460775420875533
1.1454544588963602
1.1406300122364368
1.1359838713365853
1.12780618793266
1.120008898238461
1.1144308921746136
1.103717773307432
1.093378859532934
1.080875388257859
1.0664853848571136
1.0515989063976525
1.0360814160888638
1.0196635643427359
0.5909536012275586
0.7103633130155691
0.8082032716132912
0.8903175031838694
0.9628692126958052
1.0301377421817917
1.0790955360963286
1.108271972327817
1.1289485290113994
1.1395968695284404
1.1417540317443866
1.1398323457622006
1.1360960226044095
1.1304629045497732
1.1259639546219722
1.1190169159240582
1.1084170018825892
1.0974045284328173
1.0898616936951884
1.0780622536776454
1.0679173227142638
1.0537301562061088
1.0366728459802603
1.0173695542174037
0.5827886045370673
0.7004596836440506
0.8004347029048617
0.8882250569460605
0.9673219766345996
1.034301573850324
1.0829270504080555
1.111269322391009
1.1271364140302502
1.1359094916997186
1.1364148527518072
1.1356336024255744
1.1316563022364452
1.1268927177924253
1.1207954593031995
1.1126095617084455
1.1050722511817004
1.0991204721334273
1.0865289856548754
1.078358001477756
1.066296502322661
1.0527446642061087
1.0373295467885484
1.0192152553987464
0.5750165052423348
0.6933139542293713
0.7975496250377101
0.8933386611076438
0.9760243480610116
1.0418717812304803
1.0834010645006324
1.1078039822200905
1.122060551641995
1.1290208736055998
1.1303003663213143
1.1281149037171252
1.1252482379141089
1.1219415606003873
1.1152491625838679
1.110284929882544
1.1025842207329009
1.0962627291328089
1.0860907283861478
1.0762694666637949
1.0663081438405966
1.054244923313836
1.039234106097952
1.0224676172934046
0.5702104620890754
0.6915492107003973
0.7994890601026284
0.900410306967566
0.9849363802481618
1.0454398623208216
1.0848857997089312
1.106525682127943
1.1160194571965516
1.1201606631444727
1.1224187988451166
1.1209252571768145
1.1190316345158866
1.1139274670690955
1.110859811000802
1.1035826044398196
1.097984228245367
1.0922257522560062
1.0849153676780798
1.076898210369527
1.0643774023955779
1.0547520968872284
1.040824651198392
1.0245875018861355
0.569239341623001
0.6936822182237329
0.8057259095893916
0.9120049503330109
0.9948880961353279
1.0481080503284343
1.0828097520644009
1.0996687455926382
1.1100463578957056
1.111832989963208
1.1151539282239882
1.1130490551676675
1.1118602457830176
1.108166096895174
1.105093764000398
1.0992197588146249
1.093891736801868
1.0892955604450263
1.0835615416542672
1.0754250350947134
1.067718627724606
1.055451287217736
1.0423263528766533
1.0260322598917762
0.5724914697646811
0.6985605090042065
0.81955115365227
0.9262844768278765
1.0025323914763662
1.0523351666225125
1.0763481206784815
1.0944038179698383
1.1017727301261075
1.1050538573264796
1.1087143566129467
1.1063942578896315
1.1052184755482877
1.1015108656260413
1.0993295957553537
1.096381881287457
1.0904389665725163
1.0850943670146769
1.0819710178225277
1.0737431679599074
1.06558058131871
1.0564159359112468
1.0419177968671713
1.0296621489512559
0.57741442625642
0.7061678282402573
0.8341504498320721
0.9394828838574991
1.0070472780861799
1.0474302166804077
1.0715651712437186
1.0864836084785725
1.0925017171053129
1.0948652098596072
1.0977094661529814
1.0988862207320846
1.0980793402151818
1.0982865981100969
1.0941611399388649
1.0929312552119468
1.0872347822775759
1.0851160405324904
1.0810654685105283
1.0751010778756172
1.0686346196806389
1.058196054299361
1.0461731460326096
1.03201837773822
0.5841011046621504
0.7219330303650549
0.8564689580028181
0.9527275446268729
1.0131343470870264
1.047042417586519
1.0670689794162027
1.0772615802117298
1.0871360781235833
1.089754643984747
1.0919687398750981
1.092113243588428
1.0926606922388393
1.0898088944217785
1.090468102948405
1.089386578774375
1.0862405148002763
1.0818378115265725
1.0803677224119312
1.0730261811583368
1.0668441857110553
1.0578903331146186
1.0443287255906366
1.0317470431498512
0.5933293789542247
0.7444795677301013
0.8784860805811006
0.9650224574432099
1.0136792715139449
1.0419388790757738
1.0603545190373755
1.072939027242562
1.0791876622399548
1.0812679951896997
1.0837645866824568
1.0854526863396499
1.087924198313879
1.0857220522905668
1.084768823512421
1.085782918218378
1.084519448365587
1.0812406336733373
1.077725204007438
1.0728618517556305
1.0652653853677168
1.0567162146342413
1.0443821831398437
1.0294422676580754
0.6042168427453741
0.7702944548838838
0.9006685203561144
0.9757202074885393
1.0157548924270103
1.0409188183779094
1.0551864023383326
1.062724841156627
1.0701143894551852
1.0735741407338144
1.0760140739424262
1.0811904480186163
1.0806704647688117
1.080915478906813
1.0820004217982424
1.0834459002638261
1.0812124131216088
1.0790465376355822
1.0753040216124339
1.073695177495707
1.0667557717007459
1.0562150786036935
1.0436807995773987
1.0304306799421807
0.6170395409828265
0.8016278420272369
0.9205721798359198
0.9794295739205016
1.0129824604010094
1.0314551219252275
1.045310800470972
1.0558392442747382
1.0636452359528583
1.065013552437489
1.0700250190454217
1.0736248581212724
1.0748973382474658
1.0769666461734633
1.081456389116499
1.0806566204034838
1.0792635633288339
1.078476079561316
1.0767334086113287
1.0720695470837505
1.0664291800030967
1.056329775812204
1.0421788415844648
1.0270775912223098
0.6342243556116313
0.8345734269772324
0.933340422769502
0.9829570128265043
1.0111973322258248
1.0261775949172989
1.037613327299153
1.0461385369081888
1.0525518188811231
1.05699626302212
1.063782287726837
1.0651936157526138
1.0716124992950145
1.075080822954875
1.0770543646968178
1.080661754169603
1.0777551261631149
1.0750821042168213
1.0752208547019302
1.068111397246808
1.0632482497284936
1.0544667393129303
1.0415459934522804
1.02548176943708
0.6616160460747803
0.8655803656996256
0.941988721049318
0.9780396284433691
1.0029172182085375
1.0187144152345373
1.029681345751664
1.035997182808065
1.0442027510701652
1.0503105013261558
1.0577656870174812
1.062859068911158
1.0671841528959654
1.0719215382315028
1.0738312414746962
1.0735468913262898
1.0754831679191605
1.074559715161495
1.0740228264731295
1.0658269475385833
1.0619415269565124
1.0516653548826767
1.0389293362656886
1.0235429525560458
0.7023879555222772
0.8865858301908968
0.9461570770105933
0.976279848428626
0.9961839258870756
1.0091064868098825
1.0195465471304064
1.0272708730184414
1.035319598032683
1.04305230744623
1.0521640970095358
1.0572350406743924
1.0628019491927982
1.0687311388590317
1.0704052613588644
1.0725490393123915
1.0757536518777584
1.0726839304580098
1.071217598560243
1.0655686137091063
1.0584227483458197
1.0491862928371545
1.0374338136141537
1.022539834010734
0.7599171445033805
0.8972884830455976
0.9421978039427225
0.9682920478225642
0.987371002006874
0.997053613185118
1.0098494889005118
1.017511465867754
1.024713647868576
1.03633799346638
1.045011978450308
1.0538252363574405
1.062777620136031
1.0656846286332269
1.0668186439989347
1.071635281778979
1.0699159398223808
1.0700680067033363
1.0668826613983913
1.0622056250510614
1.0539357534043883
1.0444443167807702
1.0326071268193657
1.0207759006770103
0.8167735012561879
0.8946744896256404
0.9303552079550738
0.956775476903443
0.9751012715485249
0.9873165728162917
0.9970573218871511
1.0100316949157537
1.0200217493583539
1.0313636278302856
1.0423483048987003
1.0494916385138542
1.058816190210567
1.0645697626014652
1.0656864829189239
1.0691518226969678
1.0701946215642069
1.06685575828008
1.0639435325968063
1.0583417272634266
1.0518711051622385
1.0428977276255902
1.0321629671610117
1.0173443763880965
0.06426286342883696
0.12690660467933676
0.20340241956189936
0.2587357239905697
0.3241662518266411
0.44572907357023994
0.08991833091134273
0.15449645875371004
0.22545789632271993
0.2746744615967368
0.3335279610614518
0.4020724547586056
0.1024338973233501
0.16595110183415965
0.23068366184452285
0.2766824884713271
0.33453980523731675
0.3990410565739472
0.11377340760144501
0.17484466697594458
0.2333428304283899
0.27623462211047656
0.33205119909655395
0.3991898193808895
0.12542980531044143
0.1819740140753225
0.23376897249233444
0.2746696067848149
0.3292177730819068
0.3937930257179958
0.13651046946069786
0.18745036313266372
0.23423501771594854
0.2735612335814825
0.32545117156136905
0.3868935468851256
0.1466186169010479
0.19143340180019522
0.23437201687935486
0.2716707291494943
0.3213077862230376
0.37843474864535454
0.15485406837460658
0.19423426450974787
0.23303372949718973
0.2693751029520857
0.31646658597835314
0.3700357207168745
0.16117047649862243
0.19627145100339943
0.2327766377762093
0.26858068436155247
0.3132406228030124
0.3636101308162205
0.16655590540713322
0.1975037264771327
0.2329666440867391
0.26800334579164353
0.3112940682921166
0.3598874213306145
0.1698114256516958
0.19873864373951874
0.2342684659885284
0.2690015163979213
0.31177898681672983
0.3591453167677767
0.1719311808890218
0.19977157691235925
0.23526726125917283
0.2716213163093789
0.3152646853581227
0.36142392441565135
0.17221018898791654
0.20049387955033346
0.23755398919236326
0.2758871279988282
0.3195979247536199
0.3663870203302942
0.1703596656185901
0.20094135116632386
0.2395957685738853
0.2800282030193386
0.3260481781475935
0.37412097157049734
0.16750171763044044
0.1999959685724874
0.24175952342720672
0.28427041289588423
0.33324255620310134
0.3819649750636372
0.16248444424416517
0.19894094769405918
0.24332686266714526
0.28905200816517823
0.34032854424021275
0.39089366495134215
0.156042031266009
0.196734594447193
0.24426743305008872
0.29310253152913684
0.3475306312255265
0.40087373845401647
0.14804749937289946
0.1938975873275847
0.24517441992903535
0.2951935096217517
0.3530701481918278
0.4099325166574526
0.1377614754255209
0.18942082580673944
0.24458255067527573
0.29681408271188126
0.35804697749642145
0.4172841045901111
0.12581687126681065
0.18242136966764047
0.24197309201073122
0.29557692429651483
0.3599656923092345
0.42419172745975914
0.11198858792758758
0.1721675115187085
0.23858564427488288
0.293069227673066
0.3611644114129083
0.4281045534073226
0.09823466024909897
0.1601774136890501
0.23159182414037252
0.2880608827965039
0.3591998100498539
0.4290764979765077
0.08359074092136469
0.1451012738833319
0.2213296386563692
0.27899686664988055
0.35478236351688913
0.4274684671654219
0.05779937909295875
0.1145402678564339
0.19414771159390362
0.2533655319369307
0.3410556974016667
0.43879158072518615
0.7795658942369473
0.8676892436132121
0.9121023198935231
0.9408772451414822
0.9583952191552736
0.9748158987346247
0.9858426176895168
0.9985573783610998
1.0123419597075258
1.0263531359493576
1.0398649649001015
1.0473752199594266
1.0541211229056828
1.059489752562976
1.0677699966165948
1.0672550033833728
1.0658679626256093
1.0628596611289212
1.0607787995685214
1.0550303219449997
1.049475785202415
1.03959299985436
1.0290549996655733
1.0178102795170758
0.6658314395965503
0.8140527825719709
0.8800406093758842
0.9174666512014942
0.940684099839731
0.9574810032340985
0.9728266470109186
0.9895379251283272
1.0063031458855984
1.0223616368214767
1.0346290870839474
1.044104570019108
1.0515463299745418
1.058509929460591
1.061096110050515
1.063502458575856
1.0617223316302085
1.0609237251225676
1.0562112725239616
1.051344023148989
1.0440672005665415
1.0346527266526582
1.0246454115590888
1.0129421914644332
0.593877935072343
0.7500206619456786
0.8339071161335524
0.8821689528575501
0.9147315971512298
0.9369432442099589
0.958542447305094
0.9788627366903259
0.9996376137116851
1.0155088756535338
1.0288609777487039
1.0394786179900406
1.0482436252621943
1.0537069931792364
1.0576965986216047
1.0579721179621853
1.0564165654750217
1.0548025102125191
1.0502049566302913
1.0450517269876258
1.038332068564473
1.0301959403475198
1.0196157579552185
1.0120788950397004
0.5485975241848858
0.6900528058844759
0.7793230938740403
0.8382508638891909
0.8791663374988208
0.9089654778202492
0.9381899261761869
0.9642828975890495
0.9888947109283973
1.0079612878182136
1.0227704979535577
1.0356413150641501
1.0421449523140016
1.0473784023896249
1.051650453105269
1.0506574072661845
1.0488962191930815
1.0466941349319523
1.0441573982931578
1.0404781766218734
1.0323199257039717
1.0241067450361665
1.0153136787265948
1.003085463101887
0.5149020318940246
0.6400375621360113
0.7281110226523202
0.7935146673120456
0.8388989453174588
0.8793552427305265
0.9166458469294769
0.9485690610696129
0.9732472141314791
0.9959528599346125
1.0117851276722658
1.0235245489903155
1.03197016725668
1.036311392226373
1.037245577632406
1.0394639528164658
1.0389339357174876
1.0372553059870804
1.0326321035814516
1.0304795316402786
1.0258671203387324
1.0182696411886814
1.007545634384528
0.9987880877498031
0.48778556321988237
0.5964734649811807
0.6849853692225064
0.7515183787847539
0.8024907573895841
0.8495194049341894
0.8902641483803869
0.9282116415556276
0.9561066909386081
0.9822440040173455
0.9976682053528384
1.0101588128066152
1.0193890440141549
1.023305020936505
1.0263816844110503
1.0280048989366124
1.028781523188415
1.027542651616717
1.0236404524018032
1.0198777638692982
1.0159123677158988
1.0081618029306119
1.0012867284975764
0.9910228608391851
0.46652980729345056
0.5626120226141489
0.6455613810349309
0.7140676570841419
0.7714658083136006
0.8234525582896566
0.8704192656165127
0.9110999089003332
0.9442901470875947
0.9669789087335664
0.9840817513756024
0.9949364317948438
1.0037992261695319
1.0088746668947726
1.0136796129054222
1.0166400680976175
1.0145340294654586
1.0163559546472745
1.0139872174048246
1.0099946058527642
1.0065230463863775
1.000353180985609
0.9939424856505821
0.9858353178746476
0.44783976704349354
0.5358640299116391
0.6146432504880244
0.6828531073603044
0.7453178440909677
0.8039269653610948
0.8551550894728449
0.8989638609674323
0.9276303134690016
0.950726117931153
0.9696796170753348
0.9808758885331742
0.9869130340683685
0.9956499279837145
0.999715983405319
1.0039490638485957
1.0040674551925308
1.0056912144747165
1.005305132499717
1.0021825100095925
0.9971706333838003
0.9933667290176228
0.9857462557947895
0.9813743761324835
0.4319822526847532
0.5135429570914487
0.591107223131489
0.6593409033011295
0.7275467380846488
0.7924945759587239
0.8462789324795362
0.8875552688711589
0.9182947731308917
0.9404711846205406
0.9551088587908279
0.9671190072842908
0.9750713678170023
0.9844871779608256
0.9874577747868934
0.9917625446301602
0.9930398213058401
0.9960425633387865
0.9947620187145052
0.9953598607455123
0.9941909453427477
0.9881956126392385
0.9810749669165324
0.9762101642705989
0.4242526569312357
0.500070558583429
0.5735952045403923
0.6442672674101846
0.7201178284528625
0.7876821980388597
0.8411588787275434
0.88094597048532
0.9100778424518213
0.9308554032759309
0.9463552812037674
0.9555232361775049
0.9689241984856898
0.9756409972717645
0.9781272112300095
0.9821950269858046
0.9857350361072384
0.9864227690606564
0.98833825252168
0.989946366243646
0.9887605740868511
0.9859636953914213
0.9797998973934587
0.9758354464171491
0.42176320593140526
0.49381977071486743
0.5676711341250748
0.6442741355290256
0.7206134824257346
0.7893429838713935
0.8409792145673226
0.8790923470161361
0.9042625177410386
0.9244540081479904
0.9386414310831996
0.9503893966078655
0.9599803902690057
0.9683183716378394
0.9732240769103663
0.9780641442205859
0.9800517006054739
0.9847952883730365
0.9861188320775346
0.985342171091041
0.9859185591039701
0.986225183029676
0.9820189201693159
0.9770167277880706
0.4225781224125627
0.4953925385014898
0.5694083159077208
0.6525661576967116
0.7336330943831441
0.798684404836618
0.8470947443205932
0.8781818174433287
0.9028191026202739
0.9215367250334535
0.9351829104217243
0.945983539952407
0.9574436097598025
0.9648807255496442
0.9715257954703039
0.976498127277518
0.9794623173024363
0.9823295282474358
0.9852953314091119
0.9875670824464299
0.98845652502226
0.989786277471906
0.9866254928326235
0.9838045997780281
0.4261794561879221
0.49978397976038985
0.579497615229957
0.6710375001964997
0.7500512815935487
0.8100196138118132
0.8536312806128247
0.8825943999497919
0.9045066012025353
0.9223338110470113
0.9374209378626579
0.9467438774311192
0.957004542265712
0.9635526541243689
0.9718351674986643
0.9768614392965427
0.9812683681503991
0.9845102429078213
0.9863213385757247
0.9919395105274597
0.9927566547069182
0.9960961217097352
0.9933819209568896
0.9904203413567063
0.4341773386018084
0.5083297081375887
0.5975398492134149
0.6927988870053222
0.7707795940955771
0.8237336581303302
0.8623096033730335
0.8917034939401665
0.91032612230236
0.9254809585905284
0.9391610057820633
0.9498816687134859
0.9606667484619417
0.9687139152809852
0.97515601770461
0.9785474671398428
0.985154252623023
0.9926906918388864
0.9959045376679645
1.0015439665503212
1.0039357813253094
1.0029607171414703
0.9996655369727847
0.9973328015238632
0.4452871737726258
0.5242811766811557
0.6223223627297015
0.7200932112155581
0.7919195792158504
0.8386643268862455
0.8710898967898083
0.8967363768065149
0.9149246578098049
0.931385357680661
0.9472200415686202
0.9567997207860388
0.9672463206758195
0.9726751641977535
0.9816243038564989
0.9905597154133058
0.9939812734340221
1.0003554545074045
1.0056972875319876
1.0105205637870776
1.0122360352027502
1.0137969955325676
1.0100358862193448
1.0051511756714868
0.4571631541408555
0.5462936801646223
0.6548840420854439
0.7495158782785053
0.8111705372659964
0.8522937369633814
0.8821751878642594
0.9055926880106527
0.925222120545598
0.9400047388026356
0.9510735959886147
0.9646639819153837
0.9743291827240894
0.9824105230648216
0.9910934282835224
0.9979669037998153
1.006684349618831
1.0126303517176103
1.0175438631252287
1.0221242482064294
1.0252199929202859
1.0247490319433994
1.0186763713327471
1.0129022671370802
0.47141878485172195
0.5774115395593137
0.6937998359425489
0.7782539790774313
0.8304247643090945
0.8655794446931836
0.8921140775242997
0.9121467494580864
0.9311379575474428
0.9490207656564118
0.9625603507815557
0.9725456028516297
0.9834468607063417
0.9940319790409073
1.003731377463766
1.010591271181947
1.0172885470637776
1.0238853492901314
1.0304066235194036
1.031513986739136
1.0349988900962244
1.0337568141763867
1.0257236102068272
1.0218164729414256
0.4889377901105615
0.6154424232778333
0.7355560985233126
0.8079671472161464
0.8520445922949418
0.8813413354348872
0.9044987199830674
0.9244527135974695
0.9422341742278175
0.9559894109191528
0.9705117719443103
0.9817078294117373
0.9931598370987894
1.0057378569923787
1.015239130568264
1.0240759297909199
1.03242922077815
1.037335609860036
1.041356684632081
1.0446387420882333
1.0437706913335738
1.0408878166263844
1.0321777856612837
1.0277860506840295
0.5106282054685974
0.6624559691776893
0.7755266272264965
0.8370785722816445
0.872416837739831
0.8967190211707339
0.9175974245950681
0.9354058142960622
0.951885479888607
0.9690797048052854
0.9816037606220457
0.9946032876293291
1.0067843244343362
1.018656384380831
1.029069889859062
1.0371886598787647
1.0448122795580075
1.0496859752839565
1.0535493716812037
1.0534809806213212
1.0528497835598287
1.0459403010658137
1.0392321697194578
1.0310447511134841
0.5384144525746062
0.7159398876346703
0.8141242993110162
0.8621500637343172
0.8920240454636024
0.915231547523539
0.931546748363374
0.9501373862859843
0.9643874335605367
0.9803715948972456
0.9928758299941802
1.0086470783697847
1.0212327315706153
1.0317469095418843
1.0423876419792906
1.0513678738453316
1.0579828356840746
1.0601679340848755
1.0626835015700458
1.059727635094096
1.0577589169812809
1.0511352669593172
1.0429659806672997
1.0312864044255956
0.58039170231481
0.7713444563166386
0.84935429490569
0.888019461586994
0.9115456290548865
0.9324101701358191
0.9483493964664487
0.9644852484262939
0.9785616897576735
0.992363237704046
1.0082478518967795
1.0233551754835828
1.035823648221262
1.0478643733134352
1.0550754656588661
1.0618865771741441
1.067454261143102
1.069748956754413
1.0701135885907214
1.0681847264877962
1.0630653419213558
1.0541877729147078
1.0428151357138893
1.0322571018453155
0.6400520391141126
0.8202402665858867
0.8823062642382067
0.9108041057245928
0.9347662565023251
0.9485618562803477
0.9669653289396289
0.9804818139953351
0.9957378328697847
1.008952139891288
1.0224055949515063
1.03765144954158
1.050027256297875
1.0606929395280509
1.068690422097343
1.0755926985038433
1.0766948016061209
1.0776107534356645
1.0746257361573506
1.0723222062030457
1.065265880248911
1.0572617486806533
1.042860358610015
1.030457342864336
0.7250954141163393
0.8619271391682798
0.9074423440191974
0.9329909075984011
0.9528435059447933
0.9664386912470698
0.984125511822127
0.9992644329975438
1.011773947050374
1.0272289037257827
1.0425536006284548
1.0539003927505013
1.0633003081880135
1.0732629896227008
1.0798305707647722
1.0838485662099413
1.0862337114309384
1.0821854198384129
1.0794148790830345
1.0764406500927088
1.0657986642290551
1.0564081525108635
1.041678399068705
1.0277629472489709
0.821725259107795
0.8942543797994728
0.9281770936155257
0.951892602343737
0.9708267432344299
0.9865681876178628
1.000889432011654
1.014678721008233
1.027424787580068
1.0433745796916316
1.05793442086597
1.0707662031117275
1.0782134844836884
1.0849585572806888
1.0892514039565615
1.0909861675246433
1.0919410786474717
1.0865166061890805
1.0833460630080627
1.0745917904220181
1.0660577744161799
1.0540253352048077
1.0405475068346592
1.0242394014743899
0.08314641160964524
0.1714244194642701
0.25910581198622384
0.3005455168652959
0.3702417802413603
0.4498388554293948
0.1198256591947549
0.20632017842407235
0.2813361321784512
0.3183195602493232
0.37842717092691436
0.4383480976276855
0.1377580088712232
0.21657611855592535
0.2823607525102395
0.319287405889286
0.3812147829507817
0.4546188471315405
0.1528892640023262
0.22266295886467108
0.279542799379578
0.31783089328934216
0.3851763398679339
0.47006774078344227
0.1687597407681063
0.2269024150954304
0.2766575770480864
0.31645223242877907
0.38836023987696927
0.4806247344853412
0.18283889156709343
0.2310002462369991
0.27265522533967873
0.3141547262759409
0.388896447519813
0.4824585741351108
0.19640028799218745
0.2332594944074782
0.26915412756580676
0.31252734987240666
0.3878791311643293
0.48205771080913873
0.20776468426994543
0.2348927217170317
0.2666067623361406
0.311040623714061
0.38520968020554713
0.47935848341479853
0.2166515562660112
0.23599402905230993
0.264134906843506
0.3092532683786346
0.38265161893702304
0.47225699569197593
0.22410429788202504
0.23725917225889886
0.26215708624584605
0.30663748463771096
0.3799956364373867
0.4681976933011535
0.22976952836944778
0.2380346746765921
0.26207798678251515
0.3051190018546287
0.37661694761396214
0.4642251450381942
0.23247834431325534
0.23843794397208148
0.2629349852711
0.3056998242347568
0.3756296203039682
0.4620547392587103
0.23227942437207566
0.23998244135989227
0.2650811579511019
0.3085341804286522
0.3775477898095827
0.4629764043264453
0.2300052078549731
0.2401752689865489
0.2673592669627724
0.3121344128355299
0.3826021718715453
0.4667134395740887
0.2249659999098524
0.2394177186160573
0.2696660298030137
0.3162983063561869
0.38701501622734025
0.4715942035295198
0.21784944033930811
0.23955039417076684
0.2732571255203102
0.3208749947934495
0.3918048773385923
0.4757038271318167
0.20870302863794324
0.23911343845301042
0.2768802099271861
0.3241311659434023
0.3943797252006537
0.48045120137806435
0.19764493384307083
0.23758095958392705
0.2790036351586587
0.3270795424249755
0.39738508604317085
0.4816538979842723
0.18443385088655623
0.23425811252103132
0.2813371161048194
0.3286538854615965
0.3976665596825357
0.4808715020056615
0.16904558963880778
0.22927412756671633
0.28385145342586815
0.32830404329898416
0.3965593196086229
0.4776650692901578
0.15098045425455928
0.22179497710256596
0.28388762264376183
0.3279961927082972
0.3934082174802078
0.471136777033037
0.1334672287924707
0.20995451713972293
0.2819537324256605
0.32744569300090753
0.38902784584197814
0.4577610309262968
0.11380436094437123
0.1951879703862621
0.2753770265821755
0.32209822084569956
0.386879505620158
0.44028382510351166
0.07563214542217514
0.15590202849218793
0.24846165861400685
0.2960313456464
0.38281816195388046
0.4282714227932745
0.8330136509706156
0.9073991744490906
0.9441120834813879
0.9686771923089793
0.9888288344546847
1.0038658022886708
1.0195236322588461
1.0334205027212107
1.0490340653485835
1.062288260386504
1.0756557969580962
1.0856754513377567
1.0924441858711342
1.0964570227870463
1.0984571276723702
1.0970985309718706
1.094282768172204
1.0883360782272027
1.0840539069593875
1.074853471541342
1.0651895697667053
1.052056279098794
1.0389806577384582
1.020238130878886
0.7566790093023963
0.8934650010999153
0.9465586203146208
0.9759615134962694
1.0003470626369122
1.0187919783100952
1.0356185407953162
1.0523535396660288
1.0662619522538954
1.0807883993498149
1.092685576543638
1.1000476246215456
1.1033894414852021
1.1068209262234767
1.1043297431754717
1.1034062652962415
1.0989705210386933
1.092163286373366
1.0843659094542457
1.0759609209653573
1.0629845888179181
1.0511585698069907
1.034142197449992
1.0180379758377258
0.7029047280899026
0.864676507788979
0.934341694216136
0.9775892660975637
1.007042310081348
1.0299702852067534
1.0497422923195068
1.067631065922358
1.0829829631293872
1.0976149519224068
1.1076055275342678
1.1106010412768312
1.1164927860225302
1.1149916334993852
1.1117497870360216
1.108366667999987
1.1003387780650227
1.092927344074469
1.0833910032041534
1.0745546524093725
1.0649382790460955
1.0500616841110195
1.0327572297720462
1.014457684321798
0.6694596565254162
0.8316621059502974
0.9162317927425015
0.9714987279248641
1.007362173180522
1.0369277656058205
1.060398237088321
1.0809345242057435
1.0978450563185904
1.1086790222034055
1.1185448065018986
1.1213626892377524
1.1220859699510632
1.1201455016029493
1.1169549820315878
1.1114552764042538
1.1037899035034942
1.0945773994352306
1.0871325938420222
1.0738430731726847
1.0610604000028077
1.0481777886222057
1.0317795943962342
1.0138544409016181
0.6489540735577385
0.7999275715367993
0.896448397430915
0.9617607677216798
1.0052538170784935
1.0388779691806829
1.0654143738387998
1.0894117524205758
1.1071147803664074
1.1197809517995279
1.1275723139086336
1.1271909131292652
1.127616689238725
1.1247075128974438
1.1180905841403128
1.1117376043684895
1.1045459880254576
1.0949158458638306
1.0846602272001042
1.0744034777849345
1.0610950104906125
1.049696288161851
1.0311618479461329
1.0099861383810398
0.6320132786422284
0.7744408149881006
0.8765126477064893
0.9472619979505232
0.9980675109698952
1.0378594162148662
1.0711428783791623
1.0962580782377838
1.114835511973807
1.124648096202938
1.1320057723750678
1.1322854240867624
1.1303852820494875
1.1241074530354422
1.1192987992488825
1.1116753956538528
1.1051729094036322
1.0951849116743961
1.083953180721231
1.0728003384491032
1.06138372782641
1.0473788637444907
1.0292477621608136
1.0092637191974796
0.6182756475067702
0.7549069088645675
0.8587438267298538
0.9353644235858155
0.9922628813834415
1.037627952494751
1.0737274247032766
1.1009006825072531
1.1160035612444323
1.1267323947167562
1.1303467216801584
1.1314823513223573
1.12969689992125
1.1246519050486417
1.1170574454623747
1.110629618468754
1.103787170433784
1.0949024966565766
1.082912803347651
1.073489280899464
1.060420382337482
1.0478785958377705
1.0285710242152117
1.0114645077822115
0.6058130394066981
0.7374261990283799
0.844392700045304
0.9242263936941504
0.9860898077645494
1.0350900231798073
1.074524952807156
1.0995818943952194
1.1180045781211103
1.1284816832158961
1.1308396225894153
1.1310234157827461
1.1301486147411208
1.1240302496670511
1.1180013763974386
1.110717915855116
1.102531360839446
1.0932147712596425
1.0837297547000908
1.0722695502228172
1.0578461585135175
1.0452080177560068
1.0288792361640287
1.0114015906883205
0.5940097812689823
0.7251492853228358
0.8322689657489544
0.9136081412488002
0.9818643851113876
1.0356480849510847
1.0773709150270436
1.1032640438506967
1.118829438742789
1.1264355672331097
1.1296085041243902
1.1272717516363797
1.125866152168435
1.1213234819201499
1.1157746830520279
1.106772308738246
1.1009631379085167
1.0924704415443267
1.0841234200302374
1.0710378793760047
1.061629113410028
1.044180616741234
1.0287107226588827
1.0125465021489921
0.5862528021580193
0.717032845235629
0.8264805094064176
0.9108217442568316
0.980709089537586
1.0387125308635623
1.0766151972939748
1.1010432943483168
1.1159460005489725
1.1210595407473518
1.1244835424726092
1.1226499794017413
1.1216097610651488
1.11619388453373
1.1131443231551394
1.1064363787096656
1.0995120257369777
1.0885680985572688
1.0818275613326669
1.0714766487792184
1.0604266421928192
1.0459352855956627
1.0315327046282639
1.0154158970954963
0.5811606629094138
0.7124492351859057
0.8202472090912188
0.911437902093903
0.986329907947453
1.0398187643681531
1.0785644683565148
1.1009772774330484
1.1129362268254113
1.1190099713270905
1.1184216093992105
1.1184467290702784
1.1162309721889356
1.1122981385352337
1.1076732063306258
1.10326669166806
1.0954350829530086
1.0864803818482325
1.0771315282101537
1.0684195635582772
1.0573668831596181
1.047199597757681
1.0312291648705552
1.0173877695621159
0.5793936786088568
0.7110848830061788
0.8214632018728985
0.9158082771664869
0.9885286344511193
1.0444358537727636
1.0767744229902534
1.09541786433792
1.1064283498644893
1.111773486661159
1.1142564444685779
1.1139495868488714
1.1113208950942102
1.1078321209162245
1.1040719669098382
1.0988016719234648
1.0929665398182733
1.084719907166722
1.075837859274067
1.067845663120791
1.060137698952424
1.0487311018181091
1.0341024302856392
1.019734695035598
0.5802875633061108
0.7134757314659713
0.8261092263444201
0.9226392524358834
0.9959517274608511
1.0425371040419766
1.073658021527347
1.0920489204028878
1.1010261743831449
1.1050543938022652
1.107932519493567
1.1073829723195845
1.1056165758766388
1.1009813873615826
1.0988360134266542
1.0936217449158998
1.0892233572132946
1.0820204569222727
1.0763023339569482
1.0691453893155853
1.0594482847722104
1.0486473460246937
1.037065701470151
1.0247299126830787
0.584542767804383
0.7170656481942463
0.8338059396119881
0.930970285651309
1.0004403212885942
1.0455505605639053
1.0723787364925161
1.0871413695575807
1.0956434888970963
1.1006277390305494
1.098895742502728
1.101024300538064
1.0998588374803822
1.0971462943519843
1.0949097527154283
1.0903596971293599
1.0851549802804266
1.079539932950339
1.0730766371220228
1.0682475167879655
1.0617233989794583
1.0514035815835012
1.039566190456443
1.0254484653113372
0.5917133867231609
0.7256519642626795
0.8477099271546475
0.9437487412219808
1.0082305464792598
1.04678620981721
1.064792728812949
1.0795666905007952
1.0879412785309808
1.0938046541396984
1.0939967771360142
1.0953357679119313
1.0936030150969454
1.0901530067068927
1.0874507062241527
1.0865760832408173
1.0818054872045308
1.08020389127313
1.075633767253819
1.069153052473656
1.0622841215266734
1.0539425790284724
1.0411276851530906
1.027216050970304
0.6000675093649487
0.7412419001969963
0.8631528201805432
0.9565547930159932
1.0106991086111063
1.043919422701262
1.06171000098188
1.072905228311596
1.0806769633161795
1.087170256299461
1.089262552779851
1.08702000537041
1.0867599141565516
1.0852693569074612
1.0836571900532723
1.0845994216478818
1.0817670034164313
1.0780817619222771
1.0769102519488782
1.07134942764894
1.0645333565331685
1.0555043221223614
1.0441546557232455
1.0287175227789729
0.6085536749075583
0.7598095216311951
0.88459042744262
0.9659750084858563
1.0115791919301784
1.0396892850037516
1.0569812135800094
1.0674734441262352
1.0758730085599906
1.079684435339462
1.0813163334791125
1.0823139585665915
1.0820278161106376
1.0821086051680864
1.0814817450407435
1.0828904586599652
1.084630405311613
1.0799913386262865
1.076164398889251
1.0724510201526074
1.0667247222264742
1.0571602232780855
1.0441864179031373
1.030922061834509
0.6194718664296862
0.7814753671595075
0.904039579937978
0.9727263518359953
1.0110164315207166
1.036479734690948
1.05064316272829
1.059918654189905
1.0668735971567347
1.0720974346595502
1.0764819674313115
1.0765436997052247
1.0787295908047185
1.0796739755805596
1.080741130318616
1.081593827098182
1.0808714650790439
1.0795268986511375
1.077724429315298
1.0740473146826817
1.0681484945983357
1.0578897668665486
1.0447035145433123
1.0325470663456342
0.6325638831917958
0.8097663042260681
0.9214612235387069
0.9766192871260247
1.0106861256566517
1.0313449428207784
1.0443987799466237
1.0512208143906308
1.0597805634061104
1.0645017662628646
1.0660506926741569
1.0708709846010163
1.0738031662764946
1.0746676110999298
1.077423998613067
1.0802577301340308
1.0786584190474293
1.079630408701386
1.0767609145797024
1.0730182877705936
1.0651989179412695
1.056806562393435
1.0452967594724056
1.0303268204849436
0.6498945437825242
0.8382849970282363
0.9324734124725486
0.9793967111105042
1.0059955030224113
1.0227576186282061
1.0350928587461417
1.045561024614836
1.0513345670239467
1.0555207217875795
1.0604637477380814
1.0649955928572812
1.0709267507469775
1.0746643151249922
1.0749007353717657
1.079392984704777
1.079795725164925
1.0800349261266462
1.0792388093056042
1.0758292730276846
1.0674607257545796
1.0589702958043734
1.045293058643094
1.0295166085704326
0.672393144138327
0.8667018270710991
0.942444262742714
0.9811105436221571
1.0012457131347627
1.0181539611820132
1.0277609217740922
1.0358319584404103
1.044026236905251
1.048859982190511
1.056678628311464
1.0624671733575395
1.0675739964731095
1.0717027251270648
1.077034687773237
1.0796624719149897
1.0819695747619067
1.0801137398207383
1.0786918977655828
1.072542137720502
1.0649290804992755
1.0548824165077841
1.045178565222197
1.0286100195994068
0.7107303663145248
0.8875472766826495
0.9452036117549509
0.9775184014127377
0.9953002369632243
1.0094109939425395
1.019762177112474
1.0280588871813097
1.0340034516204795
1.0423139711630858
1.0511274897623435
1.0581796211872305
1.0662160795405706
1.0711301762125125
1.0771768147081815
1.0760700195082893
1.0800169508933037
1.0794888840681307
1.076296036413056
1.0726644048303113
1.064239642808543
1.055471528999694
1.0436784450836165
1.027536917731158
0.7640190428955309
0.8986143498019962
0.943999631862564
0.969422379813618
0.9863742783073746
0.9998810794406855
1.0095535431546532
1.0197857947516022
1.0287991909099856
1.0364005206476177
1.047741046024365
1.0579769070266647
1.06512346765408
1.0713071559853495
1.0742368514001526
1.0777201510570953
1.0806853356886774
1.0771590488391465
1.0760306557703987
1.0708198856241948
1.0611867420996017
1.0529865267578955
1.0418077668215477
1.0274295758368879
0.8162855261816816
0.8962353665715683
0.9334905147154162
0.9584874637005483
0.9773788532163507
0.9906788528991411
1.000300432210775
1.009362279898737
1.0241083118950352
1.0333737643533443
1.0450521788814635
1.055413552284464
1.064901153961928
1.0723925278001687
1.0752610112904835
1.076930227732847
1.0779847165847178
1.076514825339084
1.0748184519032442
1.0677579011686757
1.0611198686905696
1.0506382299533796
1.0400012470469022
1.0241176971906236
0.06281194005466713
0.12335933894351382
0.2016038063038543
0.25526515555953494
0.32329582793416467
0.44468198516386953
0.08703668564006298
0.15212666261793278
0.22460129648634033
0.2725012361993269
0.3319758833525376
0.40205802222226295
0.09922476334837539
0.16390042497922816
0.22993854361157956
0.2746531907523385
0.33335264692479744
0.3985705560918257
0.11031191133339463
0.17309083061869052
0.2318563330937598
0.27510339070223033
0.3313456700083538
0.3963561064245178
0.12263707524263369
0.18055966766327194
0.23283842130320126
0.2734453509389655
0.32800003265125033
0.39241132840181364
0.13424767497468276
0.185816430948505
0.23322347547816039
0.27228235568868553
0.3225594261150049
0.3842142832501945
0.14454983417800543
0.19027999864144077
0.2323384299287486
0.2693957412730743
0.3184414138803594
0.3756318142983687
0.152655840020341
0.193142265932084
0.23053271929700106
0.26719510339914204
0.3138237656661242
0.36636826147970764
0.15866540911335772
0.19418880415707235
0.23011273442108585
0.26473304395563046
0.3095687649673986
0.3592968434176844
0.164213971992384
0.19573874135481792
0.2297711366407692
0.2642588069023114
0.306705227975615
0.3554846994857936
0.16798982229417048
0.19686772190051882
0.2304864811900942
0.264215227715834
0.3075381661958063
0.35609112940524357
0.17029474025176553
0.1979447195468074
0.23211917710603228
0.26712828730182336
0.31189184449134516
0.35868990622828295
0.17079456426120515
0.19829936030060663
0.23398968575111984
0.2706263608603632
0.3168768990610479
0.36470808114158326
0.16905794049183712
0.19893813098581398
0.2366635487483556
0.2766925720399686
0.3239572190686232
0.37259093143880023
0.16570337957832618
0.19890262412274756
0.238934647992909
0.28101420571566815
0.3313450697185467
0.3819505512054688
0.16115366844068404
0.1979587679831447
0.24097801671480298
0.28635990746543166
0.3386540423012199
0.3923091696930772
0.15466668555355972
0.1964142612630782
0.24227938147459466
0.2904605530476199
0.34568455548847304
0.40196563136891994
0.1463066108594778
0.1933356662890203
0.2434273488688477
0.2939718218136923
0.3530038013305171
0.4118121227797915
0.13626150796176145
0.1890027564981141
0.24281451415602806
0.2944901598245021
0.3575420139443939
0.4208186699798423
0.12413060909463768
0.18250707230460142
0.24173127197889024
0.2948055687616202
0.3611615770603876
0.428450370922298
0.10997376022587085
0.17271560021443172
0.23864884978827344
0.29264960926988576
0.3616778072466291
0.43093090016985736
0.09650902859895022
0.16103995449508873
0.23323201091332302
0.289158806948548
0.36026889180948984
0.43116403525176006
0.0824357930553633
0.14598475953836226
0.2239563526931876
0.2810663243970053
0.35576976742586597
0.42820403094285003
0.05747655359109367
0.11432804733185581
0.19780055853856718
0.2579240812092018
0.3445059647832691
0.4403566512693504
0.7823545348871056
0.8699969214655587
0.9160944852763019
0.9458417376163216
0.9620216578529637
0.9780763394145018
0.9916964600055946
1.001369731560845
1.0162903098110119
1.032756980632476
1.045132047461411
1.0571114352773257
1.0641766745568564
1.0687249646466843
1.07478864044064
1.0785906200314255
1.0775045603159492
1.073021787889948
1.0710120172823974
1.0642454271827693
1.0572695769165157
1.0477790402170297
1.0344804027871446
1.0211523089316201
0.6691185898720869
0.8176010410349737
0.8842591130718055
0.9239912177922269
0.9475883329727449
0.9644883185885498
0.9778107365763462
0.9969547649239707
1.0137968519417437
1.0286304046498442
1.0445608586403277
1.056290080934649
1.0636401060594323
1.069434184095264
1.0745827107525623
1.074059653625088
1.0721264920522768
1.0688648953204352
1.0659062390044265
1.0593457376068938
1.0548855418166565
1.0429645637206515
1.031577641285138
1.0199645899558452
0.5945738574074584
0.7515490477206138
0.836662412812665
0.8878784029229458
0.9212196691208944
0.9446252477124633
0.9656893812177028
0.98806868592743
1.0107488693941151
1.0270917517416083
1.0426004461618232
1.0552458012510375
1.0616166189084542
1.0671120580069213
1.067510388391526
1.0689580097984912
1.0680275097144707
1.0646689860830418
1.0585171639450102
1.055337686492094
1.046174100777792
1.0389613212882003
1.025402435408418
1.0152663992190993
0.5480449426723472
0.6889205501470133
0.7796597118665806
0.841407352900597
0.8852978742917018
0.9161267882697245
0.9443094309392386
0.9766002762905445
1.0013664725908324
1.022996030663266
1.0380033125720454
1.0500626619972282
1.054859741946285
1.0600883831439785
1.0620426815640942
1.0591729236706708
1.0592661339157885
1.055455370863284
1.0506164880088757
1.0468181606170461
1.0396094465777546
1.0284131804495416
1.0184965101918548
1.0050679716549635
0.5130358599424761
0.6366468710581398
0.7277513611434265
0.7916823190719331
0.842542667541101
0.8838513715004394
0.9225749391517276
0.95880780269392
0.9872477167687157
1.0129490167109196
1.0299240382791175
1.038238561322137
1.0442014960081663
1.0475261871630228
1.0484358761483654
1.0508835914582362
1.046247910424887
1.0441629727190433
1.0400479258135875
1.033521541657867
1.02690321264413
1.0187684134553627
1.0069008762055525
0.9955582694153845
0.48591639731509934
0.593316190685657
0.6802509889864479
0.7483902256107903
0.8039468053772065
0.8521155486439206
0.8984907680477286
0.9377672363376127
0.9716876753784573
0.9941831540142986
1.0105651953928148
1.0241227504877666
1.0297345276167837
1.0326395396171402
1.0359359140880178
1.0371618858691225
1.033276415434214
1.0315611148327117
1.026724676417724
1.0225508288264022
1.0169737191856336
1.0092203200220382
0.9980408494768263
0.9883093901196824
0.46287498860563536
0.5565796395033885
0.6405858536137985
0.7102383419016637
0.7678551780965289
0.8237405958234243
0.8783263899957098
0.921335155524046
0.9541258653376972
0.9780984719287458
0.9952460977276221
1.0047113583753717
1.012437394559436
1.0173391734423178
1.0209086326067542
1.0204023229871122
1.0199493523203458
1.0174006648444935
1.0145614236027674
1.009081797154593
1.0035968447346617
0.9983438950113293
0.9876778384918615
0.9785530457596325
0.4445500778039594
0.5302183762717873
0.608906275955581
0.6761388278598374
0.7427249139603286
0.8043725045704248
0.8610042266596707
0.9036208934160199
0.935096138543004
0.9607929446749532
0.9765573643538638
0.9881114960527546
0.9955897149800098
1.0004460617314943
1.002101668524695
1.0056694482264488
1.0048652348032283
1.004275055289357
1.0020389979813464
0.9989156930354097
0.9927171538225926
0.9874065338083492
0.9787345249921706
0.9707344358566649
0.4289898192688346
0.5074658656319373
0.5844210077664087
0.6535959241408777
0.7233571017993845
0.7928834290588346
0.8490836559534215
0.8914993946903029
0.9211400761943418
0.9452992570762885
0.9601611533061153
0.9718082042544972
0.9809314638457831
0.9854539151135768
0.9907666270683929
0.991624699521653
0.9932989487324118
0.9924112582270996
0.9906849095788546
0.988804735675229
0.9865479524857843
0.9811206393019416
0.9733435863560063
0.968664431825871
0.42054270649030123
0.4952580630942548
0.570358893659113
0.6410008090532417
0.7176338686323007
0.7846588864970024
0.8416204398345953
0.8828517664364885
0.9120560151131235
0.9321304440304116
0.944850897147594
0.959449093982148
0.9676107975556254
0.9741199104942322
0.9756318472743666
0.9790891843534728
0.9802721674774936
0.9839607554994819
0.9812044691137441
0.981808066459671
0.977950475318264
0.975260603402361
0.9715458157428393
0.9677193586520003
0.418754751076149
0.49214081185168645
0.5642583310304989
0.6393232900229149
0.7189064744792174
0.7886148585431798
0.8393659862187887
0.876977221131733
0.9033016907666095
0.9232869798821722
0.9362513890571273
0.9453037811537917
0.956152383388772
0.9619569322558699
0.9664034185325641
0.9697268744772453
0.9731338679485432
0.9735650831171395
0.973556158067063
0.9765500257685447
0.9770249100162762
0.9759721105720205
0.9732709666779152
0.971823905625959
0.42014854861601925
0.4935483437810663
0.5669688263202801
0.6515594772469756
0.7304000311664827
0.7943516351180335
0.8422609263720947
0.8744516652439308
0.8984735238866128
0.9149914255223881
0.9288010087657139
0.9385960593984457
0.948222783943996
0.9534585825156812
0.9575152713688915
0.9625363272128223
0.9635626330324314
0.9670889672789116
0.9708817235616185
0.9750611080778213
0.9773352120470324
0.9791733148730531
0.9793782187800297
0.979347151523865
0.42582590010035243
0.4994322144013498
0.5806487478927934
0.6678873543808093
0.748775077012522
0.8065916363247141
0.8480833641570434
0.8762911157398887
0.8969985367325058
0.914249629887094
0.9272350117254972
0.9357426951933887
0.9437782239125937
0.9497190120503024
0.9554592132929719
0.9592437098066174
0.9629377267379455
0.9660091478074193
0.9730668990140849
0.9792038543436844
0.9842854188874
0.9866185598010591
0.9884471570659835
0.9877480732616936
0.4350749392827648
0.5116654489447339
0.6000031451078145
0.6931894237479975
0.7694233312690736
0.8216330791555339
0.8580465342650968
0.8826283454041429
0.9026829700905982
0.9146720648866628
0.9261935504629685
0.9346781018727366
0.9426092981998883
0.9504876065714573
0.9534418720095661
0.9566548517532978
0.9656469567825043
0.9733576078548984
0.9802985328242544
0.9866600230677589
0.9938024908880944
0.9975628972477697
1.0003693355001442
0.9999940649519481
0.4479251546889168
0.5297085797531226
0.6281200362042532
0.7238455355437505
0.7925658453993625
0.8370863206637861
0.869657999586873
0.8891643725140033
0.9062700452952133
0.918074140306997
0.9295326140764654
0.9376413465842884
0.943973716125004
0.9504068411285617
0.9583490103169198
0.9665516904667018
0.972914958843208
0.9822795735147651
0.9901241828383278
0.9985035517606847
1.005182321049382
1.0116050730630317
1.0105451567823045
1.0114778295947553
0.4617135491450723
0.5523461495853942
0.6613797563416889
0.7550078446595961
0.8148852769912398
0.8546736486910806
0.8808523227934286
0.8999365886614531
0.9145957914385159
0.923944249604994
0.9346177699972401
0.9435453612293411
0.9503803062049676
0.9580180161290958
0.9647122689491842
0.9741385071005966
0.9847445095539452
0.9954511367796821
1.0041872365573679
1.0112177787366805
1.0177801467639187
1.020861070373777
1.0220486514065825
1.0180725622853966
0.4772038173509163
0.5838137116942048
0.7018860578377691
0.7853268247861901
0.8382887234784442
0.8692110070429628
0.8937358597977285
0.9080791618465497
0.9225105734261484
0.9350622442005563
0.9415339278863234
0.9492827312041205
0.9549860012934978
0.9661859682730805
0.9777394370603287
0.9874859987918849
0.998465431699275
1.0073431841215366
1.016902361569707
1.025085083034152
1.0282306458191035
1.0306071134951609
1.0278713546483924
1.0247498186342603
0.49580444918126726
0.6235631868083339
0.7441860131492259
0.818023609652793
0.8592141102438493
0.8851371129628207
0.9063337709983966
0.9217648767497512
0.9304292291185173
0.9406993853066238
0.9493786636650918
0.9574780481384614
0.9666518652293403
0.9789526373398785
0.9903448790872029
1.0037097564764381
1.014488831678153
1.0213042325370125
1.031497136683634
1.0376062413675253
1.0418344186948607
1.040317816867407
1.0355462023727218
1.0295783779740744
0.5175926781796458
0.6711621280972333
0.785339305118883
0.8471754088746273
0.8811292162039445
0.9025235515777809
0.9191478885151091
0.9316881515949992
0.9433175480090904
0.950875422006225
0.9608329546766337
0.9711555867512233
0.9836258871757725
0.9974107739302317
1.0066600812547046
1.0179982912259515
1.0287434494558874
1.037193835854149
1.0454070740462011
1.0489285943083348
1.0474110992372754
1.0463195635911333
1.038553132198958
1.031895308779193
0.5467257010820202
0.7242176888338363
0.825610646205609
0.8731823000675974
0.9010247330165225
0.9199985469047818
0.9318449076083237
0.9418326144679282
0.9537976740807432
0.961538275251627
0.9732138418621483
0.9859059785948786
0.9989308150423922
1.0131621104576822
1.0253880590406175
1.0346287544727744
1.0460082743363377
1.0529777188816676
1.0580516036521102
1.0571606600986412
1.0558294844262093
1.0506090489658202
1.0427343065868229
1.0311643162698456
0.5865213120377467
0.781016645092206
0.8595145902145155
0.8970438152530312
0.9192333681269953
0.9353442886850379
0.9450458084397547
0.9571272496741509
0.9642715331687067
0.9726245261258081
0.9871679747100209
1.0032223309461716
1.0187005177703383
1.0307601448793522
1.0410612073804122
1.054975855402955
1.0607881857095032
1.064264145736026
1.0647778396871048
1.0636166856125062
1.0593287401161704
1.0544831596247606
1.0425278883237967
1.029193159087044
0.6469630327104327
0.8305320788243472
0.8911199182082851
0.9189171116251893
0.9379947419818359
0.9492382074862314
0.9574094365792583
0.9678996686819258
0.9779163028328977
0.9921125699814022
1.0062509698142417
1.0219516148992736
1.0377873179785901
1.0504705912625225
1.0593475400008825
1.0636129509853898
1.0738213031148103
1.0738103306253919
1.073609287191885
1.0706160353530147
1.0642642887421154
1.0551219852494227
1.041930234911573
1.0271433780925223
0.7316258032209774
0.8709321861088565
0.9157856585803298
0.9404582322647694
0.95189473377678
0.9635743154728311
0.9716836499653184
0.9808806496957192
0.9923620059007661
1.0100180015280693
1.0250050909711939
1.0414772592308446
1.0565861520017
1.069455246743047
1.076624171968868
1.0821316694890346
1.0835401811426904
1.0832430117529643
1.0788141020347248
1.07357086850006
1.0640112522731056
1.0534771501071596
1.0420636707958808
1.0262738990356144
0.829168085663761
0.903996145618771
0.9370373087520183
0.9567499373607676
0.96756555903404
0.9740999450982593
0.9849695450932542
0.9929405464132539
1.0112551601912863
1.029155433106298
1.0484530060931334
1.06124693688154
1.0744672590931859
1.0845383059258562
1.0898644347299375
1.0925563195173666
1.0922568652004303
1.0913913618353879
1.0831932912999576
1.0767109483621917
1.0672307253422135
1.0553817350129913
1.0400319771621875
1.02230815257492
) 
; 
boundaryField
{
    rotor
    {
        type            movingWallVelocity;
        value           uniform 0;
    }
        freestream
    {
        type            freestreamVelocity;
        freestreamValue uniform (1 0 0);
        value           uniform 0;
    }
    frontAndBack
    {
        type            empty;
    }
}    
