/*--------------------------------*- C++ -*----------------------------------*\
  =========                 |
  \\      /  F ield         | OpenFOAM: The Open Source CFD Toolbox
   \\    /   O peration     | Website:  https://openfoam.org
    \\  /    A nd           | Version:  11
     \\/     M anipulation  |
\*---------------------------------------------------------------------------*/
FoamFile
{
    format      ascii;
    class       surfaceScalarField;
    location    "0.54";
    object      phi;
}
// * * * * * * * * * * * * * * * * * * * * * * * * * * * * * * * * * * * * * //

dimensions      [0 3 -1 0 0 0 0];

internalField   nonuniform List<scalar> 
5640
(
-1.75818e-07
1.75818e-07
-8.01219e-07
6.25401e-07
-1.59863e-06
7.97414e-07
-2.44401e-06
8.45375e-07
-3.65847e-06
1.21446e-06
2.9094e-06
-6.56787e-06
-4.23973e-07
5.99791e-07
-1.19939e-06
1.40082e-06
-2.06598e-06
1.664e-06
-3.0833e-06
1.86269e-06
-4.43275e-06
2.56392e-06
4.62214e-06
-6.14549e-06
-5.13814e-07
1.11361e-06
-1.33159e-06
2.21859e-06
-2.25429e-06
2.58671e-06
-3.29529e-06
2.90369e-06
-4.52264e-06
3.79127e-06
5.65184e-06
-5.55234e-06
-5.63715e-07
1.67732e-06
-1.36518e-06
3.02006e-06
-2.26538e-06
3.48691e-06
-3.22365e-06
3.86196e-06
-4.19721e-06
4.76483e-06
6.2597e-06
-4.80507e-06
-5.98874e-07
2.27619e-06
-1.33962e-06
3.76081e-06
-2.16089e-06
4.30817e-06
-2.98259e-06
4.68366e-06
-3.69738e-06
5.47962e-06
6.54776e-06
-3.98544e-06
-6.15538e-07
2.89173e-06
-1.27049e-06
4.41576e-06
-1.97666e-06
5.01434e-06
-2.63849e-06
5.34549e-06
-3.11104e-06
5.95217e-06
6.57912e-06
-3.1424e-06
-5.91803e-07
3.48353e-06
-1.15701e-06
4.98097e-06
-1.73641e-06
5.59374e-06
-2.23378e-06
5.84286e-06
-2.49019e-06
6.20858e-06
6.39962e-06
-2.31068e-06
-5.39946e-07
4.02348e-06
-1.00797e-06
5.44899e-06
-1.4582e-06
6.04396e-06
-1.79826e-06
6.18292e-06
-1.87008e-06
6.2804e-06
6.0514e-06
-1.52187e-06
-4.67143e-07
4.49062e-06
-8.31986e-07
5.81384e-06
-1.15636e-06
6.36834e-06
-1.35291e-06
6.37947e-06
-1.27365e-06
6.20114e-06
5.57768e-06
-7.99929e-07
-3.77977e-07
4.8686e-06
-6.36189e-07
6.07205e-06
-8.41716e-07
6.57386e-06
-9.12344e-07
6.4501e-06
-7.15957e-07
6.00476e-06
5.02061e-06
-1.58888e-07
-2.75774e-07
5.14437e-06
-4.26833e-07
6.22311e-06
-5.22213e-07
6.66924e-06
-4.85792e-07
6.41368e-06
-2.05518e-07
5.72448e-06
4.42116e-06
3.93937e-07
-1.63866e-07
5.30824e-06
-2.09114e-07
6.26836e-06
-2.03157e-07
6.66329e-06
-7.87319e-08
6.28926e-06
2.54563e-07
5.39119e-06
3.81368e-06
8.62034e-07
-4.45692e-08
5.35281e-06
1.10337e-08
6.21275e-06
1.12189e-07
6.56213e-06
3.06501e-07
6.09494e-06
6.65422e-07
5.03227e-06
3.22863e-06
1.25048e-06
7.67182e-08
5.27609e-06
2.35795e-07
6.05368e-06
4.21354e-07
6.37657e-06
6.69978e-07
5.84632e-06
1.03169e-06
4.67055e-06
2.69323e-06
1.56709e-06
1.98178e-07
5.07791e-06
4.572e-07
5.79465e-06
7.22845e-07
6.11092e-06
1.01375e-06
5.55542e-06
1.36077e-06
4.32353e-06
2.22822e-06
1.82579e-06
3.1909e-07
4.75882e-06
6.74082e-07
5.43966e-06
1.01581e-06
5.7692e-06
1.3407e-06
5.23053e-06
1.66065e-06
4.00358e-06
1.84755e-06
2.04131e-06
4.44276e-07
4.31455e-06
8.83195e-07
5.00074e-06
1.29899e-06
5.35341e-06
1.65352e-06
4.87599e-06
1.93602e-06
3.72108e-06
1.57396e-06
2.20961e-06
5.93377e-07
3.72117e-06
1.0764e-06
4.51772e-06
1.56953e-06
4.86028e-06
1.955e-06
4.49053e-06
2.18865e-06
3.48743e-06
1.47481e-06
2.2878e-06
6.68619e-07
3.05255e-06
1.23458e-06
3.95175e-06
1.82233e-06
4.27253e-06
2.25034e-06
4.06252e-06
2.43532e-06
3.30245e-06
1.64554e-06
2.26459e-06
6.96897e-07
2.35566e-06
1.35742e-06
3.29123e-06
2.05211e-06
3.57783e-06
2.5494e-06
3.56523e-06
2.73192e-06
3.11993e-06
1.95347e-06
2.42399e-06
7.00899e-07
1.65476e-06
1.44365e-06
2.54849e-06
2.24843e-06
2.77305e-06
2.86161e-06
2.95205e-06
3.16263e-06
2.81891e-06
2.0502e-06
3.0659e-06
6.78607e-07
9.7615e-07
1.49065e-06
1.73644e-06
2.39551e-06
1.86819e-06
3.17608e-06
2.17148e-06
3.74845e-06
2.24654e-06
1.7922e-06
4.00645e-06
6.12613e-07
3.63538e-07
1.48286e-06
8.662e-07
2.44757e-06
9.03473e-07
3.42826e-06
1.19079e-06
4.40138e-06
1.27343e-06
1.11154e-06
5.08204e-06
3.63538e-07
1.22974e-06
2.13321e-06
3.324e-06
4.59743e-06
5.70897e-06
-6.05936e-06
1.07962e-05
-1.13047e-05
-6.99785e-06
9.65416e-06
-8.71567e-06
-7.90554e-06
7.06279e-06
-6.1551e-06
-8.67349e-06
4.12085e-06
-3.35291e-06
-9.16016e-06
6.09759e-07
-1.23085e-07
-9.16403e-06
-3.69115e-06
3.69502e-06
-8.43466e-06
-8.90285e-06
8.17348e-06
-6.80393e-06
-1.47102e-05
1.30795e-05
-4.21207e-06
-2.06291e-05
1.80372e-05
-7.63717e-07
-2.59818e-05
2.25335e-05
3.24684e-06
-3.02094e-05
2.61989e-05
7.51886e-06
-3.31692e-05
2.88972e-05
1.18431e-05
-3.5029e-05
3.07047e-05
1.60789e-05
-3.60379e-05
3.18021e-05
2.01604e-05
-3.64601e-05
3.23787e-05
2.40756e-05
-3.6518e-05
3.26028e-05
2.78443e-05
-3.63763e-05
3.26076e-05
3.15035e-05
-3.61484e-05
3.24892e-05
3.50971e-05
-3.5908e-05
3.23143e-05
3.86693e-05
-3.57021e-05
3.21299e-05
4.22705e-05
-3.55701e-05
3.1969e-05
4.59501e-05
-3.55411e-05
3.18615e-05
4.97446e-05
-3.5604e-05
3.18095e-05
-3.58431e-05
3.1888e-05
-6.03397e-06
1.06847e-05
-6.25867e-06
9.87885e-06
-6.53504e-06
7.33917e-06
-6.6138e-06
4.1996e-06
-6.29859e-06
2.94556e-07
-5.3638e-06
-4.62595e-06
-3.6101e-06
-1.06566e-05
-8.93617e-07
-1.74267e-05
2.73409e-06
-2.42568e-05
7.0484e-06
-3.02961e-05
1.17251e-05
-3.48861e-05
1.64162e-05
-3.78603e-05
2.09335e-05
-3.95462e-05
2.52107e-05
-4.03152e-05
2.92491e-05
-4.04986e-05
3.30865e-05
-4.03554e-05
3.6773e-05
-4.00628e-05
4.03599e-05
-3.97353e-05
4.38993e-05
-3.94474e-05
4.7448e-05
-3.92508e-05
5.10453e-05
-3.91675e-05
5.46892e-05
-3.9185e-05
5.84182e-05
-3.9333e-05
-3.96386e-05
-5.42494e-06
1.05573e-05
-5.17779e-06
9.63171e-06
-4.81411e-06
6.97549e-06
-4.11762e-06
3.50312e-06
-2.87254e-06
-9.50533e-07
-8.84795e-07
-6.61369e-06
1.99947e-06
-1.35408e-05
5.76323e-06
-2.11905e-05
1.01863e-05
-2.86798e-05
1.49758e-05
-3.50857e-05
1.9704e-05
-3.96143e-05
2.41026e-05
-4.2259e-05
2.81458e-05
-4.35894e-05
3.18876e-05
-4.40569e-05
3.54006e-05
-4.40116e-05
3.87642e-05
-4.3719e-05
4.2041e-05
-4.33396e-05
4.52721e-05
-4.29664e-05
4.8479e-05
-4.26543e-05
5.16592e-05
-4.24309e-05
5.48013e-05
-4.23095e-05
5.7914e-05
-4.22978e-05
6.09967e-05
-4.24157e-05
-4.25772e-05
-4.50837e-06
1.02606e-05
-3.83353e-06
8.95687e-06
-2.86985e-06
6.01182e-06
-1.40787e-06
2.04113e-06
7.24178e-07
-3.08258e-06
3.72049e-06
-9.61e-06
7.57924e-06
-1.73996e-05
1.21195e-05
-2.57308e-05
1.69906e-05
-3.35509e-05
2.17235e-05
-3.98186e-05
2.59642e-05
-4.3855e-05
2.96155e-05
-4.59103e-05
3.28542e-05
-4.68281e-05
3.58295e-05
-4.70322e-05
3.86282e-05
-4.68103e-05
4.13393e-05
-4.64302e-05
4.40205e-05
-4.60208e-05
4.67023e-05
-4.56481e-05
4.93916e-05
-4.53436e-05
5.20795e-05
-4.51189e-05
5.47475e-05
-4.49775e-05
5.73632e-05
-4.49135e-05
5.98602e-05
-4.49127e-05
-4.48247e-05
-3.44798e-06
9.72313e-06
-2.38848e-06
7.89736e-06
-8.76899e-07
4.50024e-06
1.26035e-06
-9.61241e-08
4.19169e-06
-6.01391e-06
8.00364e-06
-1.34219e-05
1.26171e-05
-2.2013e-05
1.76665e-05
-3.07802e-05
2.2633e-05
-3.85174e-05
2.6968e-05
-4.41536e-05
3.05062e-05
-4.73932e-05
3.33798e-05
-4.87839e-05
3.59057e-05
-4.9354e-05
3.8232e-05
-4.93585e-05
4.04413e-05
-4.90195e-05
4.2615e-05
-4.86039e-05
4.47926e-05
-4.81984e-05
4.69888e-05
-4.78443e-05
4.92015e-05
-4.75563e-05
5.14175e-05
-4.73349e-05
5.36089e-05
-4.71688e-05
5.5731e-05
-4.70357e-05
5.77096e-05
-4.68912e-05
-4.65571e-05
-2.34981e-06
8.93054e-06
-9.60024e-07
6.50758e-06
1.00714e-06
2.53308e-06
3.70095e-06
-2.78993e-06
7.27669e-06
-9.58966e-06
1.18018e-05
-1.7947e-05
1.69949e-05
-2.72061e-05
2.2279e-05
-3.60643e-05
2.69441e-05
-4.31825e-05
3.05741e-05
-4.77836e-05
3.33079e-05
-5.0127e-05
3.55103e-05
-5.09863e-05
3.746e-05
-5.13038e-05
3.92634e-05
-5.11619e-05
4.10439e-05
-5.08001e-05
4.28492e-05
-5.04092e-05
4.46912e-05
-5.00405e-05
4.65612e-05
-4.97143e-05
4.84388e-05
-4.9434e-05
5.0296e-05
-4.9192e-05
5.20976e-05
-4.89704e-05
5.38004e-05
-4.87386e-05
5.53423e-05
-4.84331e-05
-4.78725e-05
-1.29573e-06
7.91559e-06
3.59415e-07
4.85243e-06
2.68231e-06
2.10181e-07
5.83269e-06
-5.94031e-06
1.00102e-05
-1.37672e-05
1.51651e-05
-2.31019e-05
2.07084e-05
-3.27494e-05
2.5822e-05
-4.11779e-05
2.97822e-05
-4.71427e-05
3.25458e-05
-5.05473e-05
3.45285e-05
-5.21097e-05
3.62347e-05
-5.26925e-05
3.77307e-05
-5.27997e-05
3.91396e-05
-5.25709e-05
4.05955e-05
-5.2256e-05
4.2111e-05
-5.19246e-05
4.36768e-05
-5.16063e-05
4.52715e-05
-5.13089e-05
4.68663e-05
-5.10288e-05
4.8429e-05
-5.07547e-05
4.99268e-05
-5.04682e-05
5.13247e-05
-5.01365e-05
5.25796e-05
-4.9688e-05
-4.89535e-05
-3.37826e-07
6.73155e-06
1.51288e-06
3.00173e-06
4.11595e-06
-2.39288e-06
7.71645e-06
-9.54082e-06
1.25235e-05
-1.85742e-05
1.81553e-05
-2.87337e-05
2.36784e-05
-3.82724e-05
2.81182e-05
-4.56177e-05
3.1156e-05
-5.01805e-05
3.31684e-05
-5.25597e-05
3.46716e-05
-5.36128e-05
3.59548e-05
-5.39757e-05
3.71036e-05
-5.39485e-05
3.82862e-05
-5.37534e-05
3.95204e-05
-5.34902e-05
4.08041e-05
-5.32083e-05
4.21233e-05
-5.29255e-05
4.34578e-05
-5.26434e-05
4.47848e-05
-5.23558e-05
4.60824e-05
-5.20523e-05
4.73296e-05
-5.17154e-05
4.85032e-05
-5.13101e-05
4.95762e-05
-5.07611e-05
-4.99177e-05
4.94352e-07
5.43727e-06
2.47977e-06
1.0163e-06
5.35041e-06
-5.26352e-06
9.48568e-06
-1.36761e-05
1.49017e-05
-2.39903e-05
2.06861e-05
-3.45181e-05
2.56689e-05
-4.32552e-05
2.91475e-05
-4.90963e-05
3.13555e-05
-5.23886e-05
3.28326e-05
-5.40368e-05
3.39688e-05
-5.4749e-05
3.495e-05
-5.49569e-05
3.59173e-05
-5.49158e-05
3.69169e-05
-5.4753e-05
3.79617e-05
-5.4535e-05
3.90461e-05
-5.42927e-05
4.01563e-05
-5.40357e-05
4.12755e-05
-5.37626e-05
4.23884e-05
-5.34687e-05
4.34819e-05
-5.31459e-05
4.45432e-05
-5.27767e-05
4.55558e-05
-5.23227e-05
4.65037e-05
-5.1709e-05
-5.0804e-05
1.18815e-06
4.09023e-06
3.27675e-06
-1.0723e-06
6.49281e-06
-8.47958e-06
1.12712e-05
-1.84545e-05
1.70754e-05
-2.97945e-05
2.25366e-05
-3.99793e-05
2.65644e-05
-4.7283e-05
2.91103e-05
-5.16422e-05
3.0706e-05
-5.39842e-05
3.18065e-05
-5.51373e-05
3.26847e-05
-5.56273e-05
3.34918e-05
-5.5764e-05
3.42943e-05
-5.57183e-05
3.5124e-05
-5.55827e-05
3.59911e-05
-5.54021e-05
3.68928e-05
-5.51944e-05
3.78198e-05
-5.49627e-05
3.87619e-05
-5.47046e-05
3.97092e-05
-5.44161e-05
4.06524e-05
-5.4089e-05
4.15795e-05
-5.37038e-05
4.24757e-05
-5.32189e-05
4.33313e-05
-5.25646e-05
-5.16273e-05
1.74758e-06
2.73659e-06
3.95356e-06
-3.27828e-06
7.67064e-06
-1.21967e-05
1.30704e-05
-2.38542e-05
1.8845e-05
-3.55691e-05
2.34838e-05
-4.4618e-05
2.64981e-05
-5.02974e-05
2.8336e-05
-5.34801e-05
2.95074e-05
-5.51557e-05
3.03449e-05
-5.59748e-05
3.10382e-05
-5.63205e-05
3.16847e-05
-5.64105e-05
3.23346e-05
-5.63682e-05
3.30105e-05
-5.62586e-05
3.37197e-05
-5.61113e-05
3.44609e-05
-5.59356e-05
3.52295e-05
-5.57313e-05
3.60203e-05
-5.54954e-05
3.68273e-05
-5.52231e-05
3.76428e-05
-5.49045e-05
3.84547e-05
-5.45157e-05
3.92511e-05
-5.40152e-05
4.00261e-05
-5.33397e-05
-5.23913e-05
2.19203e-06
1.40659e-06
4.59898e-06
-5.68523e-06
8.97751e-06
-1.65752e-05
1.4727e-05
-2.96037e-05
1.99537e-05
-4.07958e-05
2.35573e-05
-4.82217e-05
2.57502e-05
-5.24902e-05
2.70795e-05
-5.48094e-05
2.79425e-05
-5.60187e-05
2.85755e-05
-5.66077e-05
2.91082e-05
-5.68532e-05
2.9612e-05
-5.69143e-05
3.01235e-05
-5.68798e-05
3.066e-05
-5.6795e-05
3.12274e-05
-5.66788e-05
3.18267e-05
-5.65349e-05
3.24565e-05
-5.63611e-05
3.31143e-05
-5.61532e-05
3.37958e-05
-5.59046e-05
3.44935e-05
-5.56022e-05
3.51968e-05
-5.52191e-05
3.5897e-05
-5.47154e-05
3.65919e-05
-5.40346e-05
-5.30922e-05
2.55131e-06
1.05759e-07
5.32045e-06
-8.45437e-06
1.03671e-05
-2.16219e-05
1.60066e-05
-3.52431e-05
2.03113e-05
-4.51005e-05
2.29839e-05
-5.08943e-05
2.45598e-05
-5.40662e-05
2.5512e-05
-5.57616e-05
2.61337e-05
-5.66404e-05
2.65915e-05
-5.70655e-05
2.69798e-05
-5.72415e-05
2.73507e-05
-5.72852e-05
2.77318e-05
-5.72608e-05
2.81366e-05
-5.71998e-05
2.85714e-05
-5.71135e-05
2.9039e-05
-5.70025e-05
2.95405e-05
-5.68626e-05
3.00749e-05
-5.66876e-05
3.06381e-05
-5.64678e-05
3.12229e-05
-5.6187e-05
3.18208e-05
-5.5817e-05
3.24256e-05
-5.53202e-05
3.30376e-05
-5.46466e-05
-5.37227e-05
2.86223e-06
-1.18939e-06
6.19957e-06
-1.17917e-05
1.16845e-05
-2.71068e-05
1.67257e-05
-4.02843e-05
2.00386e-05
-4.84133e-05
2.19717e-05
-5.28274e-05
2.3082e-05
-5.51765e-05
2.37396e-05
-5.64192e-05
2.41582e-05
-5.7059e-05
2.44592e-05
-5.73665e-05
2.47119e-05
-5.74942e-05
2.49553e-05
-5.75287e-05
2.52106e-05
-5.75161e-05
2.5489e-05
-5.74782e-05
2.5797e-05
-5.74215e-05
2.61385e-05
-5.73441e-05
2.6516e-05
-5.72401e-05
2.69292e-05
-5.71008e-05
2.73748e-05
-5.69134e-05
2.78465e-05
-5.66588e-05
2.8338e-05
-5.63084e-05
2.88448e-05
-5.5827e-05
2.93682e-05
-5.517e-05
-5.42739e-05
3.18233e-06
-2.54592e-06
7.20878e-06
-1.58182e-05
1.27253e-05
-3.26234e-05
1.68805e-05
-4.44395e-05
1.93266e-05
-5.08594e-05
2.0679e-05
-5.41798e-05
2.14208e-05
-5.59184e-05
2.18323e-05
-5.68307e-05
2.20698e-05
-5.72965e-05
2.22233e-05
-5.752e-05
2.2345e-05
-5.76159e-05
2.24641e-05
-5.76478e-05
2.25968e-05
-5.76489e-05
2.27522e-05
-5.76337e-05
2.29365e-05
-5.76057e-05
2.31539e-05
-5.75615e-05
2.34076e-05
-5.74938e-05
2.36981e-05
-5.73912e-05
2.40231e-05
-5.72384e-05
2.43783e-05
-5.7014e-05
2.47591e-05
-5.66893e-05
2.51628e-05
-5.62307e-05
2.55912e-05
-5.55984e-05
-5.47376e-05
3.60179e-06
-4.1064e-06
8.27797e-06
-2.04943e-05
1.33602e-05
-3.77057e-05
1.65816e-05
-4.76608e-05
1.83108e-05
-5.25887e-05
1.92008e-05
-5.50697e-05
1.9639e-05
-5.63565e-05
1.98344e-05
-5.70261e-05
1.99041e-05
-5.73662e-05
1.9916e-05
-5.75319e-05
1.99094e-05
-5.76093e-05
1.99061e-05
-5.76445e-05
1.99183e-05
-5.7661e-05
1.99528e-05
-5.76682e-05
2.00147e-05
-5.76676e-05
2.01081e-05
-5.76549e-05
2.0236e-05
-5.76217e-05
2.04001e-05
-5.75553e-05
2.05998e-05
-5.74381e-05
2.08331e-05
-5.72473e-05
2.10977e-05
-5.69539e-05
2.13925e-05
-5.65254e-05
2.17197e-05
-5.59256e-05
-5.51068e-05
4.16013e-06
-6.05693e-06
9.31234e-06
-2.56465e-05
1.35974e-05
-4.19907e-05
1.59521e-05
-5.00155e-05
1.70965e-05
-5.37331e-05
1.76055e-05
-5.55787e-05
1.77797e-05
-5.65307e-05
1.7777e-05
-5.70235e-05
1.76867e-05
-5.72758e-05
1.75601e-05
-5.74054e-05
1.74267e-05
-5.74758e-05
1.73022e-05
-5.75201e-05
1.71953e-05
-5.7554e-05
1.71105e-05
-5.75835e-05
1.70513e-05
-5.76083e-05
1.70204e-05
-5.76241e-05
1.70208e-05
-5.76221e-05
1.70546e-05
-5.75891e-05
1.71235e-05
-5.7507e-05
1.72286e-05
-5.73523e-05
1.73706e-05
-5.70959e-05
1.75502e-05
-5.67051e-05
1.77701e-05
-5.61455e-05
-5.53759e-05
4.80197e-06
-8.5711e-06
1.01489e-05
-3.09935e-05
1.35034e-05
-4.53451e-05
1.50954e-05
-5.16075e-05
1.57516e-05
-5.43894e-05
1.59334e-05
-5.57605e-05
1.58691e-05
-5.64664e-05
1.568e-05
-5.68343e-05
1.54342e-05
-5.703e-05
1.51707e-05
-5.71419e-05
1.4911e-05
-5.72161e-05
1.46662e-05
-5.72753e-05
1.44416e-05
-5.73295e-05
1.42396e-05
-5.73814e-05
1.40612e-05
-5.74299e-05
1.39076e-05
-5.74705e-05
1.37804e-05
-5.74949e-05
1.36821e-05
-5.74908e-05
1.36161e-05
-5.74411e-05
1.35868e-05
-5.7323e-05
1.35988e-05
-5.71079e-05
1.36562e-05
-5.67624e-05
1.37633e-05
-5.62526e-05
-5.55414e-05
5.53784e-06
-1.18444e-05
1.06601e-05
-3.61157e-05
1.31488e-05
-4.78339e-05
1.40883e-05
-5.2547e-05
1.43234e-05
-5.46245e-05
1.4212e-05
-5.5649e-05
1.39256e-05
-5.61801e-05
1.3557e-05
-5.64657e-05
1.3158e-05
-5.6631e-05
1.27577e-05
-5.67415e-05
1.23713e-05
-5.68298e-05
1.20063e-05
-5.69103e-05
1.16652e-05
-5.69884e-05
1.13482e-05
-5.70644e-05
1.10542e-05
-5.7136e-05
1.07822e-05
-5.71985e-05
1.05318e-05
-5.72445e-05
1.03043e-05
-5.72633e-05
1.01037e-05
-5.72405e-05
9.93677e-06
-5.71561e-05
9.81236e-06
-5.69835e-05
9.7393e-06
-5.66893e-05
9.72747e-06
-5.62408e-05
-5.5604e-05
6.55983e-06
-1.59802e-05
1.09348e-05
-4.04907e-05
1.26066e-05
-4.95057e-05
1.29851e-05
-5.29255e-05
1.28434e-05
-5.44828e-05
1.24592e-05
-5.52648e-05
1.19603e-05
-5.56812e-05
1.14158e-05
-5.59212e-05
1.08641e-05
-5.60794e-05
1.03261e-05
-5.62035e-05
9.81201e-06
-5.63157e-05
9.32609e-06
-5.64244e-05
8.86887e-06
-5.65312e-05
8.43888e-06
-5.66344e-05
8.03357e-06
-5.67307e-05
7.65006e-06
-5.68149e-05
7.28596e-06
-5.68804e-05
6.94052e-06
-5.69179e-05
6.61602e-06
-5.69159e-05
6.31903e-06
-5.68591e-05
6.06033e-06
-5.67248e-05
5.85123e-06
-5.64802e-05
5.70255e-06
-5.60921e-05
-5.55783e-05
7.92619e-06
-2.08405e-05
1.10833e-05
-4.36477e-05
1.19415e-05
-5.03639e-05
1.18162e-05
-5.28002e-05
1.13255e-05
-5.39922e-05
1.0682e-05
-5.46214e-05
9.97757e-06
-5.49767e-05
9.25996e-06
-5.52036e-05
8.5558e-06
-5.53752e-05
7.87881e-06
-5.55265e-05
7.235e-06
-5.56719e-05
6.62596e-06
-5.58154e-05
6.05091e-06
-5.59561e-05
5.50771e-06
-5.60912e-05
4.99347e-06
-5.62164e-05
4.50501e-06
-5.63265e-05
4.03943e-06
-5.64148e-05
3.59489e-06
-5.64734e-05
3.17164e-06
-5.64927e-05
2.77362e-06
-5.64611e-05
2.41073e-06
-5.63619e-05
2.10006e-06
-5.61696e-05
1.85654e-06
-5.58486e-05
-5.53932e-05
9.3205e-06
-2.61545e-05
1.11621e-05
-4.54893e-05
1.11859e-05
-5.03877e-05
1.05863e-05
-5.22006e-05
9.77177e-06
-5.31776e-05
8.88292e-06
-5.37325e-05
7.9794e-06
-5.40732e-05
7.09155e-06
-5.43157e-05
6.23538e-06
-5.4519e-05
5.41805e-06
-5.47092e-05
4.64159e-06
-5.48954e-05
3.9054e-06
-5.50792e-05
3.20767e-06
-5.52584e-05
2.54612e-06
-5.54296e-05
1.91832e-06
-5.55886e-05
1.3221e-06
-5.57303e-05
7.55871e-07
-5.58485e-05
2.19067e-07
-5.59365e-05
-2.8759e-07
-5.5986e-05
-7.61581e-07
-5.59871e-05
-1.19466e-06
-5.59288e-05
-1.56463e-06
-5.57996e-05
-1.85314e-06
-5.556e-05
-5.49983e-05
1.06026e-05
-3.16751e-05
1.11537e-05
-4.60404e-05
1.03292e-05
-4.95632e-05
9.28386e-06
-5.11552e-05
8.17332e-06
-5.20671e-05
7.05642e-06
-5.26156e-05
5.96385e-06
-5.29806e-05
4.91125e-06
-5.32631e-05
3.90528e-06
-5.35131e-05
2.94715e-06
-5.37511e-05
2.03525e-06
-5.39835e-05
1.16688e-06
-5.42108e-05
3.3914e-07
-5.44306e-05
-4.50797e-07
-5.46397e-05
-1.20554e-06
-5.48339e-05
-1.92742e-06
-5.50084e-05
-2.6184e-06
-5.51576e-05
-3.28004e-06
-5.52749e-05
-3.91359e-06
-5.53525e-05
-4.51975e-06
-5.53809e-05
-5.09987e-06
-5.53487e-05
-5.66375e-06
-5.52357e-05
-6.23912e-06
-5.49847e-05
-5.45338e-05
1.22941e-05
-3.82602e-05
1.09007e-05
-4.4647e-05
9.31128e-06
-4.79739e-05
7.88713e-06
-4.97311e-05
6.51885e-06
-5.06988e-05
5.19712e-06
-5.12939e-05
3.92999e-06
-5.17135e-05
2.72138e-06
-5.20545e-05
1.57015e-06
-5.23618e-05
4.72463e-07
-5.26534e-05
-5.76284e-07
-5.29348e-05
-1.58056e-06
-5.32065e-05
-2.54435e-06
-5.34668e-05
-3.47125e-06
-5.37128e-05
-4.36451e-06
-5.39406e-05
-5.2272e-06
-5.41457e-05
-6.0623e-06
-5.43225e-05
-6.87274e-06
-5.44645e-05
-7.66135e-06
-5.45639e-05
-8.43095e-06
-5.46113e-05
-9.18498e-06
-5.45947e-05
-9.92692e-06
-5.44938e-05
-1.06435e-05
-5.42681e-05
-5.39317e-05
-2.33557e-07
2.33557e-07
9.38106e-08
-3.27368e-07
1.31801e-06
-1.2242e-06
3.26149e-06
-1.94348e-06
7.58659e-06
-4.3251e-06
-8.12228e-06
1.57089e-05
-5.92322e-08
2.92789e-07
5.34049e-07
-9.20648e-07
1.88642e-06
-2.57658e-06
4.08396e-06
-4.14101e-06
7.12571e-06
-7.36686e-06
-1.24752e-05
1.14786e-05
6.88199e-08
2.23969e-07
7.89366e-07
-1.64119e-06
2.15546e-06
-3.94267e-06
4.1991e-06
-6.18466e-06
6.64521e-06
-9.81296e-06
-1.50031e-05
9.1731e-06
1.62822e-07
6.11472e-08
9.37892e-07
-2.41626e-06
2.22703e-06
-5.2318e-06
3.99252e-06
-7.95015e-06
5.89357e-06
-1.1714e-05
-1.65512e-05
7.44171e-06
2.37317e-07
-1.7617e-07
1.00294e-06
-3.18189e-06
2.15294e-06
-6.38179e-06
3.59737e-06
-9.39459e-06
4.98964e-06
-1.31063e-05
-1.74465e-05
5.88498e-06
2.88209e-07
-4.64378e-07
9.90592e-07
-3.88427e-06
1.96807e-06
-7.35927e-06
3.08629e-06
-1.05128e-05
4.02415e-06
-1.40441e-05
-1.78544e-05
4.432e-06
3.01091e-07
-7.65469e-07
9.12571e-07
-4.49575e-06
1.70217e-06
-8.14887e-06
2.50872e-06
-1.13194e-05
3.05293e-06
-1.45883e-05
-1.7882e-05
3.08053e-06
2.81359e-07
-1.04683e-06
7.83582e-07
-4.99797e-06
1.38128e-06
-8.74658e-06
1.90083e-06
-1.18389e-05
2.10954e-06
-1.4797e-05
-1.76062e-05
1.83378e-06
2.36174e-07
-1.283e-06
6.18492e-07
-5.38029e-06
1.0277e-06
-9.15579e-06
1.28914e-06
-1.21003e-05
1.21435e-06
-1.47223e-05
-1.7084e-05
6.92134e-07
1.72748e-07
-1.45575e-06
4.30928e-07
-5.63847e-06
6.59825e-07
-9.38469e-06
6.92858e-07
-1.21334e-05
3.79773e-07
-1.44092e-05
-1.63588e-05
-3.45398e-07
9.83403e-08
-1.55409e-06
2.32454e-07
-5.77259e-06
2.92261e-07
-9.44449e-06
1.25704e-07
-1.19668e-05
-3.86889e-07
-1.38966e-05
-1.54649e-05
-1.28084e-06
1.98349e-08
-1.57393e-06
3.26984e-08
-5.78545e-06
-6.37592e-08
-9.34804e-06
-4.02591e-07
-1.1628e-05
-1.08164e-06
-1.32175e-05
-1.44287e-05
-2.11781e-06
-5.76498e-08
-1.51628e-06
-1.60836e-07
-5.68226e-06
-3.99857e-07
-9.10902e-06
-8.85864e-07
-1.1142e-05
-1.70233e-06
-1.24011e-05
-1.32731e-05
-2.85794e-06
-1.27992e-07
-1.38828e-06
-3.41521e-07
-5.46873e-06
-7.09845e-07
-8.74069e-06
-1.32006e-06
-1.05318e-05
-2.24795e-06
-1.14732e-05
-1.20182e-05
-3.5029e-06
-1.87349e-07
-1.20093e-06
-5.0391e-07
-5.15217e-06
-9.89331e-07
-8.25527e-06
-1.70297e-06
-9.81812e-06
-2.71827e-06
-1.04579e-05
-1.06825e-05
-4.05392e-06
-2.31901e-07
-9.69033e-07
-6.43154e-07
-4.74092e-06
-1.23499e-06
-7.66344e-06
-2.03366e-06
-9.01945e-06
-3.11367e-06
-9.37789e-06
-9.28438e-06
-4.5118e-06
-2.58289e-07
-7.10744e-07
-7.54516e-07
-4.24469e-06
-1.44418e-06
-6.97377e-06
-2.31251e-06
-8.15112e-06
-3.43528e-06
-8.25512e-06
-7.84289e-06
-4.87677e-06
-2.62289e-07
-4.48455e-07
-8.33002e-07
-3.67398e-06
-1.61483e-06
-6.19194e-06
-2.54116e-06
-7.22479e-06
-3.68561e-06
-7.11068e-06
-6.37955e-06
-5.14894e-06
-2.36765e-07
-2.1169e-07
-8.73774e-07
-3.03697e-06
-1.7448e-06
-5.32091e-06
-2.72245e-06
-6.24715e-06
-3.86892e-06
-5.9642e-06
-4.91992e-06
-5.32855e-06
-1.91292e-07
-2.03988e-08
-8.74379e-07
-2.35388e-06
-1.83089e-06
-4.3644e-06
-2.86063e-06
-5.21741e-06
-3.99255e-06
-4.83228e-06
-3.49631e-06
-5.41616e-06
-1.31802e-07
1.11404e-07
-8.31298e-07
-1.65439e-06
-1.8667e-06
-3.329e-06
-2.96213e-06
-4.12197e-06
-4.0719e-06
-3.72252e-06
-2.15535e-06
-5.41286e-06
-5.89514e-08
1.70355e-07
-7.34085e-07
-9.79254e-07
-1.83708e-06
-2.226e-06
-3.035e-06
-2.92406e-06
-4.14037e-06
-2.61715e-06
-9.85071e-07
-5.31065e-06
3.47059e-08
1.35649e-07
-5.5779e-07
-3.86758e-07
-1.70106e-06
-1.08273e-06
-3.07078e-06
-1.55433e-06
-4.25417e-06
-1.43376e-06
-1.91529e-07
-5.04771e-06
1.35649e-07
-2.51109e-07
-1.33384e-06
-2.88818e-06
-4.32194e-06
-4.51347e-06
1.20649e-05
-3.46162e-05
9.89127e-06
-4.24734e-05
8.0448e-06
-4.61274e-05
6.37419e-06
-4.80605e-05
4.7994e-06
-4.9124e-05
3.30231e-06
-4.97968e-05
1.87975e-06
-5.02909e-05
5.27087e-07
-5.07019e-05
-7.62539e-07
-5.10722e-05
-1.99645e-06
-5.14195e-05
-3.18126e-06
-5.175e-05
-4.32252e-06
-5.20653e-05
-5.42494e-06
-5.23644e-05
-6.49257e-06
-5.26452e-05
-7.52906e-06
-5.29041e-05
-8.53777e-06
-5.3137e-05
-9.52186e-06
-5.33384e-05
-1.04841e-05
-5.35022e-05
-1.14268e-05
-5.36212e-05
-1.23514e-05
-5.36868e-05
-1.32575e-05
-5.36885e-05
-1.41411e-05
-5.36102e-05
-1.49837e-05
-5.34255e-05
-5.31925e-05
1.00071e-05
-3.31447e-05
8.32558e-06
-4.07919e-05
6.52848e-06
-4.43303e-05
4.73336e-06
-4.62654e-05
3.01261e-06
-4.74033e-05
1.37623e-06
-4.81604e-05
-1.7942e-07
-4.87353e-05
-1.66242e-06
-4.92189e-05
-3.08221e-06
-4.96524e-05
-4.44747e-06
-5.00542e-05
-5.76546e-06
-5.0432e-05
-7.0421e-06
-5.07886e-05
-8.28222e-06
-5.11243e-05
-9.48995e-06
-5.14375e-05
-1.06688e-05
-5.17252e-05
-1.1822e-05
-5.19838e-05
-1.29522e-05
-5.22082e-05
-1.40613e-05
-5.23931e-05
-1.51501e-05
-5.25323e-05
-1.6218e-05
-5.26189e-05
-1.7262e-05
-5.26446e-05
-1.82743e-05
-5.25979e-05
-1.92373e-05
-5.24625e-05
-5.23263e-05
8.43455e-06
-3.24061e-05
6.75716e-06
-3.91145e-05
4.89267e-06
-4.24658e-05
3.00953e-06
-4.43822e-05
1.18453e-06
-4.55783e-05
-5.62358e-07
-4.64135e-05
-2.23248e-06
-4.70651e-05
-3.83391e-06
-4.76174e-05
-5.37588e-06
-4.81104e-05
-6.86682e-06
-4.85633e-05
-8.31363e-06
-4.89852e-05
-9.72192e-06
-4.93803e-05
-1.10962e-05
-4.975e-05
-1.24404e-05
-5.00933e-05
-1.37574e-05
-5.04082e-05
-1.50501e-05
-5.06911e-05
-1.63201e-05
-5.09382e-05
-1.75683e-05
-5.11449e-05
-1.87943e-05
-5.13063e-05
-1.99957e-05
-5.14175e-05
-2.11674e-05
-5.14729e-05
-2.23006e-05
-5.14646e-05
-2.33789e-05
-5.13842e-05
-5.1339e-05
6.7464e-06
-3.17108e-05
5.09064e-06
-3.74587e-05
3.19135e-06
-4.05665e-05
1.25008e-06
-4.24409e-05
-6.52529e-07
-4.36756e-05
-2.49079e-06
-4.45753e-05
-4.26223e-06
-4.52937e-05
-5.97262e-06
-4.59071e-05
-7.62958e-06
-4.64535e-05
-9.24022e-06
-4.69526e-05
-1.08105e-05
-4.74149e-05
-1.23453e-05
-4.78455e-05
-1.38486e-05
-4.82467e-05
-1.53235e-05
-4.86184e-05
-1.67727e-05
-4.8959e-05
-1.8198e-05
-4.92659e-05
-1.96003e-05
-4.95359e-05
-2.09795e-05
-4.97656e-05
-2.23341e-05
-4.99518e-05
-2.36601e-05
-5.00915e-05
-2.49516e-05
-5.01814e-05
-2.61994e-05
-5.02169e-05
-2.73885e-05
-5.01952e-05
-5.0235e-05
5.07088e-06
-3.08967e-05
3.40891e-06
-3.57967e-05
1.48521e-06
-3.86429e-05
-5.01531e-07
-4.04542e-05
-2.4691e-06
-4.17081e-05
-4.38791e-06
-4.26565e-05
-6.25191e-06
-4.34297e-05
-8.06394e-06
-4.4095e-05
-9.82936e-06
-4.46881e-05
-1.15536e-05
-4.52284e-05
-1.32414e-05
-4.57271e-05
-1.48967e-05
-4.61902e-05
-1.65227e-05
-4.66207e-05
-1.81218e-05
-4.70192e-05
-1.96961e-05
-4.73848e-05
-2.12465e-05
-4.77155e-05
-2.27733e-05
-4.80091e-05
-2.42754e-05
-4.82635e-05
-2.57502e-05
-4.8477e-05
-2.71931e-05
-4.86486e-05
-2.85974e-05
-4.87771e-05
-2.99539e-05
-4.88604e-05
-3.12495e-05
-4.88996e-05
-4.90184e-05
3.46191e-06
-2.99267e-05
1.76856e-06
-3.41034e-05
-1.84087e-07
-3.66902e-05
-2.21459e-06
-3.84237e-05
-4.24211e-06
-3.96806e-05
-6.23567e-06
-4.06629e-05
-8.18628e-06
-4.14791e-05
-1.0094e-05
-4.21874e-05
-1.19618e-05
-4.28202e-05
-1.37934e-05
-4.33967e-05
-1.55924e-05
-4.39281e-05
-1.73616e-05
-4.4421e-05
-1.91034e-05
-4.4879e-05
-2.08196e-05
-4.5303e-05
-2.25114e-05
-4.5693e-05
-2.41791e-05
-4.60477e-05
-2.58224e-05
-4.63658e-05
-2.74393e-05
-4.66465e-05
-2.90265e-05
-4.68898e-05
-3.05787e-05
-4.70964e-05
-3.20889e-05
-4.72669e-05
-3.35486e-05
-4.74008e-05
-3.49465e-05
-4.75017e-05
-4.76932e-05
1.94697e-06
-2.87931e-05
2.01382e-07
-3.23578e-05
-1.79061e-06
-3.46982e-05
-3.86701e-06
-3.63473e-05
-5.95352e-06
-3.7594e-05
-8.01876e-06
-3.85977e-05
-1.00516e-05
-3.94462e-05
-1.20497e-05
-4.01893e-05
-1.40141e-05
-4.08558e-05
-1.5947e-05
-4.14639e-05
-1.78505e-05
-4.20246e-05
-1.97266e-05
-4.25449e-05
-2.1577e-05
-4.30286e-05
-2.34026e-05
-4.34774e-05
-2.52041e-05
-4.38915e-05
-2.69813e-05
-4.42705e-05
-2.8733e-05
-4.46142e-05
-3.04566e-05
-4.49229e-05
-3.21482e-05
-4.51981e-05
-3.38023e-05
-4.54424e-05
-3.54118e-05
-4.56573e-05
-3.69691e-05
-4.58434e-05
-3.84651e-05
-4.60057e-05
-4.62635e-05
5.39325e-07
-2.74986e-05
-1.27471e-06
-3.05438e-05
-3.31557e-06
-3.26574e-05
-5.44281e-06
-3.422e-05
-7.58916e-06
-3.54477e-05
-9.72425e-06
-3.64626e-05
-1.18357e-05
-3.73348e-05
-1.39193e-05
-3.81056e-05
-1.59746e-05
-3.88005e-05
-1.80023e-05
-3.94362e-05
-2.00035e-05
-4.00234e-05
-2.19794e-05
-4.0569e-05
-2.39308e-05
-4.10772e-05
-2.58581e-05
-4.155e-05
-2.77614e-05
-4.19882e-05
-2.96398e-05
-4.23921e-05
-3.14917e-05
-4.27623e-05
-3.33139e-05
-4.31007e-05
-3.5102e-05
-4.341e-05
-3.68504e-05
-4.3694e-05
-3.85527e-05
-4.39551e-05
-4.02022e-05
-4.41939e-05
-4.1792e-05
-4.44159e-05
-4.47337e-05
-7.57252e-07
-2.60493e-05
-2.64988e-06
-2.86511e-05
-4.74799e-06
-3.05592e-05
-6.93063e-06
-3.20374e-05
-9.13794e-06
-3.32404e-05
-1.13413e-05
-3.42592e-05
-1.35279e-05
-3.51483e-05
-1.56922e-05
-3.59413e-05
-1.78325e-05
-3.66602e-05
-1.99485e-05
-3.73202e-05
-2.20404e-05
-3.79314e-05
-2.41086e-05
-3.85008e-05
-2.61533e-05
-3.90325e-05
-2.81743e-05
-3.9529e-05
-3.01712e-05
-3.99913e-05
-3.21427e-05
-4.04207e-05
-3.40864e-05
-4.08186e-05
-3.59989e-05
-4.11881e-05
-3.78756e-05
-4.15334e-05
-3.97109e-05
-4.18587e-05
-4.14994e-05
-4.21666e-05
-4.32358e-05
-4.24575e-05
-4.49147e-05
-4.2737e-05
-4.31089e-05
-1.94223e-06
-2.44524e-05
-3.91955e-06
-2.66738e-05
-6.08098e-06
-2.83978e-05
-8.32245e-06
-2.97959e-05
-1.05913e-05
-3.09716e-05
-1.28611e-05
-3.19894e-05
-1.51189e-05
-3.28904e-05
-1.73588e-05
-3.37014e-05
-1.95781e-05
-3.4441e-05
-2.17756e-05
-3.51227e-05
-2.39509e-05
-3.57561e-05
-2.61038e-05
-3.6348e-05
-2.82338e-05
-3.69025e-05
-3.03405e-05
-3.74223e-05
-3.24228e-05
-3.79091e-05
-3.44789e-05
-3.83646e-05
-3.65061e-05
-3.87914e-05
-3.85006e-05
-3.91936e-05
-4.04578e-05
-3.95761e-05
-4.23729e-05
-3.99436e-05
-4.42412e-05
-4.02982e-05
-4.60588e-05
-4.06399e-05
-4.78219e-05
-4.09739e-05
-4.13947e-05
-3.01723e-06
-2.2716e-05
-5.08216e-06
-2.46089e-05
-7.31062e-06
-2.61693e-05
-9.61275e-06
-2.74938e-05
-1.19425e-05
-2.86418e-05
-1.42761e-05
-2.96559e-05
-1.6601e-05
-3.05655e-05
-1.89109e-05
-3.13914e-05
-2.12027e-05
-3.21492e-05
-2.34747e-05
-3.28507e-05
-2.57259e-05
-3.35049e-05
-2.79555e-05
-3.41183e-05
-3.01629e-05
-3.46951e-05
-3.23469e-05
-3.52383e-05
-3.45061e-05
-3.57499e-05
-3.66384e-05
-3.62323e-05
-3.87406e-05
-3.66892e-05
-4.08089e-05
-3.71253e-05
-4.28388e-05
-3.75462e-05
-4.48264e-05
-3.7956e-05
-4.67683e-05
-3.83564e-05
-4.86614e-05
-3.87468e-05
-5.05029e-05
-3.91323e-05
-3.95972e-05
-3.98457e-06
-2.08493e-05
-6.13772e-06
-2.24557e-05
-8.43481e-06
-2.38723e-05
-1.07977e-05
-2.51309e-05
-1.31866e-05
-2.62529e-05
-1.55804e-05
-2.72622e-05
-1.79673e-05
-2.81785e-05
-2.03413e-05
-2.90175e-05
-2.26988e-05
-2.97917e-05
-2.50378e-05
-3.05117e-05
-2.73571e-05
-3.11857e-05
-2.96555e-05
-3.18199e-05
-3.19318e-05
-3.24188e-05
-3.41847e-05
-3.29854e-05
-3.64124e-05
-3.35222e-05
-3.86122e-05
-3.40325e-05
-4.0781e-05
-3.45204e-05
-4.29148e-05
-3.49915e-05
-4.50099e-05
-3.54511e-05
-4.70631e-05
-3.59028e-05
-4.9072e-05
-3.63475e-05
-5.10343e-05
-3.67845e-05
-5.29482e-05
-3.72184e-05
-3.77232e-05
-4.84674e-06
-1.88605e-05
-7.08717e-06
-2.02153e-05
-9.45265e-06
-2.15068e-05
-1.18749e-05
-2.27087e-05
-1.43198e-05
-2.38079e-05
-1.67692e-05
-2.48128e-05
-1.92126e-05
-2.57352e-05
-2.16439e-05
-2.65861e-05
-2.40598e-05
-2.73758e-05
-2.64581e-05
-2.81134e-05
-2.88374e-05
-2.88064e-05
-3.11961e-05
-2.94611e-05
-3.3533e-05
-3.00819e-05
-3.58462e-05
-3.06722e-05
-3.81336e-05
-3.12348e-05
-4.03924e-05
-3.17737e-05
-4.26193e-05
-3.22935e-05
-4.48107e-05
-3.28001e-05
-4.69635e-05
-3.32983e-05
-4.90754e-05
-3.3791e-05
-5.11445e-05
-3.42784e-05
-5.31695e-05
-3.47595e-05
-5.5149e-05
-3.52389e-05
-3.57797e-05
-5.6063e-06
-1.67571e-05
-7.93201e-06
-1.78896e-05
-1.03642e-05
-1.90746e-05
-1.28428e-05
-2.02301e-05
-1.53395e-05
-2.13112e-05
-1.7839e-05
-2.23133e-05
-2.03323e-05
-2.32419e-05
-2.28137e-05
-2.41047e-05
-2.52802e-05
-2.49093e-05
-2.77297e-05
-2.56639e-05
-3.01604e-05
-2.63757e-05
-3.2571e-05
-2.70506e-05
-3.49596e-05
-2.76933e-05
-3.73244e-05
-2.83074e-05
-3.96628e-05
-2.88964e-05
-4.1972e-05
-2.94645e-05
-4.42487e-05
-3.00168e-05
-4.64899e-05
-3.05589e-05
-4.86931e-05
-3.10951e-05
-5.08566e-05
-3.16274e-05
-5.29792e-05
-3.21558e-05
-5.50594e-05
-3.26793e-05
-5.70966e-05
-3.32017e-05
-3.37734e-05
-6.26583e-06
-1.45451e-05
-8.6743e-06
-1.54811e-05
-1.11703e-05
-1.65786e-05
-1.3701e-05
-1.76993e-05
-1.62441e-05
-1.87681e-05
-1.87872e-05
-1.97701e-05
-2.1323e-05
-2.07062e-05
-2.38466e-05
-2.1581e-05
-2.63554e-05
-2.24006e-05
-2.88474e-05
-2.31719e-05
-3.1321e-05
-2.39021e-05
-3.37745e-05
-2.45971e-05
-3.62061e-05
-2.52617e-05
-3.86135e-05
-2.59e-05
-4.09941e-05
-2.65158e-05
-4.3345e-05
-2.71135e-05
-4.56633e-05
-2.76985e-05
-4.79464e-05
-2.82758e-05
-5.01927e-05
-2.88488e-05
-5.24009e-05
-2.94192e-05
-5.45698e-05
-2.99869e-05
-5.66978e-05
-3.05513e-05
-5.87838e-05
-3.11157e-05
-3.17116e-05
-6.82803e-06
-1.22289e-05
-9.31667e-06
-1.29925e-05
-1.18725e-05
-1.40228e-05
-1.44501e-05
-1.51216e-05
-1.70329e-05
-1.61854e-05
-1.96121e-05
-1.71909e-05
-2.21822e-05
-1.81361e-05
-2.47394e-05
-1.90238e-05
-2.72817e-05
-1.98583e-05
-2.98073e-05
-2.06463e-05
-3.23147e-05
-2.13947e-05
-3.48021e-05
-2.21096e-05
-3.72675e-05
-2.27963e-05
-3.97086e-05
-2.3459e-05
-4.21225e-05
-2.41019e-05
-4.45064e-05
-2.47296e-05
-4.68579e-05
-2.53471e-05
-4.9175e-05
-2.59586e-05
-5.14568e-05
-2.65671e-05
-5.37022e-05
-2.71737e-05
-5.59105e-05
-2.77786e-05
-5.80804e-05
-2.83814e-05
-6.02101e-05
-2.89861e-05
-2.9607e-05
-7.29597e-06
-9.80971e-06
-9.86259e-06
-1.04259e-05
-1.24733e-05
-1.14121e-05
-1.50914e-05
-1.25035e-05
-1.77064e-05
-1.35704e-05
-2.03131e-05
-1.45842e-05
-2.29083e-05
-1.5541e-05
-2.54897e-05
-1.64423e-05
-2.8056e-05
-1.7292e-05
-3.06059e-05
-1.80964e-05
-3.31379e-05
-1.88627e-05
-3.56501e-05
-1.95974e-05
-3.81403e-05
-2.03061e-05
-4.0606e-05
-2.09933e-05
-4.30443e-05
-2.16635e-05
-4.54527e-05
-2.23212e-05
-4.78291e-05
-2.29707e-05
-5.01722e-05
-2.36155e-05
-5.24813e-05
-2.42579e-05
-5.4756e-05
-2.4899e-05
-5.6996e-05
-2.55386e-05
-5.92002e-05
-2.61772e-05
-6.13681e-05
-2.68182e-05
-2.74687e-05
-7.67356e-06
-7.28509e-06
-1.03167e-05
-7.78273e-06
-1.29767e-05
-8.75217e-06
-1.56276e-05
-9.85258e-06
-1.82658e-05
-1.09322e-05
-2.08899e-05
-1.19601e-05
-2.35e-05
-1.29309e-05
-2.60956e-05
-1.38467e-05
-2.86761e-05
-1.47115e-05
-3.12406e-05
-1.55319e-05
-3.37878e-05
-1.63156e-05
-3.63155e-05
-1.70697e-05
-3.88215e-05
-1.78001e-05
-4.13031e-05
-1.85118e-05
-4.37573e-05
-1.92093e-05
-4.6182e-05
-1.98966e-05
-4.85753e-05
-2.05773e-05
-5.09365e-05
-2.12543e-05
-5.32653e-05
-2.19292e-05
-5.55615e-05
-2.26028e-05
-5.78247e-05
-2.32755e-05
-6.00544e-05
-2.39475e-05
-6.22505e-05
-2.46221e-05
-2.53032e-05
-7.96634e-06
-4.6473e-06
-1.06859e-05
-5.06319e-06
-1.33886e-05
-6.04946e-06
-1.60626e-05
-7.17854e-06
-1.87127e-05
-8.2821e-06
-2.13429e-05
-9.32991e-06
-2.39565e-05
-1.03173e-05
-2.65554e-05
-1.12479e-05
-2.91398e-05
-1.2127e-05
-3.17092e-05
-1.29625e-05
-3.4262e-05
-1.37628e-05
-3.67962e-05
-1.45355e-05
-3.9309e-05
-1.52872e-05
-4.17977e-05
-1.60231e-05
-4.42596e-05
-1.67474e-05
-4.66925e-05
-1.74637e-05
-4.90951e-05
-1.81748e-05
-5.14667e-05
-1.88826e-05
-5.38074e-05
-1.95885e-05
-5.6117e-05
-2.02933e-05
-5.8395e-05
-2.09975e-05
-6.06406e-05
-2.17019e-05
-6.28546e-05
-2.2408e-05
-2.31182e-05
-8.18283e-06
-1.88063e-06
-1.09808e-05
-2.26523e-06
-1.37172e-05
-3.31308e-06
-1.6401e-05
-4.49474e-06
-1.90488e-05
-5.63428e-06
-2.16717e-05
-6.70704e-06
-2.42767e-05
-7.7123e-06
-2.68676e-05
-8.65696e-06
-2.94455e-05
-9.5491e-06
-3.20098e-05
-1.03982e-05
-3.45588e-05
-1.12138e-05
-3.70901e-05
-1.20042e-05
-3.9601e-05
-1.27764e-05
-4.20884e-05
-1.35357e-05
-4.45497e-05
-1.42861e-05
-4.69828e-05
-1.50306e-05
-4.93867e-05
-1.57709e-05
-5.17608e-05
-1.65084e-05
-5.41052e-05
-1.72441e-05
-5.64196e-05
-1.79788e-05
-5.87038e-05
-1.87133e-05
-6.09572e-05
-1.94484e-05
-6.31804e-05
-2.01849e-05
-2.09235e-05
-8.33689e-06
1.04341e-06
-1.12182e-05
6.16096e-07
-1.39729e-05
-5.58377e-07
-1.66475e-05
-1.82018e-06
-1.92753e-05
-3.00643e-06
-2.18757e-05
-4.10668e-06
-2.44589e-05
-5.12903e-06
-2.70304e-05
-6.08554e-06
-2.95913e-05
-6.98821e-06
-3.21407e-05
-7.84875e-06
-3.46766e-05
-8.67789e-06
-3.71961e-05
-9.48464e-06
-3.96963e-05
-1.02762e-05
-4.2174e-05
-1.10579e-05
-4.46266e-05
-1.18335e-05
-4.7052e-05
-1.26051e-05
-4.94493e-05
-1.33737e-05
-5.18179e-05
-1.41398e-05
-5.41579e-05
-1.49042e-05
-5.64689e-05
-1.56678e-05
-5.87507e-05
-1.64315e-05
-6.10029e-05
-1.71962e-05
-6.32257e-05
-1.79621e-05
-1.87277e-05
-8.45875e-06
4.19151e-06
-1.1425e-05
3.58232e-06
-1.41682e-05
2.18485e-06
-1.68057e-05
8.17323e-07
-1.93919e-05
-4.20239e-07
-2.1953e-05
-1.54564e-06
-2.45012e-05
-2.58082e-06
-2.70418e-05
-3.54494e-06
-2.95754e-05
-4.45454e-06
-3.21004e-05
-5.32372e-06
-3.46141e-05
-6.16425e-06
-3.71131e-05
-6.98561e-06
-3.95942e-05
-7.79514e-06
-4.2054e-05
-8.59808e-06
-4.44899e-05
-9.39763e-06
-4.68999e-05
-1.01952e-05
-4.92827e-05
-1.09908e-05
-5.16379e-05
-1.17846e-05
-5.39652e-05
-1.25769e-05
-5.62644e-05
-1.33685e-05
-5.85353e-05
-1.41606e-05
-6.07774e-05
-1.49542e-05
-6.2991e-05
-1.57484e-05
-1.65402e-05
-8.64125e-06
7.78505e-06
-1.16452e-05
6.58623e-06
-1.43141e-05
4.85381e-06
-1.68754e-05
3.37862e-06
-1.93952e-05
2.09954e-06
-2.18998e-05
9.59013e-07
-2.44002e-05
-8.04505e-08
-2.68994e-05
-1.04577e-06
-2.93962e-05
-1.95768e-06
-3.18878e-05
-2.83213e-06
-3.43705e-05
-3.68154e-06
-3.68406e-05
-4.51553e-06
-3.92944e-05
-5.34136e-06
-4.17285e-05
-6.164e-06
-4.414e-05
-6.98613e-06
-4.65267e-05
-7.80837e-06
-4.88874e-05
-8.63014e-06
-5.12213e-05
-9.45079e-06
-5.35279e-05
-1.02703e-05
-5.58071e-05
-1.10894e-05
-5.80584e-05
-1.19092e-05
-6.02817e-05
-1.2731e-05
-6.24772e-05
-1.35529e-05
-1.437e-05
-9.20755e-06
1.24791e-05
-1.1921e-05
9.2997e-06
-1.44073e-05
7.34014e-06
-1.68474e-05
5.81868e-06
-1.92771e-05
4.52924e-06
-2.17106e-05
3.39255e-06
-2.41523e-05
2.36123e-06
-2.66008e-05
1.40268e-06
-2.90522e-05
4.93717e-07
-3.1502e-05
-3.82346e-07
-3.39456e-05
-1.23794e-06
-3.63787e-05
-2.08243e-06
-3.87973e-05
-2.92273e-06
-4.11979e-05
-3.76339e-06
-4.35775e-05
-4.60655e-06
-4.59336e-05
-5.45222e-06
-4.82647e-05
-6.2991e-06
-5.05695e-05
-7.14593e-06
-5.28476e-05
-7.9922e-06
-5.50986e-05
-8.8384e-06
-5.7322e-05
-9.68577e-06
-5.95177e-05
-1.05353e-05
-6.16862e-05
-1.13845e-05
-1.22263e-05
2.74439e-08
-2.74439e-08
-5.20074e-07
5.47518e-07
-1.66962e-06
1.14955e-06
-3.40554e-06
1.73592e-06
-5.64391e-06
2.23837e-06
4.29116e-06
-9.93507e-06
-2.55061e-07
2.27617e-07
-1.1956e-06
1.48806e-06
-2.63911e-06
2.59306e-06
-4.49795e-06
3.59476e-06
-6.88876e-06
4.62918e-06
6.98265e-06
-9.58025e-06
-4.24733e-07
6.52349e-07
-1.52698e-06
2.5903e-06
-3.07186e-06
4.13794e-06
-4.95308e-06
5.47597e-06
-7.18436e-06
6.86046e-06
9.00519e-06
-9.2069e-06
-5.37635e-07
1.18998e-06
-1.68606e-06
3.73873e-06
-3.22513e-06
5.67702e-06
-5.02147e-06
7.27231e-06
-6.99733e-06
8.83632e-06
1.06938e-05
-8.68589e-06
-6.24114e-07
1.8141e-06
-1.74394e-06
4.85856e-06
-3.20008e-06
7.13315e-06
-4.85037e-06
8.92261e-06
-6.57749e-06
1.05634e-05
1.21553e-05
-8.03904e-06
-6.7742e-07
2.49152e-06
-1.71898e-06
5.90012e-06
-3.04781e-06
8.46198e-06
-4.52373e-06
1.03985e-05
-6.02351e-06
1.20632e-05
1.34491e-05
-7.31735e-06
-6.83705e-07
3.17522e-06
-1.62176e-06
6.83818e-06
-2.79733e-06
9.63754e-06
-4.08684e-06
1.1688e-05
-5.38073e-06
1.33571e-05
1.46015e-05
-6.53313e-06
-6.49665e-07
3.82489e-06
-1.46357e-06
7.65209e-06
-2.46911e-06
1.06431e-05
-3.56825e-06
1.27872e-05
-4.6728e-06
1.44617e-05
1.56263e-05
-5.69758e-06
-5.82602e-07
4.40749e-06
-1.25527e-06
8.32475e-06
-2.07912e-06
1.14669e-05
-2.98632e-06
1.36944e-05
-3.91203e-06
1.53874e-05
1.65251e-05
-4.81076e-06
-4.8822e-07
4.89571e-06
-1.00619e-06
8.84272e-06
-1.64001e-06
1.21007e-05
-2.35325e-06
1.44076e-05
-3.10369e-06
1.61378e-05
1.72923e-05
-3.87093e-06
-3.71416e-07
5.26713e-06
-7.24952e-07
9.19625e-06
-1.1624e-06
1.25382e-05
-1.67756e-06
1.49228e-05
-2.25012e-06
1.67104e-05
1.79186e-05
-2.87642e-06
-2.37064e-07
5.50419e-06
-4.19611e-07
9.3788e-06
-6.55415e-07
1.2774e-05
-9.65716e-07
1.52331e-05
-1.35285e-06
1.70975e-05
1.83924e-05
-1.82665e-06
-8.97394e-08
5.59393e-06
-9.76993e-08
9.38676e-06
-1.26937e-07
1.28032e-05
-2.23796e-07
1.53299e-05
-4.14271e-07
1.7288e-05
1.86996e-05
-7.21508e-07
6.57323e-08
5.5282e-06
2.33388e-07
9.21911e-06
4.15112e-07
1.26215e-05
5.41814e-07
1.52032e-05
5.62551e-07
1.72672e-05
1.88234e-05
4.38764e-07
2.22771e-07
5.30543e-06
5.66144e-07
8.87573e-06
9.62292e-07
1.22254e-05
1.32384e-06
1.48417e-05
1.5735e-06
1.70176e-05
1.87432e-05
1.65369e-06
3.76613e-07
4.92881e-06
8.92335e-07
8.36001e-06
1.50485e-06
1.16129e-05
2.1133e-06
1.42332e-05
2.6128e-06
1.65181e-05
1.84341e-05
2.92188e-06
5.19922e-07
4.40889e-06
1.20206e-06
7.67788e-06
2.03074e-06
1.07842e-05
2.89827e-06
1.33657e-05
3.67223e-06
1.57441e-05
1.78647e-05
4.24168e-06
6.43702e-07
3.76519e-06
1.48306e-06
6.83852e-06
2.52457e-06
9.74266e-06
3.66249e-06
1.22278e-05
4.73962e-06
1.4667e-05
1.69944e-05
5.60988e-06
7.36239e-07
3.02895e-06
1.71948e-06
5.85528e-06
2.96618e-06
8.49596e-06
4.38364e-06
1.08103e-05
5.79628e-06
1.32543e-05
1.57705e-05
7.02023e-06
7.81104e-07
2.24784e-06
1.89119e-06
4.74519e-06
3.33055e-06
7.0566e-06
5.03133e-06
9.10955e-06
6.81307e-06
1.14726e-05
1.41213e-05
8.46226e-06
7.60187e-07
1.48766e-06
1.9725e-06
3.53288e-06
3.58695e-06
5.44214e-06
5.56529e-06
7.13122e-06
7.74918e-06
9.28871e-06
1.19466e-05
9.9239e-06
6.8197e-07
8.05688e-07
1.93798e-06
2.27688e-06
3.70059e-06
3.67952e-06
5.93376e-06
4.89805e-06
8.55674e-06
6.66573e-06
9.09832e-06
1.1405e-05
5.49486e-07
2.56201e-07
1.77656e-06
1.0498e-06
3.62619e-06
1.82989e-06
6.04913e-06
2.47511e-06
9.1676e-06
3.54727e-06
5.3099e-06
1.2956e-05
2.56201e-07
1.30601e-06
3.13589e-06
5.61101e-06
9.15827e-06
1.44682e-05
-1.00796e-05
1.26236e-05
-1.21764e-05
1.13966e-05
-1.4412e-05
9.57572e-06
-1.67003e-05
8.10692e-06
-1.90252e-05
6.85417e-06
-2.13784e-05
5.74581e-06
-2.37536e-05
4.7364e-06
-2.61438e-05
3.79284e-06
-2.85421e-05
2.89206e-06
-3.09424e-05
2.01797e-06
-3.33393e-05
1.15887e-06
-3.57277e-05
3.06059e-07
-3.81037e-05
-5.46771e-07
-4.04635e-05
-1.40364e-06
-4.28038e-05
-2.2662e-06
-4.51221e-05
-3.13392e-06
-4.74163e-05
-4.00493e-06
-4.96849e-05
-4.87734e-06
-5.19269e-05
-5.75015e-06
-5.41419e-05
-6.62344e-06
-5.63292e-05
-7.49842e-06
-5.84885e-05
-8.37605e-06
-6.06205e-05
-9.25251e-06
-1.01176e-05
-1.05922e-05
1.36355e-05
-1.22478e-05
1.30522e-05
-1.42582e-05
1.15861e-05
-1.64055e-05
1.02542e-05
-1.86269e-05
9.07556e-06
-2.08972e-05
8.01614e-06
-2.32012e-05
7.04033e-06
-2.55271e-05
6.11877e-06
-2.78658e-05
5.23074e-06
-3.02096e-05
4.36184e-06
-3.25525e-05
3.50169e-06
-3.48891e-05
2.64266e-06
-3.72151e-05
1.77923e-06
-3.95267e-05
9.08003e-07
-4.18207e-05
2.77698e-08
-4.40941e-05
-8.60531e-07
-4.63444e-05
-1.7546e-06
-4.85697e-05
-2.65202e-06
-5.07687e-05
-3.55119e-06
-5.29403e-05
-4.45181e-06
-5.50838e-05
-5.3549e-06
-5.71982e-05
-6.26166e-06
-5.92823e-05
-7.16841e-06
-8.05069e-06
-1.04827e-05
1.49113e-05
-1.2046e-05
1.46156e-05
-1.39183e-05
1.34584e-05
-1.59502e-05
1.22862e-05
-1.80763e-05
1.12016e-05
-2.02643e-05
1.02042e-05
-2.2494e-05
9.27e-06
-2.47508e-05
8.37559e-06
-2.70239e-05
7.50383e-06
-2.93048e-05
6.64273e-06
-3.15868e-05
5.78367e-06
-3.38644e-05
4.92032e-06
-3.61334e-05
4.04815e-06
-3.83897e-05
3.16438e-06
-4.06302e-05
2.26821e-06
-4.28515e-05
1.36082e-06
-4.50509e-05
4.44801e-07
-4.7226e-05
-4.76992e-07
-4.93747e-05
-1.40244e-06
-5.14957e-05
-2.33078e-06
-5.35878e-05
-3.26283e-06
-5.56493e-05
-4.20011e-06
-5.76772e-05
-5.14053e-06
-6.03139e-06
-1.00694e-05
1.62948e-05
-1.16101e-05
1.61563e-05
-1.33973e-05
1.52456e-05
-1.53358e-05
1.42247e-05
-1.73742e-05
1.32401e-05
-1.94808e-05
1.23108e-05
-2.16335e-05
1.14227e-05
-2.38167e-05
1.05587e-05
-2.60185e-05
9.70571e-06
-2.82302e-05
8.8544e-06
-3.04447e-05
7.99818e-06
-3.26566e-05
7.1322e-06
-3.48614e-05
6.25296e-06
-3.70554e-05
5.35834e-06
-3.9235e-05
4.44787e-06
-4.13971e-05
3.52285e-06
-4.35382e-05
2.58597e-06
-4.56556e-05
1.64039e-06
-4.77468e-05
6.88762e-07
-4.981e-05
-2.67608e-07
-5.18435e-05
-1.22926e-06
-5.38459e-05
-2.19772e-06
-5.58168e-05
-3.16966e-06
-4.07052e-06
-9.47014e-06
1.77259e-05
-1.09977e-05
1.76839e-05
-1.27158e-05
1.69636e-05
-1.45715e-05
1.60804e-05
-1.65261e-05
1.51947e-05
-1.85505e-05
1.43351e-05
-2.0623e-05
1.34952e-05
-2.27277e-05
1.26634e-05
-2.48528e-05
1.18308e-05
-2.69891e-05
1.09907e-05
-2.91297e-05
1.01388e-05
-3.12692e-05
9.27163e-06
-3.3403e-05
8.38682e-06
-3.55276e-05
7.4829e-06
-3.76394e-05
6.55968e-06
-3.9735e-05
5.61847e-06
-4.1811e-05
4.66192e-06
-4.38639e-05
3.69337e-06
-4.58911e-05
2.71593e-06
-4.78903e-05
1.73158e-06
-4.98599e-05
7.40382e-07
-5.17991e-05
-2.58558e-07
-5.37082e-05
-1.26053e-06
-2.18322e-06
-8.7455e-06
1.9154e-05
-1.02442e-05
1.91826e-05
-1.18932e-05
1.86126e-05
-1.36684e-05
1.78556e-05
-1.5539e-05
1.70654e-05
-1.74786e-05
1.62747e-05
-1.94668e-05
1.54833e-05
-2.14881e-05
1.46847e-05
-2.35307e-05
1.38734e-05
-2.55857e-05
1.30457e-05
-2.76461e-05
1.21992e-05
-2.97067e-05
1.13322e-05
-3.1763e-05
1.04432e-05
-3.38115e-05
9.53138e-06
-3.58487e-05
8.59691e-06
-3.78713e-05
7.64101e-06
-3.98755e-05
6.66618e-06
-4.18579e-05
5.67575e-06
-4.38151e-05
4.67315e-06
-4.57445e-05
3.66098e-06
-4.76441e-05
2.64002e-06
-4.95127e-05
1.60997e-06
-5.13494e-05
5.76187e-07
-3.73197e-07
-7.91797e-06
2.05389e-05
-9.36803e-06
2.06326e-05
-1.09443e-05
2.01889e-05
-1.26367e-05
1.9548e-05
-1.44203e-05
1.88489e-05
-1.62712e-05
1.81256e-05
-1.81702e-05
1.73824e-05
-2.01026e-05
1.66171e-05
-2.20571e-05
1.58278e-05
-2.40247e-05
1.50134e-05
-2.59989e-05
1.41734e-05
-2.79744e-05
1.33076e-05
-2.99469e-05
1.24157e-05
-3.19129e-05
1.14974e-05
-3.38691e-05
1.05531e-05
-3.58122e-05
9.58407e-06
-3.77385e-05
8.59246e-06
-3.96442e-05
7.58143e-06
-4.15255e-05
6.55451e-06
-4.33793e-05
5.51474e-06
-4.52028e-05
4.46351e-06
-4.69939e-05
3.40108e-06
-4.87509e-05
2.33325e-06
1.3539e-06
-7.0053e-06
2.18466e-05
-8.3848e-06
2.20122e-05
-9.88052e-06
2.16846e-05
-1.14853e-05
2.11528e-05
-1.3177e-05
2.05407e-05
-1.49342e-05
1.98827e-05
-1.67388e-05
1.9187e-05
-1.85768e-05
1.84551e-05
-2.04373e-05
1.76883e-05
-2.23118e-05
1.68879e-05
-2.41939e-05
1.60555e-05
-2.60783e-05
1.5192e-05
-2.79609e-05
1.42983e-05
-2.98383e-05
1.33748e-05
-3.17073e-05
1.24221e-05
-3.35647e-05
1.14414e-05
-3.54068e-05
1.04346e-05
-3.72297e-05
9.40434e-06
-3.90293e-05
8.35414e-06
-4.08017e-05
7.28713e-06
-4.25434e-05
6.20517e-06
-4.42513e-05
5.10901e-06
-4.59228e-05
4.00478e-06
2.99175e-06
-6.01451e-06
2.30503e-05
-7.30594e-06
2.33036e-05
-8.71134e-06
2.309e-05
-1.02216e-05
2.26631e-05
-1.18158e-05
2.21349e-05
-1.34736e-05
2.15405e-05
-1.51782e-05
2.08916e-05
-1.69162e-05
2.01932e-05
-1.86772e-05
1.94493e-05
-2.04529e-05
1.86637e-05
-2.22371e-05
1.78397e-05
-2.40247e-05
1.69796e-05
-2.58117e-05
1.60853e-05
-2.75947e-05
1.51578e-05
-2.93705e-05
1.4198e-05
-3.11361e-05
1.3207e-05
-3.28879e-05
1.21864e-05
-3.46221e-05
1.11385e-05
-3.63342e-05
1.00662e-05
-3.80196e-05
8.97261e-06
-3.96742e-05
7.85973e-06
-4.12938e-05
6.72861e-06
-4.28746e-05
5.58556e-06
4.53445e-06
-4.9506e-06
2.413e-05
-6.13831e-06
2.44913e-05
-7.4434e-06
2.43951e-05
-8.85189e-06
2.40715e-05
-1.03423e-05
2.36253e-05
-1.18952e-05
2.30934e-05
-1.34943e-05
2.24907e-05
-1.51268e-05
2.18257e-05
-1.67829e-05
2.11053e-05
-1.84544e-05
2.03353e-05
-2.01353e-05
1.95206e-05
-2.18207e-05
1.8665e-05
-2.35064e-05
1.77711e-05
-2.51893e-05
1.68407e-05
-2.68663e-05
1.5875e-05
-2.85344e-05
1.4875e-05
-3.01901e-05
1.38421e-05
-3.18297e-05
1.2778e-05
-3.34485e-05
1.1685e-05
-3.50417e-05
1.05658e-05
-3.66041e-05
9.42219e-06
-3.81308e-05
8.25524e-06
-3.96162e-05
7.071e-06
5.97668e-06
-3.81537e-06
2.5069e-05
-4.88606e-06
2.5562e-05
-6.08145e-06
2.55905e-05
-7.3811e-06
2.53712e-05
-8.76194e-06
2.50062e-05
-1.02044e-05
2.45359e-05
-1.16929e-05
2.39791e-05
-1.32149e-05
2.33478e-05
-1.47609e-05
2.26513e-05
-1.63232e-05
2.18975e-05
-1.78957e-05
2.1093e-05
-1.94735e-05
2.02428e-05
-2.10529e-05
1.93504e-05
-2.26304e-05
1.84182e-05
-2.42031e-05
1.74477e-05
-2.5768e-05
1.644e-05
-2.73221e-05
1.53962e-05
-2.88614e-05
1.43173e-05
-3.03815e-05
1.32051e-05
-3.18772e-05
1.20615e-05
-3.33428e-05
1.08878e-05
-3.47721e-05
9.68461e-06
-3.61582e-05
8.45707e-06
7.31373e-06
-2.60941e-06
2.58517e-05
-3.55144e-06
2.6504e-05
-4.62876e-06
2.66678e-05
-5.81325e-06
2.65557e-05
-7.07928e-06
2.62722e-05
-8.40669e-06
2.58633e-05
-9.77993e-06
2.53524e-05
-1.1187e-05
2.47548e-05
-1.26183e-05
2.40827e-05
-1.40666e-05
2.33458e-05
-1.55259e-05
2.25523e-05
-1.69914e-05
2.17083e-05
-1.84592e-05
2.08183e-05
-1.99262e-05
1.98852e-05
-2.13895e-05
1.8911e-05
-2.28461e-05
1.78967e-05
-2.42932e-05
1.68432e-05
-2.57269e-05
1.57511e-05
-2.71431e-05
1.46213e-05
-2.85362e-05
1.34547e-05
-2.99004e-05
1.22519e-05
-3.12285e-05
1.10127e-05
-3.25116e-05
9.74022e-06
8.54142e-06
-1.33256e-06
2.64628e-05
-2.13541e-06
2.73069e-05
-3.08745e-06
2.76198e-05
-4.15158e-06
2.76198e-05
-5.29859e-06
2.74192e-05
-6.50712e-06
2.70718e-05
-7.7614e-06
2.66067e-05
-9.04955e-06
2.6043e-05
-1.03623e-05
2.53955e-05
-1.16925e-05
2.4676e-05
-1.30342e-05
2.3894e-05
-1.43828e-05
2.30569e-05
-1.57346e-05
2.217e-05
-1.70863e-05
2.12369e-05
-1.84351e-05
2.02598e-05
-1.97785e-05
1.924e-05
-2.11134e-05
1.81781e-05
-2.24365e-05
1.70742e-05
-2.37436e-05
1.59284e-05
-2.50295e-05
1.47406e-05
-2.62879e-05
1.35103e-05
-2.7511e-05
1.22358e-05
-2.86881e-05
1.09173e-05
9.65591e-06
1.58154e-08
2.68857e-05
-6.38067e-07
2.79607e-05
-1.45877e-06
2.84406e-05
-2.39859e-06
2.85596e-05
-3.42361e-06
2.84442e-05
-4.51058e-06
2.81588e-05
-5.6432e-06
2.77393e-05
-6.80955e-06
2.72093e-05
-8.00057e-06
2.65865e-05
-9.20915e-06
2.58845e-05
-1.04296e-05
2.51145e-05
-1.16574e-05
2.42847e-05
-1.28888e-05
2.34014e-05
-1.41208e-05
2.24688e-05
-1.53506e-05
2.14896e-05
-1.65758e-05
2.04652e-05
-1.77937e-05
1.9396e-05
-1.90012e-05
1.82817e-05
-2.01945e-05
1.71217e-05
-2.13685e-05
1.59146e-05
-2.2517e-05
1.46588e-05
-2.36316e-05
1.33505e-05
-2.46996e-05
1.19853e-05
1.06534e-05
1.43656e-06
2.71029e-05
9.40953e-07
2.84563e-05
2.56628e-07
2.91249e-05
-5.56206e-07
2.93725e-05
-1.45761e-06
2.93456e-05
-2.42167e-06
2.91228e-05
-3.43113e-06
2.87487e-05
-4.4739e-06
2.82521e-05
-5.54099e-06
2.76536e-05
-6.62546e-06
2.6969e-05
-7.72179e-06
2.62108e-05
-8.82551e-06
2.53884e-05
-9.93302e-06
2.45089e-05
-1.10413e-05
2.35772e-05
-1.21479e-05
2.25962e-05
-1.32504e-05
2.15677e-05
-1.43466e-05
2.04921e-05
-1.54336e-05
1.93688e-05
-1.65081e-05
1.81962e-05
-1.75655e-05
1.6972e-05
-1.86e-05
1.56932e-05
-1.96029e-05
1.43535e-05
-2.05593e-05
1.29417e-05
1.15296e-05
2.93025e-06
2.70945e-05
2.60197e-06
2.87846e-05
2.05817e-06
2.96687e-05
1.37397e-06
3.00567e-05
5.96583e-07
3.0123e-05
-2.44556e-07
2.9964e-05
-1.13074e-06
2.96349e-05
-2.04943e-06
2.91708e-05
-2.99168e-06
2.85958e-05
-3.9507e-06
2.7928e-05
-4.9211e-06
2.71812e-05
-5.89855e-06
2.63659e-05
-6.87954e-06
2.54899e-05
-7.86116e-06
2.45588e-05
-8.841e-06
2.35761e-05
-9.81693e-06
2.25437e-05
-1.07869e-05
2.14621e-05
-1.17486e-05
2.03305e-05
-1.26992e-05
1.91468e-05
-1.36349e-05
1.79078e-05
-1.45507e-05
1.6609e-05
-1.54388e-05
1.52416e-05
-1.62815e-05
1.37843e-05
1.22792e-05
4.49625e-06
2.68399e-05
4.34433e-06
2.89365e-05
3.94486e-06
3.00681e-05
3.39021e-06
3.06113e-05
2.73629e-06
3.0777e-05
2.01692e-06
3.06833e-05
1.25284e-06
3.0399e-05
4.57281e-07
2.99663e-05
-3.60669e-07
2.94138e-05
-1.19433e-06
2.87617e-05
-2.03848e-06
2.80254e-05
-2.88893e-06
2.72164e-05
-3.74225e-06
2.63432e-05
-4.5956e-06
2.54121e-05
-5.44663e-06
2.44271e-05
-6.29329e-06
2.33903e-05
-7.13369e-06
2.23025e-05
-7.96585e-06
2.11626e-05
-8.78742e-06
1.99684e-05
-9.59544e-06
1.87158e-05
-1.03865e-05
1.74001e-05
-1.11556e-05
1.60106e-05
-1.18836e-05
1.45124e-05
1.28949e-05
6.13149e-06
2.63183e-05
6.16475e-06
2.89033e-05
5.91339e-06
3.03195e-05
5.48948e-06
3.10352e-05
4.95843e-06
3.1308e-05
4.35911e-06
3.12826e-05
3.71487e-06
3.10432e-05
3.04015e-06
3.06411e-05
2.3444e-06
3.01095e-05
1.63431e-06
2.94718e-05
9.14922e-07
2.87448e-05
1.90264e-07
2.7941e-05
-5.36369e-07
2.70699e-05
-1.26222e-06
2.6138e-05
-1.98495e-06
2.51498e-05
-2.70246e-06
2.41078e-05
-3.41279e-06
2.30128e-05
-4.11388e-06
2.18637e-05
-4.80329e-06
2.06578e-05
-5.47782e-06
1.93903e-05
-6.13426e-06
1.80565e-05
-6.77309e-06
1.66494e-05
-7.38796e-06
1.51272e-05
1.33722e-05
7.82937e-06
2.55092e-05
8.05457e-06
2.86781e-05
7.95567e-06
3.04184e-05
7.6654e-06
3.13255e-05
7.25807e-06
3.17153e-05
6.77774e-06
3.1763e-05
6.2509e-06
3.15701e-05
5.69377e-06
3.11982e-05
5.11669e-06
3.06866e-05
4.52657e-06
3.00619e-05
3.92838e-06
2.93429e-05
3.32594e-06
2.85435e-05
2.72227e-06
2.76735e-05
2.11988e-06
2.67404e-05
1.52091e-06
2.57488e-05
9.27359e-07
2.47014e-05
3.41328e-07
2.35988e-05
-2.34716e-07
2.24398e-05
-7.9761e-07
2.12207e-05
-1.34258e-06
1.99353e-05
-1.86066e-06
1.85746e-05
-2.33646e-06
1.71252e-05
-2.77415e-06
1.55649e-05
1.37939e-05
9.57829e-06
2.43931e-05
9.99669e-06
2.82597e-05
1.00558e-05
3.03593e-05
9.90557e-06
3.14757e-05
9.62636e-06
3.19945e-05
9.26658e-06
3.21228e-05
8.85601e-06
3.19807e-05
8.41334e-06
3.16409e-05
7.9505e-06
3.11494e-05
7.47523e-06
3.05372e-05
6.9927e-06
2.98255e-05
6.50649e-06
2.90297e-05
6.01917e-06
2.81609e-05
5.5326e-06
2.7227e-05
5.04811e-06
2.62333e-05
4.56682e-06
2.51827e-05
4.09001e-06
2.40757e-05
3.61966e-06
2.29101e-05
3.15897e-06
2.16813e-05
2.71336e-06
2.03809e-05
2.29515e-06
1.89928e-05
1.93308e-06
1.74873e-05
1.65905e-06
1.5839e-05
1.41814e-05
1.13551e-05
2.2962e-05
1.19608e-05
2.76539e-05
1.21865e-05
3.01336e-05
1.21882e-05
3.1474e-05
1.20476e-05
3.21351e-05
1.18152e-05
3.23551e-05
1.15235e-05
3.22724e-05
1.1194e-05
3.19703e-05
1.08414e-05
3.15021e-05
1.04752e-05
3.09034e-05
1.01014e-05
3.01992e-05
9.72377e-06
2.94073e-05
9.3444e-06
2.85402e-05
8.96422e-06
2.76071e-05
8.58336e-06
2.66141e-05
8.20141e-06
2.55646e-05
7.81806e-06
2.4459e-05
7.43403e-06
2.32942e-05
7.05251e-06
2.20629e-05
6.68112e-06
2.07523e-05
6.33249e-06
1.93414e-05
6.01769e-06
1.78021e-05
5.73932e-06
1.61173e-05
1.43004e-05
1.31109e-05
2.1256e-05
1.38924e-05
2.68725e-05
1.4301e-05
2.9725e-05
1.44765e-05
3.12985e-05
1.44951e-05
3.21165e-05
1.44058e-05
3.24444e-05
1.42423e-05
3.2436e-05
1.40294e-05
3.21832e-05
1.37855e-05
3.17459e-05
1.35234e-05
3.11654e-05
1.32515e-05
3.04712e-05
1.29745e-05
2.96843e-05
1.26948e-05
2.88199e-05
1.24132e-05
2.78888e-05
1.21291e-05
2.68982e-05
1.18418e-05
2.58519e-05
1.15511e-05
2.47497e-05
1.12583e-05
2.3587e-05
1.0968e-05
2.23532e-05
1.0689e-05
2.10313e-05
1.04336e-05
1.95968e-05
1.02158e-05
1.80199e-05
1.00588e-05
1.62743e-05
1.43379e-05
1.47223e-05
1.94897e-05
1.56893e-05
2.59055e-05
1.63137e-05
2.91006e-05
1.67063e-05
3.09059e-05
1.69236e-05
3.18992e-05
1.70078e-05
3.23602e-05
1.69931e-05
3.24507e-05
1.69084e-05
3.22679e-05
1.67774e-05
3.1877e-05
1.6618e-05
3.13248e-05
1.64426e-05
3.06465e-05
1.62591e-05
2.98678e-05
1.60714e-05
2.90076e-05
1.58812e-05
2.8079e-05
1.56887e-05
2.70908e-05
1.54937e-05
2.60469e-05
1.52968e-05
2.49466e-05
1.51005e-05
2.37832e-05
1.49102e-05
2.25436e-05
1.47338e-05
2.12077e-05
1.45823e-05
1.97483e-05
1.44689e-05
1.81334e-05
1.44147e-05
1.63285e-05
1.42931e-05
1.55014e-05
1.84565e-05
1.69521e-05
2.44548e-05
1.80174e-05
2.80353e-05
1.87562e-05
3.01672e-05
1.92553e-05
3.14001e-05
1.95693e-05
3.20462e-05
1.97419e-05
3.22781e-05
1.98103e-05
3.21994e-05
1.98061e-05
3.18812e-05
1.97546e-05
3.13764e-05
1.96748e-05
3.07263e-05
1.95798e-05
2.99628e-05
1.94775e-05
2.91099e-05
1.9372e-05
2.81845e-05
1.92653e-05
2.71974e-05
1.91587e-05
2.61535e-05
1.9054e-05
2.50514e-05
1.89543e-05
2.3883e-05
1.88643e-05
2.26335e-05
1.87902e-05
2.12818e-05
1.87401e-05
1.97983e-05
1.87252e-05
1.81483e-05
1.87635e-05
1.62901e-05
1.41652e-05
7.09924e-08
-7.09924e-08
5.37437e-07
-4.66445e-07
1.33034e-06
-7.92907e-07
2.59958e-06
-1.26924e-06
4.26561e-06
-1.66603e-06
-2.2108e-06
6.47641e-06
2.0199e-07
-2.72983e-07
7.53389e-07
-1.01784e-06
1.60691e-06
-1.64643e-06
2.70949e-06
-2.37182e-06
4.01359e-06
-2.97012e-06
-3.26905e-06
5.07183e-06
2.69507e-07
-5.4249e-07
8.32365e-07
-1.5807e-06
1.64457e-06
-2.45864e-06
2.5742e-06
-3.30144e-06
3.49199e-06
-3.88791e-06
-3.90483e-06
4.12777e-06
3.11869e-07
-8.54359e-07
8.58374e-07
-2.12721e-06
1.59534e-06
-3.19561e-06
2.37253e-06
-4.07863e-06
3.07315e-06
-4.58854e-06
-4.43217e-06
3.6005e-06
3.39663e-07
-1.19402e-06
8.46249e-07
-2.63379e-06
1.49354e-06
-3.84289e-06
2.14315e-06
-4.72824e-06
2.71696e-06
-5.16235e-06
-4.93595e-06
3.22073e-06
3.47086e-07
-1.54111e-06
7.99943e-07
-3.08665e-06
1.35292e-06
-4.39586e-06
1.8926e-06
-5.26792e-06
2.37567e-06
-5.64543e-06
-5.41392e-06
2.85364e-06
3.14766e-07
-1.85588e-06
7.17731e-07
-3.48961e-06
1.18096e-06
-4.8591e-06
1.6215e-06
-5.70846e-06
2.02389e-06
-6.04781e-06
-5.84838e-06
2.45834e-06
2.66649e-07
-2.12252e-06
6.08606e-07
-3.83157e-06
9.84268e-07
-5.23476e-06
1.33007e-06
-6.05426e-06
1.64968e-06
-6.36741e-06
-6.21706e-06
2.01836e-06
2.07531e-07
-2.33006e-06
4.81046e-07
-4.10508e-06
7.69052e-07
-5.52276e-06
1.02004e-06
-6.30525e-06
1.24849e-06
-6.59587e-06
-6.49616e-06
1.52758e-06
1.41011e-07
-2.47107e-06
3.41316e-07
-4.30539e-06
5.40964e-07
-5.72241e-06
6.94905e-07
-6.45919e-06
8.21138e-07
-6.7221e-06
-6.66285e-06
9.8783e-07
7.02877e-08
-2.54135e-06
1.94679e-07
-4.42978e-06
3.05254e-07
-5.83299e-06
3.5966e-07
-6.51359e-06
3.73318e-07
-6.73576e-06
-6.69706e-06
4.0753e-07
-1.71845e-09
-2.53964e-06
4.56139e-08
-4.47711e-06
6.71623e-08
-5.85454e-06
2.02804e-08
-6.46671e-06
-8.58719e-08
-6.6296e-06
-6.5836e-06
-1.99334e-07
-7.17684e-08
-2.46787e-06
-1.02016e-07
-4.44687e-06
-1.683e-07
-5.78825e-06
-3.15702e-07
-6.31931e-06
-5.44408e-07
-6.4009e-06
-6.31372e-06
-8.14291e-07
-1.37558e-07
-2.33031e-06
-2.44634e-07
-4.33979e-06
-3.96362e-07
-5.63652e-06
-6.40919e-07
-6.07475e-06
-9.88955e-07
-6.05286e-06
-5.88585e-06
-1.41682e-06
-1.96414e-07
-2.13389e-06
-3.78739e-07
-4.15746e-06
-6.12579e-07
-5.40268e-06
-9.47494e-07
-5.73984e-06
-1.40489e-06
-5.59547e-06
-5.30786e-06
-1.98289e-06
-2.45871e-07
-1.88802e-06
-5.00788e-07
-3.90255e-06
-8.13126e-07
-5.09035e-06
-1.22877e-06
-5.3242e-06
-1.77974e-06
-5.04449e-06
-4.59738e-06
-2.49022e-06
-2.83601e-07
-1.60442e-06
-6.07331e-07
-3.57882e-06
-9.949e-07
-4.70278e-06
-1.47959e-06
-4.83951e-06
-2.10291e-06
-4.42117e-06
-3.77943e-06
-2.92086e-06
-3.07041e-07
-1.29738e-06
-6.94989e-07
-3.19087e-06
-1.15552e-06
-4.24224e-06
-1.69686e-06
-4.29817e-06
-2.36641e-06
-3.75162e-06
-2.88867e-06
-3.25716e-06
-3.1273e-07
-9.84652e-07
-7.60084e-07
-2.74352e-06
-1.29331e-06
-3.70901e-06
-1.88022e-06
-3.71126e-06
-2.5664e-06
-3.06544e-06
-1.96972e-06
-3.48536e-06
-2.92541e-07
-6.92111e-07
-7.99728e-07
-2.23633e-06
-1.40706e-06
-3.10168e-06
-2.03273e-06
-3.08559e-06
-2.70641e-06
-2.39177e-06
-1.0806e-06
-3.59552e-06
-2.61578e-07
-4.30532e-07
-8.16909e-07
-1.681e-06
-1.49523e-06
-2.42335e-06
-2.16165e-06
-2.41917e-06
-2.79929e-06
-1.75414e-06
-3.01291e-07
-3.5786e-06
-2.21026e-07
-2.09507e-07
-8.06005e-07
-1.09602e-06
-1.55241e-06
-1.67694e-06
-2.27739e-06
-1.69419e-06
-2.8719e-06
-1.15962e-06
2.43511e-07
-3.41671e-06
-1.60347e-07
-4.91596e-08
-7.49773e-07
-5.06593e-07
-1.56177e-06
-8.64947e-07
-2.37406e-06
-8.81901e-07
-2.9427e-06
-5.90987e-07
3.58341e-07
-3.05753e-06
-4.91596e-08
-5.55753e-07
-1.4207e-06
-2.3026e-06
-2.89359e-06
-2.53525e-06
1.4091e-05
1.08419e-05
1.72362e-05
2.13095e-05
1.90991e-05
2.61725e-05
2.04244e-05
2.88418e-05
2.13628e-05
3.04617e-05
2.20046e-05
3.14045e-05
2.24301e-05
3.18526e-05
2.26966e-05
3.1933e-05
2.28483e-05
3.17294e-05
2.29213e-05
3.13034e-05
2.29441e-05
3.07036e-05
2.29377e-05
2.99692e-05
2.29166e-05
2.9131e-05
2.28898e-05
2.82113e-05
2.28626e-05
2.72246e-05
2.28386e-05
2.61775e-05
2.28209e-05
2.5069e-05
2.28131e-05
2.38908e-05
2.28186e-05
2.2628e-05
2.28412e-05
2.12592e-05
2.28858e-05
1.97537e-05
2.29611e-05
1.8073e-05
2.30835e-05
1.61677e-05
1.39607e-05
1.07855e-05
5.12823e-06
1.59636e-05
1.61315e-05
1.93281e-05
2.28079e-05
2.15166e-05
2.66534e-05
2.30725e-05
2.89058e-05
2.41875e-05
3.02895e-05
2.4966e-05
3.10741e-05
2.5501e-05
3.1398e-05
2.58586e-05
3.13718e-05
2.60898e-05
3.10722e-05
2.62352e-05
3.05582e-05
2.63269e-05
2.98775e-05
2.63888e-05
2.90691e-05
2.64375e-05
2.81626e-05
2.64837e-05
2.71784e-05
2.65348e-05
2.61265e-05
2.6596e-05
2.50078e-05
2.66716e-05
2.38152e-05
2.67643e-05
2.25353e-05
2.68751e-05
2.11483e-05
2.70058e-05
1.9623e-05
2.71621e-05
1.79167e-05
2.73588e-05
1.5971e-05
1.36891e-05
8.16764e-06
1.08835e-06
1.36548e-05
1.06443e-05
1.83682e-05
1.80945e-05
2.17989e-05
2.32227e-05
2.41981e-05
2.65066e-05
2.59424e-05
2.85451e-05
2.72152e-05
2.98012e-05
2.81216e-05
3.04916e-05
2.87606e-05
3.07328e-05
2.9205e-05
3.06278e-05
2.95117e-05
3.02515e-05
2.9726e-05
2.96632e-05
2.98836e-05
2.89114e-05
3.00113e-05
2.80349e-05
3.01283e-05
2.70614e-05
3.02475e-05
2.60073e-05
3.03779e-05
2.48773e-05
3.05257e-05
2.36674e-05
3.06941e-05
2.2367e-05
3.08824e-05
2.096e-05
3.10888e-05
1.94166e-05
3.13154e-05
1.76901e-05
3.1575e-05
1.57114e-05
1.33623e-05
6.36902e-06
-1.68017e-06
1.11887e-05
5.82466e-06
1.63675e-05
1.29157e-05
2.09239e-05
1.86663e-05
2.44643e-05
2.29662e-05
2.70648e-05
2.59447e-05
2.89853e-05
2.78807e-05
3.04068e-05
2.90701e-05
3.14355e-05
2.97042e-05
3.2175e-05
2.98882e-05
3.27044e-05
2.97221e-05
3.30856e-05
2.9282e-05
3.33684e-05
2.86287e-05
3.35919e-05
2.78113e-05
3.37858e-05
2.68675e-05
3.39713e-05
2.58217e-05
3.41633e-05
2.46853e-05
3.43719e-05
2.34589e-05
3.46025e-05
2.21364e-05
3.48553e-05
2.07072e-05
3.51254e-05
1.91465e-05
3.54103e-05
1.74052e-05
3.57194e-05
1.54023e-05
1.29954e-05
5.1668e-06
-3.62624e-06
9.02863e-06
1.96283e-06
1.39303e-05
8.01403e-06
1.89874e-05
1.36091e-05
2.35361e-05
1.84176e-05
2.72284e-05
2.22523e-05
3.00387e-05
2.50704e-05
3.2139e-05
2.69698e-05
3.37087e-05
2.81345e-05
3.48596e-05
2.87373e-05
3.5701e-05
2.88807e-05
3.63177e-05
2.86653e-05
3.67767e-05
2.81696e-05
3.71316e-05
2.74564e-05
3.74244e-05
2.65748e-05
3.76864e-05
2.55597e-05
3.79405e-05
2.44312e-05
3.82027e-05
2.31966e-05
3.84837e-05
2.18554e-05
3.87872e-05
2.04037e-05
3.91076e-05
1.8826e-05
3.94378e-05
1.7075e-05
3.97815e-05
1.50586e-05
1.2606e-05
4.31599e-06
-5.08858e-06
7.29465e-06
-1.01583e-06
1.15351e-05
3.77363e-06
1.64662e-05
8.67794e-06
2.14993e-05
1.33846e-05
2.61184e-05
1.76332e-05
2.99941e-05
2.11946e-05
3.303e-05
2.3934e-05
3.53267e-05
2.58377e-05
3.70523e-05
2.70117e-05
3.8333e-05
2.76001e-05
3.92834e-05
2.77149e-05
3.99954e-05
2.74576e-05
4.05408e-05
2.6911e-05
4.09758e-05
2.61397e-05
4.13438e-05
2.51918e-05
4.16766e-05
2.40984e-05
4.19978e-05
2.28754e-05
4.23247e-05
2.15285e-05
4.26681e-05
2.00603e-05
4.3027e-05
1.84671e-05
4.33904e-05
1.67117e-05
4.37545e-05
1.46945e-05
1.22129e-05
3.61881e-06
-6.24905e-06
5.91756e-06
-3.31458e-06
9.40114e-06
2.90048e-07
1.38143e-05
4.26482e-06
1.87749e-05
8.42387e-06
2.38415e-05
1.25667e-05
2.85784e-05
1.64577e-05
3.2658e-05
1.98544e-05
3.59352e-05
2.25606e-05
3.8452e-05
2.4495e-05
4.03514e-05
2.57007e-05
4.17766e-05
2.62896e-05
4.28516e-05
2.63827e-05
4.36746e-05
2.60881e-05
4.43212e-05
2.54932e-05
4.48488e-05
2.46642e-05
4.53002e-05
2.36471e-05
4.57067e-05
2.24689e-05
4.60923e-05
2.11429e-05
4.64762e-05
1.96764e-05
4.68674e-05
1.80759e-05
4.72561e-05
1.63229e-05
4.76297e-05
1.43209e-05
1.18334e-05
2.95026e-06
-7.18094e-06
4.74843e-06
-5.11275e-06
7.54683e-06
-2.50835e-06
1.1293e-05
5.18687e-07
1.58043e-05
3.91254e-06
2.07972e-05
7.57382e-06
2.5922e-05
1.13329e-05
3.0799e-05
1.49774e-05
3.50919e-05
1.82677e-05
3.86186e-05
2.09683e-05
4.13781e-05
2.29411e-05
4.34856e-05
2.41821e-05
4.50873e-05
2.4781e-05
4.63155e-05
2.48598e-05
4.72752e-05
2.45335e-05
4.80452e-05
2.38942e-05
4.86828e-05
2.30094e-05
4.9229e-05
2.19227e-05
4.97137e-05
2.06582e-05
5.01617e-05
1.92283e-05
5.05935e-05
1.76441e-05
5.10097e-05
1.59067e-05
5.13906e-05
1.394e-05
1.14786e-05
2.24667e-06
-7.90003e-06
3.64965e-06
-6.51572e-06
5.87539e-06
-4.7341e-06
8.95925e-06
-2.56517e-06
1.28531e-05
1.86819e-08
1.74187e-05
3.00819e-06
2.24321e-05
6.31952e-06
2.76128e-05
9.79667e-06
3.26227e-05
1.32578e-05
3.71288e-05
1.64622e-05
4.09207e-05
1.91492e-05
4.39545e-05
2.11484e-05
4.63143e-05
2.24211e-05
4.81384e-05
2.30358e-05
4.95624e-05
2.31095e-05
5.06962e-05
2.27604e-05
5.1621e-05
2.20846e-05
5.23931e-05
2.11506e-05
5.30505e-05
2.00008e-05
5.36212e-05
1.86577e-05
5.4132e-05
1.71333e-05
5.45993e-05
1.54394e-05
5.5004e-05
1.35353e-05
1.11453e-05
1.48297e-06
-8.39518e-06
2.53429e-06
-7.56703e-06
4.26905e-06
-6.46886e-06
6.75074e-06
-5.04686e-06
9.99293e-06
-3.22351e-06
1.39568e-05
-9.55659e-07
1.85308e-05
1.74545e-06
2.35347e-05
4.79281e-06
2.87442e-05
8.04829e-06
3.38613e-05
1.1345e-05
3.85689e-05
1.44417e-05
4.2639e-05
1.70783e-05
4.59858e-05
1.90743e-05
4.86553e-05
2.03663e-05
5.07651e-05
2.09997e-05
5.24455e-05
2.108e-05
5.38078e-05
2.07223e-05
5.49337e-05
2.00247e-05
5.58755e-05
1.90591e-05
5.66662e-05
1.78669e-05
5.73376e-05
1.64619e-05
5.79165e-05
1.48605e-05
5.83935e-05
1.30584e-05
1.08022e-05
6.57256e-07
-8.64491e-06
1.36372e-06
-8.2735e-06
2.64599e-06
-7.75113e-06
4.57458e-06
-6.97545e-06
7.18701e-06
-5.83593e-06
1.04909e-05
-4.25953e-06
1.44535e-05
-2.2172e-06
1.89802e-05
2.66115e-07
2.39336e-05
3.09493e-06
2.91353e-05
6.14327e-06
3.43225e-05
9.25449e-06
3.92055e-05
1.21953e-05
4.35539e-05
1.47258e-05
4.72489e-05
1.66713e-05
5.02921e-05
1.79565e-05
5.27666e-05
1.86055e-05
5.47854e-05
1.87035e-05
5.64512e-05
1.83589e-05
5.78465e-05
1.76638e-05
5.90002e-05
1.67132e-05
5.99606e-05
1.55015e-05
6.0761e-05
1.40601e-05
6.14048e-05
1.24146e-05
1.03719e-05
-2.16515e-07
-8.62772e-06
1.36002e-07
-8.62601e-06
9.74296e-07
-8.58942e-06
2.37265e-06
-8.37381e-06
4.37733e-06
-7.84062e-06
7.01583e-06
-6.89802e-06
1.02943e-05
-5.49565e-06
1.41854e-05
-3.62496e-06
1.86128e-05
-1.33254e-06
2.34751e-05
1.28099e-06
2.86257e-05
4.10389e-06
3.38383e-05
6.98278e-06
3.88615e-05
9.70261e-06
4.34762e-05
1.20566e-05
4.75401e-05
1.38925e-05
5.1009e-05
1.51367e-05
5.39146e-05
1.57978e-05
5.63426e-05
1.59309e-05
5.84102e-05
1.55962e-05
6.01857e-05
1.49378e-05
6.16538e-05
1.40333e-05
6.28279e-05
1.2886e-05
6.37772e-05
1.14653e-05
9.72065e-06
-1.1151e-06
-8.32692e-06
-1.1262e-06
-8.61491e-06
-7.33988e-07
-8.98163e-06
1.40596e-07
-9.24839e-06
1.54907e-06
-9.24909e-06
3.52816e-06
-8.87712e-06
6.10278e-06
-8.07027e-06
9.28208e-06
-6.80426e-06
1.30443e-05
-5.09472e-06
1.73303e-05
-3.00501e-06
2.20654e-05
-6.31264e-07
2.71268e-05
1.92138e-06
3.23273e-05
4.50213e-06
3.74548e-05
6.92907e-06
4.23099e-05
9.03744e-06
4.67418e-05
1.07048e-05
5.06713e-05
1.18683e-05
5.40856e-05
1.25166e-05
5.70038e-05
1.2678e-05
5.95239e-05
1.24177e-05
6.1703e-05
1.18543e-05
6.35512e-05
1.10378e-05
6.50587e-05
9.95774e-06
8.63026e-06
-2.00764e-06
-7.7361e-06
-2.38585e-06
-8.23671e-06
-2.43803e-06
-8.92945e-06
-2.08006e-06
-9.60635e-06
-1.25647e-06
-1.00727e-05
7.61256e-08
-1.02097e-05
1.95405e-06
-9.94819e-06
4.40348e-06
-9.25369e-06
7.43638e-06
-8.12762e-06
1.1036e-05
-6.60467e-06
1.51588e-05
-4.75407e-06
1.97475e-05
-2.66731e-06
2.46967e-05
-4.47053e-07
2.98533e-05
1.7725e-06
3.50419e-05
3.84883e-06
4.00883e-05
5.6584e-06
4.48467e-05
7.10985e-06
4.92159e-05
8.14752e-06
5.31388e-05
8.75503e-06
5.65964e-05
8.96006e-06
5.96277e-05
8.82301e-06
6.22877e-05
8.37772e-06
6.45708e-05
7.67467e-06
6.81563e-06
-2.86291e-06
-6.85607e-06
-3.60193e-06
-7.49769e-06
-4.08162e-06
-8.44976e-06
-4.22072e-06
-9.46725e-06
-3.95618e-06
-1.03372e-05
-3.2402e-06
-1.09257e-05
-2.02842e-06
-1.116e-05
-2.81016e-07
-1.10011e-05
2.02416e-06
-1.04328e-05
4.90564e-06
-9.48615e-06
8.34512e-06
-8.19354e-06
1.23095e-05
-6.63172e-06
1.67466e-05
-4.88415e-06
2.15649e-05
-3.04573e-06
2.66399e-05
-1.22618e-06
3.18293e-05
4.68929e-07
3.69878e-05
1.9514e-06
4.19803e-05
3.15499e-06
4.66945e-05
4.0409e-06
5.10538e-05
4.60068e-06
5.50266e-05
4.85026e-06
5.85886e-05
4.81573e-06
6.17561e-05
4.50712e-06
4.04723e-06
-3.64627e-06
-5.70002e-06
-4.72964e-06
-6.41433e-06
-5.60919e-06
-7.57021e-06
-6.20348e-06
-8.87296e-06
-6.45089e-06
-1.00898e-05
-6.2956e-06
-1.1081e-05
-5.68719e-06
-1.17684e-05
-4.581e-06
-1.21073e-05
-2.93625e-06
-1.20775e-05
-7.3918e-07
-1.16832e-05
2.02259e-06
-1.09553e-05
5.3318e-06
-9.94093e-06
9.15656e-06
-8.70891e-06
1.3442e-05
-7.33116e-06
1.81078e-05
-5.89197e-06
2.30538e-05
-4.47707e-06
2.8166e-05
-3.16087e-06
3.33246e-05
-2.00353e-06
3.84138e-05
-1.04832e-06
4.33335e-05
-3.19031e-07
4.80058e-05
1.77948e-07
5.23733e-05
4.48231e-07
5.6401e-05
4.79446e-07
2.72334e-07
-4.32994e-06
-4.29094e-06
-5.72338e-06
-5.02089e-06
-6.96149e-06
-6.3321e-06
-7.95657e-06
-7.87788e-06
-8.64747e-06
-9.39891e-06
-8.97182e-06
-1.07566e-05
-8.87341e-06
-1.18668e-05
-8.30406e-06
-1.26766e-05
-7.22443e-06
-1.31572e-05
-5.60974e-06
-1.32979e-05
-3.45159e-06
-1.31135e-05
-7.56345e-07
-1.26362e-05
2.45944e-06
-1.19247e-05
6.16009e-06
-1.10318e-05
1.02913e-05
-1.00232e-05
1.47799e-05
-8.96562e-06
1.95419e-05
-7.92288e-06
2.44876e-05
-6.9492e-06
2.95248e-05
-6.08555e-06
3.45652e-05
-5.35942e-06
3.95305e-05
-4.78735e-06
4.43583e-05
-4.37956e-06
4.90046e-05
-4.16685e-06
-4.29771e-06
-4.89e-06
-2.65811e-06
-6.55131e-06
-3.35958e-06
-8.0908e-06
-4.7926e-06
-9.41991e-06
-6.54878e-06
-1.04731e-05
-8.34572e-06
-1.11806e-05
-1.00491e-05
-1.14789e-05
-1.15686e-05
-1.13187e-05
-1.28368e-05
-1.06625e-05
-1.38134e-05
-9.4919e-06
-1.44685e-05
-7.80415e-06
-1.48012e-05
-5.60621e-06
-1.48341e-05
-2.91991e-06
-1.4611e-05
2.29889e-07
-1.41816e-05
3.80728e-06
-1.36006e-05
7.76323e-06
-1.29216e-05
1.20376e-05
-1.21973e-05
1.65628e-05
-1.14743e-05
2.12682e-05
-1.0791e-05
2.60873e-05
-1.01785e-05
3.09636e-05
-9.66363e-06
3.58588e-05
-9.27476e-06
4.07579e-05
-9.06596e-06
-9.22195e-06
-5.3083e-06
-8.35171e-07
-7.18913e-06
-1.47874e-06
-8.96438e-06
-3.01735e-06
-1.05505e-05
-4.96265e-06
-1.18798e-05
-7.01647e-06
-1.28713e-05
-9.05758e-06
-1.34489e-05
-1.0991e-05
-1.35593e-05
-1.27264e-05
-1.31687e-05
-1.4204e-05
-1.22685e-05
-1.53687e-05
-1.087e-05
-1.61997e-05
-8.99695e-06
-1.67072e-05
-6.67879e-06
-1.69292e-05
-3.94651e-06
-1.69139e-05
-8.34475e-07
-1.67126e-05
2.6203e-06
-1.63763e-05
6.37671e-06
-1.59537e-05
1.03895e-05
-1.54871e-05
1.4612e-05
-1.50135e-05
1.89991e-05
-1.45656e-05
2.35126e-05
-1.41771e-05
2.81321e-05
-1.38943e-05
3.28579e-05
-1.37917e-05
-1.39869e-05
-5.57519e-06
1.1445e-06
-7.62209e-06
5.68161e-07
-9.55807e-06
-1.08137e-06
-1.13179e-05
-3.20287e-06
-1.28347e-05
-5.49964e-06
-1.40125e-05
-7.87974e-06
-1.47602e-05
-1.02433e-05
-1.50077e-05
-1.24788e-05
-1.47282e-05
-1.44835e-05
-1.39195e-05
-1.61774e-05
-1.2611e-05
-1.75081e-05
-1.08476e-05
-1.84707e-05
-8.68015e-06
-1.90966e-05
-6.15689e-06
-1.94372e-05
-3.32014e-06
-1.95494e-05
-2.07573e-07
-1.94889e-05
3.14521e-06
-1.93065e-05
6.7043e-06
-1.90462e-05
1.04361e-05
-1.87453e-05
1.43069e-05
-1.84363e-05
1.8282e-05
-1.81522e-05
2.2326e-05
-1.79383e-05
2.6404e-05
-1.78697e-05
-1.80522e-05
-5.69287e-06
3.25876e-06
-7.84607e-06
2.72137e-06
-9.85486e-06
9.27418e-07
-1.16867e-05
-1.37099e-06
-1.32727e-05
-3.9137e-06
-1.45259e-05
-6.62652e-06
-1.53422e-05
-9.42706e-06
-1.56133e-05
-1.22077e-05
-1.52894e-05
-1.48074e-05
-1.4387e-05
-1.70798e-05
-1.29619e-05
-1.89332e-05
-1.10883e-05
-2.03443e-05
-8.84567e-06
-2.13392e-05
-6.30317e-06
-2.19797e-05
-3.51545e-06
-2.23371e-05
-5.25729e-07
-2.24786e-05
2.6309e-06
-2.24631e-05
5.9241e-06
-2.23394e-05
9.32604e-06
-2.21473e-05
1.28084e-05
-2.19187e-05
1.63377e-05
-2.16815e-05
1.98633e-05
-2.14638e-05
2.33057e-05
-2.13121e-05
-2.1385e-05
-5.6824e-06
5.52445e-06
-7.87121e-06
4.91018e-06
-9.84878e-06
2.90499e-06
-1.1648e-05
4.28228e-07
-1.32167e-05
-2.34504e-06
-1.44457e-05
-5.39743e-06
-1.51769e-05
-8.69591e-06
-1.52986e-05
-1.20861e-05
-1.47446e-05
-1.53613e-05
-1.35365e-05
-1.82879e-05
-1.17626e-05
-2.07071e-05
-9.53932e-06
-2.25675e-05
-6.98208e-06
-2.38965e-05
-4.1868e-06
-2.47749e-05
-1.22367e-06
-2.53002e-05
1.85951e-06
-2.55618e-05
5.03082e-06
-2.56344e-05
8.26817e-06
-2.55768e-05
1.15548e-05
-2.54339e-05
1.48751e-05
-2.52389e-05
1.82087e-05
-2.50152e-05
2.15274e-05
-2.47825e-05
2.48003e-05
-2.45851e-05
-2.46104e-05
-5.61633e-06
8.08325e-06
-7.7264e-06
7.02025e-06
-9.53354e-06
4.71212e-06
-1.11647e-05
2.05939e-06
-1.25721e-05
-9.37645e-07
-1.36154e-05
-4.35415e-06
-1.411e-05
-8.20128e-06
-1.38976e-05
-1.22984e-05
-1.29012e-05
-1.63578e-05
-1.11568e-05
-2.00323e-05
-8.7984e-06
-2.30656e-05
-5.99974e-06
-2.53662e-05
-2.91851e-06
-2.69777e-05
3.23406e-07
-2.80169e-05
3.64447e-06
-2.86213e-05
6.99643e-06
-2.89138e-05
1.03561e-05
-2.89941e-05
1.37166e-05
-2.89373e-05
1.70814e-05
-2.87987e-05
2.04609e-05
-2.86185e-05
2.38691e-05
-2.84234e-05
2.73231e-05
-2.82365e-05
3.08267e-05
-2.80886e-05
-2.81221e-05
-5.75672e-06
-7.45214e-06
-8.89512e-06
-1.01886e-05
-1.12494e-05
-1.19085e-05
-1.19363e-05
-1.11552e-05
-9.47573e-06
-6.97452e-06
-3.84121e-06
-3.10181e-07
3.41686e-06
7.20213e-06
1.09595e-05
1.46485e-05
1.8262e-05
2.1814e-05
2.53295e-05
2.8841e-05
3.23866e-05
3.60116e-05
3.97325e-05
)
;

boundaryField
{
    rotor
    {
        type            calculated;
        value           nonuniform List<scalar> 
144
(
0
0
-2.11758e-22
-4.23516e-22
4.23516e-22
4.23516e-22
-5.13789e-24
1.44371e-24
1.0337e-23
5.19097e-24
1.61576e-23
1.64739e-24
6.26797e-24
-3.14121e-24
-1.21559e-23
-6.51719e-24
3.7844e-24
1.52445e-23
5.00114e-24
3.10993e-25
-1.10285e-24
9.31992e-26
-1.12829e-24
-1.60256e-24
3.67934e-25
3.09074e-25
3.64198e-25
-2.22922e-24
-2.41057e-24
3.50373e-25
2.11758e-22
0
-2.11758e-22
4.23516e-22
-4.23516e-22
0
0
-2.11758e-22
2.11758e-22
0
0
0
-1.85045e-24
1.44371e-24
1.0337e-23
5.19097e-24
1.61576e-23
1.64739e-24
6.26797e-24
-3.14121e-24
-1.21559e-23
-6.51719e-24
3.7844e-24
1.52445e-23
5.00114e-24
3.10993e-25
-1.10285e-24
9.31992e-26
-1.12829e-24
-1.60256e-24
3.67934e-25
3.09074e-25
3.64198e-25
-2.22922e-24
-2.41057e-24
2.75952e-24
0
2.11758e-22
2.11758e-22
4.23516e-22
-4.23516e-22
4.23516e-22
0
0
2.11758e-22
0
4.23516e-22
0
-1.75725e-24
1.44371e-24
1.0337e-23
5.19097e-24
1.61576e-23
1.64739e-24
6.26797e-24
-3.14121e-24
-1.21559e-23
-6.51719e-24
3.7844e-24
1.52445e-23
5.00114e-24
3.10993e-25
-1.10285e-24
9.31992e-26
-1.12829e-24
-1.60256e-24
3.67934e-25
3.09074e-25
3.64198e-25
-2.22922e-24
-2.41057e-24
5.33425e-24
2.11758e-22
0
2.11758e-22
0
0
0
0
-2.11758e-22
0
0
0
0
6.97025e-24
1.44371e-24
1.0337e-23
5.19097e-24
1.61576e-23
1.64739e-24
6.26797e-24
-3.14121e-24
-1.21559e-23
-6.51719e-24
3.7844e-24
1.52445e-23
5.00114e-24
3.10993e-25
-1.10285e-24
9.31992e-26
-1.12829e-24
-1.60256e-24
3.67934e-25
3.09074e-25
3.64198e-25
-2.22922e-24
-2.41057e-24
2.88281e-24
4.23516e-22
-2.11758e-22
-4.23516e-22
4.23516e-22
0
0
)
;
    }
    freestream
    {
        type            calculated;
        value           nonuniform List<scalar> 
96
(
5.36997e-05
6.22138e-05
6.39352e-05
6.21077e-05
5.9442e-05
5.66578e-05
5.36605e-05
5.05405e-05
4.739e-05
4.41546e-05
4.07901e-05
3.72929e-05
3.36681e-05
2.99193e-05
2.60549e-05
2.20889e-05
1.80392e-05
1.39287e-05
9.79009e-06
5.67691e-06
1.6714e-06
-2.24809e-06
-6.70358e-06
-1.12456e-05
-1.57228e-05
-2.01035e-05
-2.43662e-05
-2.84925e-05
-3.24661e-05
-3.62717e-05
-3.98948e-05
-4.33217e-05
-4.65395e-05
-4.95361e-05
-5.23004e-05
-5.48223e-05
-5.70925e-05
-5.91028e-05
-6.08456e-05
-6.23146e-05
-6.35064e-05
-6.4416e-05
-6.50396e-05
-6.53751e-05
-6.54214e-05
-6.51785e-05
-6.46473e-05
-6.38299e-05
-6.27292e-05
-6.13492e-05
-5.96965e-05
-5.77777e-05
-5.55955e-05
-5.31594e-05
-5.0478e-05
-4.75607e-05
-4.44173e-05
-4.10584e-05
-3.74953e-05
-3.37393e-05
-2.98026e-05
-2.56971e-05
-2.14355e-05
-1.70311e-05
-1.24993e-05
-7.86526e-06
-3.19584e-06
1.27154e-06
5.62028e-06
1.00213e-05
1.44595e-05
1.88914e-05
2.32881e-05
2.76305e-05
3.19018e-05
3.60863e-05
4.01709e-05
4.41475e-05
4.80092e-05
5.17454e-05
5.53372e-05
5.87366e-05
6.1835e-05
6.44285e-05
6.61491e-05
6.63854e-05
6.45245e-05
6.01759e-05
5.35746e-05
4.56821e-05
3.76228e-05
3.04693e-05
2.66386e-05
2.80257e-05
3.43384e-05
4.34983e-05
)
;
    }
    frontAndBack
    {
        type            empty;
    }
}


// ************************************************************************* //
