/*--------------------------------*- C++ -*----------------------------------*  =========                 |
  \      /  F ield         | OpenFOAM: The Open Source CFD Toolbox
   \    /   O peration     | Website:  https://openfoam.org
    \  /    A nd           | Version:  11
     \/     M anipulation  |
\*---------------------------------------------------------------------------*/
FoamFile
{
    format      ascii;
    class       volScalarField;
    object      U;
}
// * * * * * * * * * * * * * * * * * * * * * * * * * * * * * * * * * * * * * //

dimensions      [0 1 -1 0 0 0 0];

internalField   nonuniform List<scalar> 
2880
( 
0.08977479484730755
0.21043867685171244
0.33040735940910393
0.3933668309230331
0.429742965227433
0.5687795443584389
0.14613096518871754
0.2710577191801262
0.36494984566117195
0.40749280847140307
0.45111904700238914
0.5366652765370677
0.1771961135186702
0.28994422267258285
0.3770003137182344
0.41934891837064575
0.4794940554551808
0.5812250914831254
0.20241436533177526
0.3077533239472292
0.38117758031328625
0.4272507621594243
0.49884740588085896
0.607044393021279
0.2274414575831682
0.3125239940736726
0.3760678688543839
0.4238050611094064
0.5055374876983847
0.6304378646925693
0.24224310393762025
0.32735371287863874
0.37693890271990177
0.4275861412644566
0.4990704723232398
0.6208762721845235
0.26696306533582953
0.3287118492220474
0.38247110991257727
0.430024034327088
0.5347987822942848
0.61393168509336
0.2923803289923001
0.348245953180648
0.38616458425170197
0.44005638554950377
0.5179957036114224
0.6378941764681112
0.30374610711927946
0.33970488113761277
0.39348670859139845
0.44869593635215543
0.5337804576989702
0.6441747347188063
0.31290235814553646
0.3434455068465585
0.3904328640558047
0.44910858075510196
0.5379210608797801
0.6286680564366367
0.32679991730632774
0.3575112477009816
0.3866339627414479
0.4417888084382467
0.5354714926210844
0.6242460083134719
0.32063462729288295
0.34366508418486263
0.38536860423029207
0.4436542089303364
0.5042080788467473
0.5976468636364489
0.3395333690066373
0.3523114380663125
0.3928686506826116
0.4607678062816697
0.519522796246855
0.5934674929218031
0.31663911608049256
0.3379150483318392
0.388835478546867
0.44518403521278116
0.5224304106081199
0.5881945002805269
0.3197716031706209
0.33904589475162444
0.38662500158923774
0.4538096626525904
0.5184588836984185
0.590946745627337
0.30477064618283595
0.33222126111600697
0.4001571419141181
0.44530534956343026
0.5166835056461888
0.5813119805588511
0.28854033680115954
0.334347047084185
0.3837813802507837
0.45385770167181316
0.5128206040580584
0.5883715657943236
0.2785050871959632
0.3348369567770943
0.3915323124869231
0.44666192733808785
0.5166941722852307
0.6050792617473815
0.2512535559621791
0.31811534175052736
0.39129556730220494
0.44635358434258665
0.5064544591378083
0.5803789240348883
0.23903297902798115
0.3156260519203238
0.3882214797492225
0.4431015439129301
0.5047576351438188
0.5774893838454339
0.20738949825525088
0.29824016300160366
0.37425720400993484
0.43687592399596487
0.5064769841660595
0.5836971503843408
0.17790911676057325
0.2653223717686814
0.369682607129773
0.4358120593019231
0.5116513080765214
0.5824436908720392
0.14533946403384215
0.25420851691362933
0.3589923453874233
0.423927867147214
0.518981886443518
0.5680813783733487
0.08334038518975237
0.18789804740530575
0.3129332519663971
0.3658460461746471
0.5133174332226468
0.5296154948279537
0.8389461164791869
0.813095987550503
0.727938918025745
0.7300057007868527
0.6991967193993631
0.6502222534666158
0.6467197666638186
0.6521635735239605
0.6327607117567609
0.6556650035196093
0.6582018960145306
0.7237460192138097
0.6961345519753874
0.7081434806291795
0.7437880227082441
0.789531474928127
0.7513409563896191
0.7431373850825671
0.8148169303483634
0.796631847161876
0.7798989065816531
0.7954902490639395
0.7812821320237779
0.7909466966517997
0.8706290675993889
0.8598279049703446
0.8024121677578206
0.7603818231991947
0.7086485288588145
0.7438086860860742
0.7439349421130323
0.7312949160326268
0.7079807761841463
0.7087788388934363
0.7157543835154018
0.6907774422569101
0.7421287500467729
0.76572264120273
0.7546609694277607
0.7193988397789302
0.7776569374509602
0.7618202167839814
0.7819646391602326
0.7973230304495309
0.7593319485300803
0.7875066029009092
0.7629855064390374
0.7689767044585953
0.7942334493666957
0.921671903080414
0.9065450070093295
0.8446761591775576
0.7300588464283346
0.7504924828618207
0.7115933980234345
0.718690937189018
0.751884949698339
0.7197172328982131
0.7148700777865291
0.8015026472897251
0.7844002903033873
0.7982970593169315
0.7849020151953982
0.7438276732887434
0.7741927613141912
0.7761861793318844
0.7734287888386019
0.7854628561395488
0.7736299270027915
0.7581555438520204
0.7675083723847832
0.776520211200677
0.8172692897520974
0.9138166451634232
0.9271280200862518
0.9281402110367378
0.8100912031263218
0.7829651357633456
0.7654601703533541
0.7566125650819888
0.8116175486093995
0.8207901429708166
0.8311497419333131
0.8108226414764337
0.8203943584256488
0.7974102457563648
0.7975123361732839
0.8107031003462576
0.8097145646951565
0.7809514093220593
0.8281293922113491
0.7917503837280522
0.821734078762736
0.7813638698462435
0.8042261459881185
0.7615346777051878
0.8214258794483884
0.9110925942042282
0.929210950970842
0.9250434400096929
0.8794349499460601
0.8325654797861735
0.872896187938415
0.8628376314387656
0.8643918510723291
0.8555322869732209
0.8915311063929872
0.8893730165438494
0.8780481491067849
0.8776202079845251
0.85582353596573
0.8956357900151384
0.8063231669575579
0.8288162467404863
0.8376654867200091
0.8418319926179563
0.80440840349545
0.8237414625634394
0.8051803634278338
0.8347502080663323
0.8058022751326303
0.9194121118885874
0.973144678031485
0.9891690044338034
0.9525362362357248
0.9496036503157471
0.9446464137366631
0.9862127956205647
0.9834574347143922
0.9984015570842859
1.0063960312347113
0.996542845526521
0.9852420924034657
1.002276203811939
0.9845381062507539
0.9656654425170088
0.9253603582678549
0.90888340264602
0.8796073361170255
0.9047089088911933
0.8957824338483873
0.8467710144187642
0.8361759433258475
0.8895889774232661
0.799622070131272
0.9195273617471266
0.9835176885683155
0.9841328239516103
0.9989396233321179
1.0114142498491474
1.132382989766185
1.139263573256788
1.121588967916266
1.1769164279124893
1.1403069883901542
1.096738197055754
1.1225866375957543
1.077094229301458
1.039212086466447
1.0713248689819246
1.009465944985906
0.9750922825955206
0.9635562588803641
0.9298645950750037
0.9563303656493054
0.9471920216895081
0.9484943810814765
0.9059149701202976
0.7737018820290247
0.8903209723364489
0.9576708081938136
0.9928259475704964
1.0586435911678511
1.1334659331457884
1.2276331466541635
1.267303907180852
1.2965239462352314
1.246074633387337
1.234917703230455
1.2012239002830114
1.2235864652146453
1.2049932543446187
1.1488460862197694
1.1241354225098414
1.0838163226771493
1.0612136690659406
1.0556735487285602
1.0449280547973694
1.0492809986603355
1.0160653742232595
0.9982975043057268
0.9762978574058303
0.7716655357106551
0.8951419143332401
0.9877370201753923
1.067388721021492
1.1583347588273716
1.2460821002125688
1.3664994140172417
1.3644680670719296
1.4205209898351667
1.3802166322590503
1.3612602437164276
1.332226275752016
1.3228821355274827
1.276668462309169
1.20596649056493
1.192379800197628
1.2317083840241552
1.182560913701856
1.1694360888929676
1.123046465388983
1.1317538413013883
1.0881357112771455
1.084277309306996
1.0483816735478932
0.7208461483538502
0.8809817152970906
0.9092743808789971
1.1127206685465314
1.164505450758292
1.3813779045355437
1.3968997219070778
1.4657484701218624
1.5045921834530596
1.5137121443039236
1.4559080655822179
1.4503214575632577
1.4343614255805646
1.3708787089604435
1.3349290923071369
1.297250997674579
1.306366682994001
1.2651448368977858
1.2246226952164598
1.204304710444807
1.1997883878033615
1.1668141003416204
1.130433094386429
1.1133582064886864
0.7326017860015436
0.8699293240967516
0.9243661498445643
1.0701957696523527
1.291019492396848
1.4687366399330073
1.5571029015454205
1.581088799135137
1.5621016351132628
1.565078014894092
1.5853468730279494
1.4836291650559401
1.5131827470502377
1.4882862037135771
1.4673741295628306
1.3934773864377723
1.4117576830000225
1.338506055694118
1.3153781586306037
1.2564792255481894
1.2827435425047422
1.2341781056708023
1.2142445198703835
1.1734478583462873
0.693736650712142
0.8453544851756802
0.9445629718161814
1.1610888450306482
1.3397738549077878
1.4293561166613857
1.588845384169874
1.6275971313211146
1.6865266733027315
1.6298641985206668
1.6032457935222053
1.5566408450684361
1.5668442512468443
1.5176351331483475
1.5195333855924809
1.4970592064502442
1.424706816951309
1.3986577966607578
1.378931045064121
1.3740778954733854
1.3251623491757631
1.2668119771151962
1.2240321773509404
1.2166066930701784
0.6758274838216971
0.8146956835235395
0.9531954524149564
1.2109818057603166
1.4422733628191577
1.5295703069567321
1.6464789416333332
1.6812125764622843
1.625841417361952
1.6665624956775136
1.625870097320063
1.6129460752030151
1.5998285909743992
1.5699255530495249
1.5755925892178333
1.5724831575074227
1.496203607540997
1.4203827012457821
1.4145528612558733
1.3996386020594893
1.3550715030567075
1.3271754108354838
1.2632966456422963
1.2224627258509966
0.6526129983675103
0.8151135686302946
0.9467790081257678
1.27422515137687
1.4361701031429543
1.5451105821326516
1.6333355532413156
1.6172401047985028
1.6645514477158423
1.6149132651971572
1.6870735220467359
1.6325706254389267
1.6457188014905078
1.6179975534044984
1.5952373119354963
1.5604855479807591
1.5392111760767657
1.5034170999923355
1.4628010650258323
1.4073993441891162
1.347397162799958
1.3158558487073284
1.26104960052239
1.2371534659050234
0.6772693421024425
0.8255990793549994
1.027686946795459
1.2890715245763555
1.4819508271131858
1.5416762714600525
1.6143242069123258
1.6339921773214645
1.6640475813259727
1.6660674678470153
1.6798307399380308
1.6320460100476335
1.6234785450899278
1.642044301851927
1.6331614199813633
1.5700832590870637
1.553106107805481
1.4683088232074566
1.429581961043736
1.431370091364066
1.3670384087884377
1.3241398799341733
1.2846740604577005
1.2240502240972289
0.6822993557434996
0.8427633900256739
1.1359106999377144
1.3633027692211828
1.4969360017702804
1.5807571865796777
1.5744157934892509
1.5683528007087815
1.6563129800418153
1.6010939725536026
1.678632203497116
1.6457196139812602
1.5969099957752904
1.5974161244022191
1.5770689261922142
1.5020263568609893
1.5018882380281116
1.478523940408912
1.4169599172027003
1.4077102046660008
1.3652887997308407
1.3080897767715762
1.2455942636985864
1.2068609814110312
0.6807246097660902
0.9389322845627157
1.2241174919878863
1.3733931015201841
1.5173595566895914
1.5734566585658065
1.5754829123481953
1.5669852291781183
1.6142346179266625
1.5603934598979254
1.5631049416988083
1.5608028351292935
1.5671167351941024
1.5365789025294103
1.455443125907101
1.5286600795501943
1.4802766750840342
1.4024999067585775
1.3880600655461257
1.3393319607665075
1.3082433005568919
1.2672942762335462
1.2519217732099128
1.1798800849885631
0.7058073029570147
0.9409454355553413
1.3171834983231427
1.4811040950839183
1.541772333948112
1.5322588280440848
1.5577996658557642
1.5289296964326131
1.5596355228561247
1.5653853348421136
1.5413129692299496
1.5619252627403921
1.4963805930619416
1.5122524864426372
1.4307755974290237
1.4526497753981915
1.4383307743293203
1.3703941461849336
1.3521686507943893
1.3157206674849482
1.2708113565762702
1.2099894154053445
1.1834272479263999
1.144884166824518
0.7142218760478128
1.0592661990627525
1.346530223627969
1.4481892677234023
1.525159790011074
1.5434229532234207
1.4902462453959835
1.5653716542123863
1.5291380726139094
1.5313464261332816
1.4866113420893896
1.492633749702098
1.4365416779346254
1.3878247199682965
1.374375452083241
1.3651729074543386
1.3485906210956806
1.322298055993329
1.3059426111628747
1.2796091612931346
1.1966892370297073
1.2075986336324824
1.16913309365116
1.1325045900360278
0.7520194336397916
1.2018791080622366
1.4156002087585187
1.510320020014929
1.5106218858779297
1.5161451062522409
1.5556097692231572
1.4632419846318956
1.471560934208199
1.4957267940700194
1.451244259481902
1.4121106053008923
1.3861758791154921
1.3638954623518451
1.3161125418539792
1.317671119737131
1.2711765739248306
1.2615358655238624
1.2091048669134843
1.188226099716428
1.162149566021911
1.1305126935360412
1.125182954973838
1.0782062384666555
0.8150289413819394
1.2719233089040642
1.4706351000237534
1.4878741808654317
1.5220480436511958
1.5101716199521744
1.5036918673482849
1.501670510081352
1.476606205389529
1.4115346882622724
1.3745687939687747
1.3302989263197424
1.3233405821662863
1.266461661561099
1.2423901868509022
1.2111725235882216
1.189543600865489
1.1854715160433213
1.1724945263228674
1.123422199566084
1.1174200409354298
1.0904431154861915
1.057182353565119
1.0488120175561988
0.9183107283798548
1.3708612096490291
1.4703719009142886
1.5161224494674546
1.5022992222010911
1.4937433427156528
1.4886518826410036
1.4350063737218877
1.3834585025674218
1.3777001370421993
1.3152648234720492
1.27728620752895
1.2222511473176771
1.182883029327538
1.1652234949169262
1.1385090600498118
1.1310630796055279
1.116524808870066
1.0770003012476674
1.0699145394713296
1.0579194379833472
1.036899265872903
1.02251901921453
0.9998540665983017
1.1204695652273668
1.3896010555146532
1.4134786730606428
1.465474971368373
1.4475669348559626
1.435304271208113
1.4245200898932193
1.4057686143180301
1.3577239332846418
1.296973918549888
1.2343458262833855
1.1863140004089718
1.1654104316776244
1.1150591202396247
1.0769908583290757
1.063590781563444
1.0573541756825646
1.0245268364736804
1.03977847235056
1.0133780698256802
1.018978135904017
0.9999191048633786
0.9744640009650655
0.9694608930939984
1.2864090266335482
1.4150894150086197
1.4023257385372707
1.4614864076723844
1.4431338015753916
1.3984630676837007
1.371114910165825
1.3041228458189364
1.261459215314528
1.2475609192674513
1.1617035301559469
1.1329372724095237
1.0649959175558965
1.0567201853429253
1.0338612388440434
1.0201880801236412
0.9984597934368173
0.9879446412573942
0.9887140852132612
0.9848320525654539
0.9772212687503746
0.9709318035204988
0.9627990467196125
0.9347739060670204
0.08125497487613703
0.13031547389977696
0.18812062041555228
0.2926001095693417
0.4265167992007406
0.7402278059651219
0.10059547171806113
0.13616467598084275
0.20695106103448987
0.3111775989469131
0.46784330984170047
0.626582186688533
0.10700936000462087
0.13550610258795062
0.21231203543870994
0.31895166190054064
0.4669015764782548
0.6439115619928686
0.10892388262185686
0.14195682877397148
0.22979631352438656
0.33210674139654045
0.4775307619299691
0.6255201080942449
0.11515444182764503
0.14602669675414337
0.23218556943441648
0.3437206910663303
0.4793762910213139
0.6223579902232924
0.11557347885701294
0.1484027673114125
0.23812558411512175
0.35168589014027263
0.47865745751258437
0.6349459374974522
0.11957762742404729
0.15346900693088156
0.2485554976160431
0.3586765155740923
0.48852927973033144
0.5796384424213102
0.12110613440929444
0.16152153114897283
0.2494367597237167
0.3644202804500661
0.47643240821966926
0.5808979228685771
0.12698000141779808
0.1551101263386834
0.2498454934075762
0.3691839092497851
0.463998295736083
0.5857546022296444
0.12485794922160648
0.15424022342648896
0.2529348988800588
0.36963661606436593
0.4940010925406712
0.5784044192621736
0.12255385390855973
0.1594620072232061
0.2569114253256528
0.37985262881625026
0.47569229623580955
0.5835970382026778
0.1251976818926498
0.1611656871207689
0.25819882611851747
0.3806276579721505
0.49354338748662724
0.5738117657372146
0.12821404000417302
0.16317620411642023
0.26350915487446874
0.38197050614581296
0.5022617444592369
0.551276448262762
0.1244029102819009
0.15805781107025596
0.2586802279401828
0.3855729157311575
0.5005961770856315
0.5997897951838125
0.12016206168181959
0.16124397700877702
0.2550177053035609
0.38286655001075165
0.5156256118663969
0.5644143556733588
0.11760357456037156
0.1530034985300341
0.2506310599426019
0.3805688093997948
0.5076811667392754
0.5859667040215123
0.11192728597946716
0.13894862669273517
0.2421963704431105
0.3693753086090659
0.5210772565220391
0.5760460966858492
0.10861372054708687
0.1443663830134023
0.22714119878144398
0.360952852763907
0.5022534581943137
0.5937117558105367
0.10298365799286394
0.14190094349869317
0.22065006030230327
0.3445290619023233
0.4910905082104877
0.599545092281241
0.09676177250605685
0.1297707689241234
0.19861031672894597
0.32229009531231456
0.47852598309708455
0.6019485004795744
0.08644002929334779
0.1282586880680851
0.19011503756295284
0.2987052835257036
0.4433661434624223
0.6119334740880373
0.08090228009281447
0.12261483535887553
0.18235941139283585
0.2690430135199623
0.39802782897549555
0.6035926781000741
0.07517320754676482
0.1197180977426337
0.17184900715991516
0.2504276939026578
0.3377031974496178
0.6076762844745577
0.06233478789474159
0.10753538111376588
0.1547006618872793
0.2264715277907486
0.27806759981084167
0.6095706034323494
1.237994705098962
1.344372399506959
1.3884582265845573
1.4011268297491073
1.3947003970505876
1.3474643820691035
1.2967225831913105
1.2695389122847478
1.2087305626310265
1.1119798687682911
1.0747783200875007
1.0577843730291236
1.0359809364446086
0.988096769473735
0.9939708443155406
0.9709707084693944
0.9588845107182438
0.9557560788665201
0.955538427313658
0.9485817175561964
0.9410294258047122
0.9454356997229487
0.9389330137250835
0.9298329996490339
1.062604597550558
1.2911682469673131
1.3727847483416853
1.3312658938359578
1.3463394751303663
1.3092916894043927
1.2247198157962413
1.1957781776784948
1.1190324797441686
1.0645934134453314
0.9973804386512038
0.9786298587422984
0.9472986324976191
0.9618196308142961
0.9210109321334243
0.9224886171770481
0.9417830273564811
0.9392106780006868
0.9438373832722142
0.9377138993817392
0.9370945050812326
0.9307558054368735
0.9309040812304006
0.9279387853965237
0.9568417015430353
1.1568534052704742
1.2911955213238218
1.298466962529532
1.262072649928464
1.226428234051904
1.1737644406883003
1.1085110416239523
1.0245597624906302
0.9767599325886043
0.9459712960365798
0.918123612277128
0.8970909849174231
0.9306467237356246
0.911919244302835
0.917793841971767
0.9307656753333409
0.9227114888634769
0.9365314027414702
0.9351856297173708
0.9208648773195027
0.9289836832976741
0.9198465355553627
0.920684406811283
0.8983787679685031
1.0784249333799831
1.1692358496542803
1.1913418020532005
1.1715631625998384
1.1374984028689008
1.0706771488706386
0.996889161017919
0.9665255293888955
0.926867040716171
0.8921370892130855
0.888987346360132
0.873854674242231
0.9003993420149852
0.9077203755949621
0.9048078004829736
0.9117713054510846
0.9140831400080215
0.9344985068827022
0.9206770808934569
0.9325553103659735
0.933000522847075
0.9230580107146679
0.9268071506990709
0.8236490262204929
1.0150185795634679
1.0843590932316762
1.1105427780587482
1.0833432246972894
0.9970629385225126
0.9609818122948769
0.9041236064537947
0.879385474107535
0.8617422972534102
0.8580677825306586
0.8471419943202929
0.8710575793136199
0.8807335933188062
0.8866923584192552
0.8988223852452011
0.8959373228814331
0.9247655641858477
0.9267360667622238
0.9147508956108805
0.9199496142217571
0.922353795961315
0.926816160482358
0.9277849626880997
0.8065126032380185
0.9579065608678373
1.0011749103408878
0.9837843124304955
0.9705336377517164
0.9215281522805737
0.8704410217564005
0.8398885468276065
0.8284025288546096
0.8356689788614544
0.8380582179368347
0.8503417539091763
0.8490211167898661
0.8700468586886217
0.8517571207005539
0.8689395547385252
0.9017249826446452
0.897259489806467
0.893099446458179
0.9052229839114478
0.9157782675148772
0.9066139554983362
0.926906905387866
0.9293874894506836
0.7728473595656369
0.8617125135578603
0.9060882525967098
0.8819353175853308
0.8535220564789211
0.8134808252622454
0.7725907424548588
0.7722873535513363
0.7872261492692904
0.782151746281712
0.7903870157701854
0.8215320454616961
0.8262851269731879
0.8488189655276298
0.8615332701830136
0.8602435322900409
0.874555164200518
0.8972861981438847
0.894697145182775
0.9012631757986629
0.9091806250030006
0.9269084464985902
0.9223065919754616
0.9263226806671586
0.7290545015069583
0.7612527675437304
0.816632451531359
0.773560513099795
0.7592316883337987
0.743979622987472
0.7118826949511781
0.7440152156862326
0.7465696972624604
0.7695844568032137
0.7906522752121157
0.8049221216484916
0.8184324192975213
0.8379204761607786
0.8347233081731337
0.8584764023496034
0.8862436676242118
0.8748241639968423
0.9007605718014516
0.9100522471940783
0.9079768734736959
0.9229671621468215
0.9209554000819435
0.9290444020617628
0.6930805363596035
0.7328383156224242
0.7320156927774372
0.6739633376509662
0.6712089488395487
0.6601803970520157
0.6549807954883506
0.7151444052468392
0.7210831836220963
0.7667406821182303
0.7800003711842596
0.8020906130859481
0.8016521265494785
0.832995345878984
0.8337172515830948
0.8478508724045363
0.8628361705517616
0.8739406769908707
0.901108035875227
0.9016065578285632
0.912464596280235
0.9189095805121722
0.9268159610016842
0.9324742044967349
0.6514665240045209
0.6820158466189943
0.6165472686026762
0.6138104168721434
0.6192570440738605
0.6426206753936514
0.6576936903887538
0.6756573337029887
0.702715620388717
0.7487481764957993
0.7622345165759359
0.7886922519613029
0.7971973736358318
0.8361328610045669
0.8509219720471339
0.8563257587041161
0.8674196645657528
0.8820116710829562
0.8878041345128533
0.8947894532131175
0.9117077684849942
0.9290179769091143
0.9234860707788011
0.9378085220491312
0.6333657528709622
0.6292556778780681
0.590987759997271
0.5577722986599074
0.5901345486493021
0.5887521493596272
0.6617353517058275
0.6718333631128632
0.7138520964703993
0.7470887151061462
0.771485228002076
0.7819446211901979
0.8189298225152521
0.8178729380533852
0.8404189910790913
0.8658677543545863
0.8555438983141951
0.8806786679738556
0.8869538440804613
0.9041854247914018
0.9163571059743015
0.928488877464174
0.927098191590061
0.9419372218072646
0.6202427283644544
0.572965776710027
0.5232203813735641
0.5077136802211994
0.5745559385241241
0.6024855897285446
0.6453825965301005
0.6776726100131409
0.7064251569604675
0.7409773272737668
0.777727328941074
0.7973475704409094
0.8148407919636733
0.8147241260629594
0.8395448131249352
0.8697397773576827
0.8684196735347938
0.8914410902338014
0.8901735999144592
0.9160999453393319
0.9199611608390893
0.9369259505750347
0.9438952137349059
0.9593112222031029
0.5897154922956952
0.5343359913408894
0.4371636122405934
0.506741620427148
0.5628952669523535
0.5969864835022944
0.649970722983438
0.6798987324500767
0.7360163455621092
0.7389860409299085
0.7547684952895575
0.7935508997845071
0.8102561453625254
0.8402906291426409
0.8521510077577814
0.8678501854527287
0.8755619461840363
0.8983541370333439
0.9092831084887456
0.9309199703383294
0.9401352626987481
0.9444130549471045
0.9579158471400824
0.9702247635327349
0.5832110759077357
0.48322033874896975
0.4193457723182198
0.49033563018817783
0.5374855632495991
0.5750651402253146
0.6257763861531165
0.6909393028491879
0.7370841766145741
0.7496263594943933
0.7903591084769384
0.7938691794341405
0.8234596059498218
0.8515346527069236
0.860635224236221
0.8731935863768422
0.8946304409738418
0.9114887950247615
0.918886164076653
0.946708517583813
0.9485948188201294
0.9605862058403706
0.9708608207636634
0.9785114271763431
0.5426643766656822
0.4851082418210894
0.43689937139341406
0.4752109247573225
0.563120244742481
0.6155696621484985
0.6561247666834975
0.6867059821170824
0.7483780202447566
0.7859947528819418
0.8011998873963799
0.8290631072853948
0.8123198040537465
0.8521917774503324
0.8666348915238627
0.9029619095363144
0.9162908943798869
0.9195013072646467
0.9266670153798352
0.9524258305312574
0.9651351527810734
0.9798015483687265
0.9840440844618515
0.9909456125402368
0.5476368487554489
0.4543421349670946
0.4506082561807691
0.512071387161203
0.5644053653207708
0.6278655078657631
0.6680087077607126
0.7220176057648389
0.7388335490955984
0.7794700899898045
0.8139924829967494
0.8489593953781392
0.8457802970601733
0.880867768974889
0.8895177253235049
0.9064826880244053
0.929592134630437
0.9601214310008843
0.9568501843065168
0.9714891617081325
0.9836655068129728
0.9919872741543329
0.9976171619798919
1.0070418089037994
0.5508633864298337
0.4246031867931085
0.48053538271787044
0.5414266370456775
0.5660029350733704
0.6625110659408437
0.6890564879365932
0.721731004419523
0.7656388532882417
0.79805903087764
0.8433042540959538
0.8566952823405374
0.8774842276723982
0.8989731726185887
0.9136030765644653
0.9208422443402706
0.9510393031829176
0.9659968109608927
0.9747560017080812
0.9898612840052097
0.9983037339660764
1.0115637499428216
1.0111433137414918
1.0210080521052394
0.5255347083617528
0.4435463284756897
0.5093564420784711
0.5676330623434566
0.6274481397728958
0.6690469565520252
0.7226853080037082
0.7491431528182566
0.7686011495061339
0.832729721223818
0.8365203779917918
0.8679636168468108
0.881066546377594
0.9146004630251221
0.9336981949980974
0.9424586815824039
0.9611524611992878
0.9785925953889808
0.9911672842090439
1.002424281153672
1.0139526998242312
1.0234236562517964
1.0241714605595231
1.0296162707578105
0.5166110215866392
0.4554647898583874
0.542515179946647
0.58268462617668
0.6433267600885575
0.6911542482331999
0.7368094098819147
0.7913256382144076
0.7973486964824628
0.8288750865917672
0.865146476191637
0.8969628591887304
0.9087375611110327
0.9316785345431158
0.9598534587697015
0.9742263793462068
0.9874362688147589
1.001094997504729
1.008980536670251
1.0248007264392998
1.0304411238584281
1.0324225844396313
1.0344780849087076
1.037580878711403
0.5023092182438903
0.4994241124437557
0.564213265263633
0.6262740472522588
0.661419488621478
0.7274396273177945
0.7594908689000528
0.7976783375152354
0.8231692240056642
0.8566399822537905
0.8887667237640022
0.9179096528271876
0.9439497730971524
0.9628412641203856
0.9798608632875794
0.9824310299336981
1.006148709746951
1.0208643996734477
1.032075096742822
1.0354476274851419
1.0364977400126782
1.0393010539995011
1.0439808980184289
1.0405110794426038
0.5180742894505261
0.5548945487169247
0.5882096574998098
0.6505048432785581
0.7423240319501663
0.7503467280122034
0.7944246811720899
0.8202547939820887
0.8615526956866923
0.8961699674941156
0.9286362598281555
0.9388814367740799
0.9707309837150102
0.9761033827897697
0.9917311224217515
1.0092350204136873
1.0268377432178157
1.0331036930130095
1.0450172837643827
1.0454022057712566
1.053581523240151
1.0450916741358638
1.0476579535256594
1.046338916034966
0.5460101047459135
0.6057665319138287
0.665018914341965
0.7175394667088612
0.7441353099398357
0.8117235977169237
0.8169007118638306
0.8582249458560569
0.8905826670253478
0.9332453686338085
0.9384861563412037
0.9580918433700237
0.9820917480658278
0.9987235399837718
1.0190433737555957
1.032174702032715
1.043547079603294
1.0524435442719116
1.0563564390272038
1.0577171491350248
1.0583956491292335
1.054887850284899
1.0489200848486127
1.0481875788070705
0.607342519617008
0.6633896561271797
0.7106510275650323
0.7725124234005207
0.7967508922843544
0.8361035160426282
0.8687736431410625
0.8890128565492561
0.9169900071774464
0.9481977821497077
0.9707632800440011
0.9934000064910361
1.0076056755258713
1.0250698339969209
1.0356392772918002
1.0499727312268663
1.0608922886203012
1.0615619907482805
1.067021663027986
1.0591991151053048
1.0604108690557141
1.0560979630211196
1.0540838693265044
1.0470863242598019
0.6520321125231543
0.7177713227267357
0.7614064315132016
0.8139496646627562
0.8383776547600945
0.8788989773422707
0.9033645259336819
0.9321640573530976
0.9586704607670937
0.9771571791423993
0.9953818199471481
1.024553458275955
1.033672321213601
1.0511621329873604
1.0596089817429126
1.0654127875120696
1.0732573155717113
1.0686669635434916
1.0722504554685244
1.0665446103567264
1.0657608431083327
1.0580900344552149
1.0521594127246245
1.0429310563777077
0.08302343952682305
0.22312757848635706
0.36079175898050564
0.4202276429577028
0.49196985075158794
0.3380224557808814
0.1450866884061682
0.3012564036050659
0.40026496919982685
0.4399242340763773
0.4858085750676667
0.4218227761837728
0.17668127473261058
0.3161621908383603
0.4047825275253678
0.4465085778081034
0.476619669297883
0.4739731135609331
0.20669146786418002
0.32620771397593046
0.4020232410057768
0.43114601119413276
0.4818065712914966
0.5121648239498486
0.23709044283796565
0.33507997418757596
0.38872566169196576
0.437373441493902
0.5005237055305872
0.5363734208719988
0.26460535426563964
0.3563096248324953
0.40145719067526786
0.4354214901087678
0.4898477982570062
0.5505890025315886
0.28508632006468515
0.3554925023272796
0.3867740958616943
0.4360026889245199
0.4918481797584322
0.5652861335491611
0.3009574191647242
0.35462199455395305
0.38777361008085587
0.44215489894024795
0.5006672099618876
0.5753343532575511
0.32352102493919993
0.3489166679593835
0.39943308132600513
0.43305430725327937
0.5031031428595047
0.5766419613493002
0.33310592682182466
0.3471712570445681
0.39102065861208857
0.4378434746162677
0.5118394690442163
0.5820883317963788
0.34411077374144217
0.35270558477128044
0.39239747551218523
0.44510586197850244
0.5119186430280005
0.5952538901607227
0.35515370968990345
0.35722386479309576
0.3936667198826603
0.44950231767888216
0.5101869146409668
0.5951192059118565
0.36303685074011594
0.3712354698185798
0.4084961085046801
0.44889441662305396
0.5249289707182274
0.6001613220371174
0.3545029637266832
0.3780222636691243
0.424104560579158
0.45017237646958186
0.5342919179941213
0.617543526645944
0.33834051713692936
0.36164217845464897
0.40672557552882926
0.46389732587088073
0.5454200264825082
0.6160990313600981
0.3184307597615888
0.35806890435629024
0.41157601417213835
0.4765574144527366
0.5380683406389642
0.6235559457024663
0.31083486799808946
0.36569767491905847
0.4069192912485713
0.4803868788125521
0.5678432911613174
0.6322457871991318
0.3033489917737654
0.357068486514498
0.4236064737811023
0.4811852282771293
0.5525107130575773
0.6415192026973665
0.2804131532119873
0.3586777480170986
0.42195323611794344
0.48556498935743064
0.5726421828845545
0.6417832387259605
0.25535414644828963
0.342695970069529
0.41817519998077934
0.49274329355158347
0.5621499601441748
0.6482905608564774
0.2174232049646258
0.335562238742666
0.4245224040782806
0.48591609804168034
0.5521840060981196
0.6500298621649381
0.18574319569271797
0.31074353531093957
0.41632741813061286
0.4745454686785817
0.5590458882797349
0.6365976196785883
0.14978540268488855
0.28612826891341897
0.40552946170362325
0.47747910769077306
0.545349207385706
0.6372754488534444
0.0891890388821051
0.21804901147465755
0.34038063668890123
0.42330805478880573
0.5246477001658001
0.616194537192125
0.6601857229609783
0.7692246677362747
0.811234547006976
0.8634719814982723
0.8777784888994474
0.9156285886326568
0.9369839953159663
0.9611286602047929
0.9898583898597515
1.004448852100712
1.0226186168555609
1.043778179362561
1.0612817972072885
1.065648366800911
1.0778190799760166
1.0758162671986384
1.0771895768084883
1.0799644171666092
1.0740365394212796
1.0769735519184656
1.0633930817518134
1.0581674550689133
1.0518894771830223
1.0399449329485977
0.6459458777980052
0.8168623115712297
0.8479279457570325
0.8838666943602443
0.9237950003880435
0.9525596405680764
0.9848592926493672
1.0036226275570375
1.0197385183876282
1.040730136685592
1.0582788284617535
1.0759862632819994
1.0719116478173598
1.084278147508808
1.089908736529701
1.0913752360658113
1.088568173419754
1.0882152000327106
1.08330192238316
1.071929283550411
1.0632322517388137
1.0604302584390155
1.0496513116764776
1.036484717406461
0.6155689771060388
0.809317026960241
0.8630723250712092
0.9119594439730683
0.9585130460916176
0.9876923395327463
1.0033419101038588
1.0355281082663537
1.0526903128430758
1.079169476155714
1.094928801099317
1.0931050883460742
1.1038143221512373
1.1005769099360008
1.095403322053835
1.0981284889713305
1.094640686226733
1.089352943724672
1.0878546004690468
1.0802873378833557
1.0708423381423644
1.0578112817026741
1.0439485775801782
1.0326920533914943
0.6314016917399187
0.7932363657169428
0.8574493578629356
0.9424853616674361
0.9753399021018866
1.015513189519213
1.04197413482594
1.0626449488775107
1.0788249757102355
1.0893390153449973
1.1103508642584663
1.1085372129293976
1.1128286635242024
1.1211361966675832
1.115489548658224
1.1035941265889477
1.1024210911142351
1.09690726975
1.0916536027290944
1.0778886823965752
1.0641202540783243
1.0563870642675672
1.040814178986674
1.0283151446146899
0.6446895179159883
0.7741778200469888
0.8639196395583828
0.9405107970002148
0.9864297203660156
1.0155913291168972
1.062837493058625
1.0879126079271448
1.1001275414901313
1.1141879933309577
1.1225434676200896
1.126568328215062
1.1250155520473526
1.124514427298597
1.1172780046760418
1.1133614230524458
1.1088296083096814
1.094439492770741
1.0939764966776444
1.076517842550171
1.0685750413248627
1.0565612150436008
1.0373330601951278
1.0196753755033245
0.6459776862790985
0.7722085038605535
0.8745340327843146
0.9454940046717663
0.9949558912175801
1.0329713929256794
1.0640097769207244
1.108198573054106
1.1136267304944538
1.1299990012979355
1.1402695954026685
1.1389098181932997
1.1277344173582085
1.1300701205679538
1.1213938561574128
1.1172228685868384
1.1073278937244655
1.0962271159549797
1.0823622315352397
1.0783832782440697
1.0640307553490873
1.0496555508376135
1.0345007365753145
1.0159140374425133
0.6544664327836217
0.7765460180209749
0.8743911446692403
0.9524631399454254
0.999715124068645
1.0431749129493544
1.081758919432332
1.1209600130959796
1.1229043128219593
1.1380392873132514
1.1390005014355284
1.1409459781104088
1.1447651770822693
1.1236564082492049
1.12155657048703
1.1169340296981431
1.104731549610258
1.1020731665894963
1.0833152107719133
1.0772836293826642
1.0632654720360015
1.0488707974748002
1.0318854723245285
1.014122473287037
0.6691662093118654
0.7820610130700492
0.8768518654032801
0.9529119197348196
1.0134563159409462
1.0505057516100331
1.0852533080628226
1.1100809498069673
1.1353798191990085
1.1516068380623699
1.1412791369802378
1.138304201319156
1.1413812406790729
1.1340487407195108
1.127162035092574
1.1162826207262413
1.1033396971857081
1.096219967870446
1.0927598266520178
1.0758289164353196
1.0611883610305348
1.0467977508679904
1.030249289385943
1.0120913554037032
0.6739821106108812
0.7859651713294353
0.8750935097952782
0.9465844708937805
1.0117660195515752
1.060328232142189
1.0970682504373312
1.1267083310800585
1.1446132706975614
1.1435025163492436
1.1581441985590528
1.140544118658056
1.1327026613286133
1.1342160589536403
1.1185259096615079
1.1175995799538248
1.1070821926629892
1.0964201817096186
1.0889747409236945
1.0737097174197665
1.0638244762790292
1.0444803189946175
1.027408606969481
1.0103334396566566
0.6801293400817603
0.7773666114399586
0.8810290774888176
0.9582348192506558
1.0200513977850791
1.0781230327627505
1.104398111443769
1.1342449637231555
1.138445208722586
1.129436396992545
1.1629081523432896
1.1373166191795159
1.13720512724665
1.1289124766330891
1.1260659761785345
1.1045441789950514
1.1113033626080544
1.0947522377664987
1.0869215810707997
1.077025259084291
1.060514611165453
1.0447032552421582
1.029538306578662
1.0123683441046443
0.6811034614639659
0.7937069717839076
0.884225732318465
0.9666788604008774
1.0389743244756007
1.0859293240019257
1.1236531569530595
1.135044045332832
1.1476418970558357
1.1490424463019133
1.148282976658511
1.1413657799923522
1.135514027859184
1.134001156900482
1.127781290388186
1.1120268966721902
1.1022212052153542
1.0901420781183981
1.0794825796617349
1.068333641566812
1.0580050030790302
1.0459472023228997
1.0301430768510254
1.0143910517919326
0.6969673646646534
0.8102094834593472
0.8929765115897527
0.9760410934053836
1.0390061054394375
1.1133878346365451
1.1360793303488403
1.1449868845721278
1.1472307473206456
1.1425657567635685
1.1455259606736825
1.1332802919264735
1.1327215687651657
1.1250365583224522
1.1210041093494747
1.1133846693540037
1.1019799641459873
1.09090782205782
1.0824586343434754
1.0719925492430176
1.0654244966746638
1.050577783549469
1.034004055719429
1.0183921621273597
0.7097923622881851
0.8255014680502677
0.9038378990779434
0.9998785093528283
1.0621435317718486
1.1115740935199871
1.132703837422323
1.1426293451533363
1.1423619715058335
1.1506167007934365
1.1414107233295818
1.142266955562499
1.1263667366338115
1.1276263795836783
1.1197266374325237
1.1040485577010273
1.0983856596445578
1.0927958947482042
1.0837798262031622
1.0782645812674645
1.0655281594039012
1.0575524458222239
1.0390452103196415
1.026175031144855
0.7013086461327912
0.8162569747255063
0.9183882777565238
1.0283101437781526
1.0768362908713864
1.115336437562558
1.1274518074758968
1.1524692435342463
1.150533338853541
1.1476522688163409
1.135847333896723
1.1286595667749073
1.1264703778560716
1.1263853849628465
1.1222007725552328
1.104093885050366
1.0986162251446048
1.0905605407141237
1.086039428012703
1.08233258555477
1.0745451858728818
1.0628522141410752
1.0472778208674183
1.0299579031370831
0.7260842569345689
0.8285296622413179
0.9477806631308046
1.0350637955700155
1.1022925647238493
1.132143415085474
1.135031427303534
1.1490651058978996
1.1338828945038024
1.133529142661245
1.1431956438389652
1.1386277017252433
1.1287491528451927
1.1188778363402974
1.1148058537224856
1.1103178726671092
1.100470318064228
1.096653139250488
1.0965018750057332
1.0877734252685356
1.0806359878329974
1.068260678956218
1.0530512750431347
1.0381350375378067
0.7359214148520521
0.8476347750845494
0.961951699201303
1.0436568018975763
1.1016364097838134
1.1283351592014663
1.141708921578941
1.1483397130397315
1.1351259740642354
1.1467040762564307
1.1366430607694338
1.1247084480518386
1.127381331526861
1.1191732130423937
1.1102948500371064
1.1123158600394134
1.1080783207488394
1.1072051264439957
1.1001048645574827
1.093485780918955
1.0865594603342437
1.0778863049614589
1.0611813825699459
1.0441385368683678
0.7331963798405655
0.8602138344104013
0.9909947158381661
1.0683436930820556
1.1045813511903617
1.124427127165892
1.1379002623706538
1.136774100954433
1.1391452040610976
1.1346557802289272
1.1336343184052105
1.129648288515695
1.1288418538311618
1.1218877342023017
1.1240975296224098
1.1160136666162386
1.1194479611084205
1.11275425810329
1.110820087708333
1.1037951262438728
1.0928633238427194
1.0802869295907471
1.0650690630129596
1.0467268804929897
0.7378484428721952
0.8935757319949389
1.0251306636987116
1.0784974858934733
1.104524186756866
1.1158169186330025
1.1358084197328586
1.1341358949470384
1.1342728249287848
1.125295821743833
1.1322356047680948
1.127651802796607
1.1200854011718748
1.1246198666867615
1.1232028857423981
1.118339344226791
1.1199565065193975
1.1179579945681875
1.117100833138402
1.10960679792804
1.1025126484495034
1.083329061305647
1.070893451709876
1.0512758298353517
0.7692849271650571
0.9260227702311878
1.0366881965191221
1.0834550325242083
1.1038195462777924
1.120841345938251
1.137864479692981
1.12768598379885
1.1312428410028117
1.1212217272204432
1.1252275903491404
1.1239457242377542
1.1318183546366591
1.1244673035731279
1.1278503286929584
1.1311361409102119
1.1243518670818808
1.1289821623343297
1.1217421530708442
1.120278973896496
1.1058812937514957
1.0878850562099756
1.0716704429759367
1.0506295448929968
0.7905936919074502
0.9726500186705136
1.0542709394315015
1.0972653612751069
1.105587387709172
1.1132217092576602
1.1222742920511477
1.1276989142182248
1.1212672252098532
1.1174734154103505
1.122397479565124
1.1209766908189285
1.1321519108544753
1.1319865150970434
1.1289656252416282
1.129835451379619
1.1324235321972322
1.1294454173736963
1.1263474079456903
1.12191323263862
1.1098510498298868
1.095130786595866
1.0735642736020425
1.048412380497045
0.7905125160397184
0.9862935829546627
1.0611014199237392
1.0848745638395436
1.0911264074668383
1.1200306749023266
1.1039494831980685
1.1205015889971386
1.124409388954434
1.120665325350259
1.126404504707778
1.1276111033998077
1.1278791497619425
1.1309605419862399
1.1462649660596766
1.14285145326517
1.1453737033900657
1.1378733483664618
1.1329952004159758
1.123169642301252
1.1115914854850006
1.0969939459266036
1.0772982963497773
1.0526174533582235
0.8176297454963458
1.0057450935729708
1.0479675661699468
1.0796167181769936
1.077052826158346
1.096341265352444
1.1203238790587895
1.103747604832726
1.1106145173841924
1.1099872400107196
1.1215504596698977
1.132531545867842
1.1311838785300845
1.1499642287861167
1.1443386707111394
1.1445110474352915
1.1457704519039618
1.142340168085081
1.1329297348851353
1.1224379414493093
1.115377801157409
1.0934207441357469
1.0799504503510904
1.0547720510271859
0.839624818291308
1.0044163126615802
1.0597118126915284
1.0759750153574266
1.0825978883397154
1.1008707766649797
1.1008078774977954
1.099127412015379
1.1050811118893569
1.1149354498126929
1.1249511586151884
1.135216892022958
1.1491293022793423
1.149431735145119
1.14743688394645
1.1520618566701948
1.1499279286584416
1.1446626864351828
1.1408987571423908
1.1298665874040776
1.1164842641913837
1.0998046035729259
1.0814603267377427
1.0552043642506608
0.8749877317825872
0.9742736616612088
1.0373737808054233
1.049315660984212
1.0621629345993482
1.0761414454775204
1.0792759763718167
1.101338293677271
1.1112180220241483
1.1158432870306367
1.1355752935698864
1.144119469073704
1.1476952902683542
1.1561667346780826
1.159430905219955
1.1575293846925336
1.153402372879833
1.14439594890855
1.1436574712348677
1.1279884311472412
1.1145577209778814
1.0982378729004194
1.0784128355852212
1.0578723049727274
0.039181044551834396
0.08171696024258543
0.16675133934450956
0.2641962790895075
0.30760103486885815
0.39751278654412553
0.06393275321065056
0.11625689153947025
0.20123582857160435
0.27251130613043206
0.325129384575694
0.31567795632557694
0.07231048686408571
0.14287844818817175
0.20373393599198855
0.27659524996980106
0.2891670002652547
0.2447897213366543
0.07780377901642434
0.15152099833752342
0.2237367351179635
0.26578059805092347
0.2555603660518009
0.19117333654641486
0.10278765241262164
0.16414877356369045
0.21938054965749793
0.24041699618342996
0.2207334636124647
0.1553854720562341
0.11600063589694011
0.16807398241477567
0.21255803193620879
0.22967227828955128
0.17685856523350119
0.10198968047789664
0.10740452251135796
0.18048136686244934
0.2108516286681686
0.2009158644779899
0.1270706765672851
0.07989396967699808
0.11385725503335911
0.17788470726086883
0.20966903143737026
0.1859492621851509
0.14494415823277917
0.06136316788217483
0.12880648203734185
0.17570400506331468
0.20884041527565064
0.16957873984014
0.08313091407355189
0.03870617265788123
0.13452710091545356
0.18150814684240743
0.19509408993210944
0.15978139168943956
0.09135408704643341
0.041185271459333705
0.13622744661477898
0.1766827428330216
0.19347731992493727
0.16192116232434428
0.09899250258481265
0.017920478476877888
0.13224671231833285
0.1806313052203626
0.19056211860001282
0.16184216569841497
0.09296421944927968
0.033682643030585546
0.13267786911906781
0.17517334768605156
0.1907798274358401
0.1694698427898742
0.09509575752201907
0.03603425843186875
0.1345127031347028
0.1739790217503054
0.19589085866915418
0.17921475802283043
0.12595666519981752
0.06887426815000375
0.13097527713407653
0.17511610577878212
0.1942541141079353
0.17303595753924086
0.12198724636718658
0.08747811691336699
0.12351002495500832
0.17087801657877022
0.19800423548890822
0.181612508834392
0.16231030286263992
0.13221016850984657
0.13011776901632824
0.16826016213470682
0.19649318599232338
0.20967924557732864
0.19371295382187725
0.16513787687684917
0.11905406130262064
0.163192743569934
0.20244266264860533
0.2059967526225192
0.2061026599660932
0.18690309619143736
0.10545662184145627
0.1564826611627867
0.19805118533234836
0.21051289187793482
0.2294217653655302
0.2321623608067908
0.08990342741597315
0.1419966111203818
0.19197086790175213
0.21779118861695002
0.24372903071808594
0.25230256853702226
0.07986899468448189
0.12668399240440545
0.19224005625540938
0.22700452840476093
0.26860543728931474
0.271799930192137
0.07119748872104115
0.1156135294632286
0.19486840201255143
0.22636762971997193
0.27845332227382735
0.29326298490725167
0.055042833280498624
0.09300366807517978
0.1679287524808613
0.22198293247769396
0.28259227246042884
0.31476418451185856
0.04346507549342608
0.05964794868218738
0.14716724677551415
0.1958334707295898
0.28638670532489063
0.34245678795411694
0.7296045713628198
0.8963568467892509
0.9860122041140711
0.9982981885764592
1.0423714156874428
1.0910451821239722
1.088265843320162
1.101368429329827
1.1100215648134408
1.1249849570568684
1.1255033734141557
1.1512877779049462
1.1463709563397244
1.1542870178183604
1.1646255879053649
1.1612811399247611
1.1541421793274278
1.1563748874783548
1.1425428860486797
1.1321173487196965
1.1155884437307417
1.095316160453415
1.0743989971204004
1.0547316630289798
0.4679262637050584
0.7731263310691151
0.9004782581952957
1.0039384334111767
1.0551246722169632
1.0607861802518268
1.0689275587577263
1.0641416218297182
1.117953623928786
1.122903926671863
1.1350193502744528
1.1566706192254776
1.161583669609067
1.1558463780166626
1.1607778481852888
1.1569300843975772
1.1530123617005363
1.1430714506452786
1.1421239028325574
1.1240036888458762
1.1178457810168754
1.0977700078621355
1.0786909505575923
1.057108451011133
0.30547661665536646
0.646586774340542
0.8070454762426988
0.9305198868262865
0.9896888634312954
1.01758555904563
1.0729235297782156
1.095503922662379
1.1180304224554898
1.1413177012950286
1.1404413000714186
1.160633653796041
1.163750411523722
1.1703951658469975
1.1639846926092523
1.1641105482491465
1.150490133659254
1.140217506922729
1.1325134019048377
1.1264325466718512
1.1089590921380044
1.0940006994652056
1.0732033576535556
1.0540750042306344
0.24193207362856906
0.5011434342368777
0.7154115370986703
0.849239239338954
0.9262679498769634
0.9847577722044059
1.041932134553195
1.0750473445700748
1.114450567663682
1.1213912165843807
1.1468379156976696
1.1623338924934277
1.1738816686652243
1.1579583594106446
1.151342977998572
1.1515045799409538
1.14493539437146
1.1398166327776915
1.1274221468320995
1.1177493905885916
1.105080446850321
1.082632085035773
1.0646653585473826
1.0457283040094798
0.16068089577864458
0.36492804920324867
0.5962509273657057
0.7746217824218823
0.9048430522832026
0.9552314388991499
1.0000770109325876
1.064309614697105
1.1066636975013784
1.134681339744303
1.1645239850075846
1.1480609221875429
1.1594491940226448
1.159866189865269
1.1601465513967073
1.1488891070903833
1.1345561495446943
1.1323558705444414
1.1189770941695942
1.1033333269875827
1.096890489135067
1.0799124027558016
1.061050093369423
1.038345953591961
0.10057453655694487
0.22497793889247442
0.5245554450234895
0.6684437689843987
0.7751640835436187
0.8842836596652901
0.9817855983264042
1.0635965768748417
1.0885359242777106
1.1036877341484665
1.1399583534823363
1.1438030855566945
1.13576142610287
1.1438604239461765
1.1336231308399478
1.1329640564924555
1.1290443166894053
1.1161928484001868
1.1043067428926023
1.0976159304768762
1.078317647013263
1.0715546899823412
1.0554480752395163
1.0326722600896798
0.0030914252921406815
0.21835968608755452
0.4046801620191199
0.5899697932155016
0.7433753038786234
0.8679460029684167
0.9505779615001684
1.0218505453624969
1.0403460554972501
1.1022942799331132
1.1288227318311377
1.123194650330026
1.1133212148737017
1.1130001592465055
1.1312316733536827
1.1168105479035269
1.1192832285775922
1.1088897961043018
1.0970006952994524
1.0845590168155663
1.0702281772917819
1.0636188158684874
1.0510103554720782
1.0277002792362004
0.05885932442154451
0.16850379029079998
0.3500877210360773
0.5447323543761726
0.653228403477374
0.8086640538495566
0.9209179243218302
1.0180250096010253
1.0206736044610927
1.0867492932677614
1.0980859426770486
1.1255087430439108
1.1008374431938912
1.0925785792686196
1.1021156573331234
1.1087790688717425
1.0810838050808536
1.1040871099871432
1.0851269429813835
1.074856273815999
1.0581029074675363
1.052533501402188
1.0358771408960308
1.0194403322152477
-0.010761493606112005
0.10446392183890807
0.2739506518295154
0.4314031174939096
0.6480467574619695
0.7965942077585845
0.8788475768399806
0.9830522495414532
1.0244364180195116
1.0831335556773183
1.076114384340752
1.0952785681096349
1.091059668052315
1.104132200655533
1.079636117500876
1.0880649996249616
1.0793979224650332
1.085634632166402
1.081643921734196
1.0732446350748759
1.0625051718543548
1.0515857808178692
1.0317818360034487
1.0219039865497384
-0.0012534862243390177
0.10665686164181049
0.19856675595200501
0.3770618450312899
0.5992990103150846
0.7466648942043796
0.814364267636607
0.9586690189002701
0.9986109376847364
1.0607470559056327
1.0672779677712794
1.0794910153333752
1.0708722230939753
1.084438769212251
1.0664798294220255
1.0771596646543091
1.0649606650664525
1.0784362067721192
1.064878268788066
1.0548298522068171
1.051616542726013
1.0400106729220306
1.0338760939735077
1.0199139204817336
-0.01158220068330651
0.06295388200254398
0.23437724011311173
0.3840672037691528
0.5510941664855787
0.6908242035248655
0.8459737906187659
0.9120101177467613
0.9612588460101632
1.0113079489670291
1.036170967421097
1.043391781071717
1.078334445651999
1.0493733250883168
1.0674773918293459
1.0473514145077796
1.066064327065928
1.05567367789139
1.0622632196452497
1.057854573921613
1.048909684175711
1.0474806705739523
1.0425891238791452
1.033285119560178
-0.0363826910541063
0.03374707175368996
0.17000689470269498
0.37532482425613417
0.5060927850128414
0.6665425388182257
0.7827585446472751
0.853068856590841
0.9248986296922403
0.9524267646216761
0.9832038989627637
1.0135055527755263
1.0464170453327433
1.009851069148282
1.0466995590267396
1.0710575087524115
1.0452584464435781
1.0569350252645293
1.05617817613352
1.038211615105967
1.051019599584594
1.047401246969044
1.048189125637614
1.0391415339082193
0.02093089243638796
0.10371623105001665
0.16230732848363327
0.37539641353466285
0.5102608936653465
0.6372281669848526
0.7453487377977014
0.8187400788704833
0.8762354979215132
0.9514821980771279
0.9862808356168599
1.0088678668398448
1.0180869269409365
1.0368463848996397
1.04154714471858
1.0281270837687653
1.0344752106220514
1.0650492059117225
1.0522811578242781
1.051975911999771
1.0527840309385186
1.0508485921110247
1.050765781713772
1.0537505171239807
0.030383523781946697
0.11577113289579749
0.17762187059511192
0.31846077100678394
0.4665425827672483
0.6118826839447176
0.665175964294577
0.7646106070508891
0.8648136412065649
0.8857113371034618
0.9472856988924904
0.9663812112651582
0.97829938475659
0.9951866597794633
1.0195790834944838
1.0171727488858022
1.0260773703656632
1.0458649147261934
1.0382909880360778
1.05073528313783
1.0605783773469488
1.065222553374932
1.0627023435139877
1.057801073052005
0.10927510442872868
0.09806556627220436
0.2405966884146839
0.38041930810223856
0.47227776432517193
0.5751018477947862
0.6810386355251439
0.7316976125060887
0.8051405056632506
0.8576044146270339
0.8956965464689193
0.9150676262729064
0.9369105518538446
0.9685678956115328
0.9898296821059132
1.011064088893905
1.0366339482086295
1.0445121895326563
1.0386007037363112
1.0414097655657955
1.060293848398834
1.0639117286447952
1.072760786393955
1.0756428574641024
0.1470555045702568
0.18607262852874873
0.25905237655779556
0.367725945197598
0.48074661699426624
0.585294754179037
0.6082284079844422
0.6706139095627013
0.7720487359367197
0.8026438993128158
0.8458788255100936
0.8884649744767772
0.9174428619072093
0.9405600870920794
0.9552218815475392
0.9934124670823536
1.0082113122536092
1.0250042520455265
1.05687727080508
1.0521764728748457
1.0542268047391528
1.0669485277476531
1.0792714485572374
1.0721561911723494
0.1725638244146901
0.22917838142076952
0.3372770223110714
0.43031966304043895
0.4863430561046137
0.5374337811892038
0.6029308351246911
0.6473477743800418
0.7151136098542454
0.7584134765313172
0.7753346394436336
0.8241299103565357
0.8635983325851484
0.9205829256907161
0.9423932245970326
0.9635047870168264
0.982585781262088
1.0102138000261922
1.0250080119584366
1.0421510727944037
1.0493673861585935
1.0754790571089263
1.0674680259427665
1.0711948441811912
0.21109996891968819
0.3249278765374486
0.3923147131466385
0.4584339302433681
0.5214478373164342
0.5327420356998358
0.5781048621208013
0.6480275455710258
0.687830234506686
0.7248802635510576
0.7395292904270628
0.7982091362473741
0.834488350882915
0.8825356329425982
0.9169693144028144
0.9419003680354602
0.9716780642013542
0.98263321264209
1.0181288665473338
1.03285914773607
1.045919551174238
1.052657112273822
1.056629191694283
1.0641192977688012
0.27860416271120925
0.35970811652161117
0.5202237918228119
0.5042297322093334
0.5317751570534927
0.5641063438503289
0.607435757619528
0.6309891759770847
0.6573546305410166
0.6875847202856994
0.7503969073805808
0.7516714597961978
0.8140519291782555
0.8408420659896636
0.8716767114285057
0.9025778421996119
0.9339614931993288
0.9736729372949686
0.9875569087298004
1.0053424231060704
1.0173958705360018
1.0275530189519986
1.0344356531376593
1.041298412823827
0.318492087089941
0.4846956267705857
0.5750312675434011
0.5659326468513417
0.5731151168304525
0.6189187458620313
0.6117077624853455
0.6224057637123857
0.6427614332717642
0.6811230781711393
0.6907606536603378
0.7340649326795361
0.7691851953251787
0.7904220846139118
0.8642592866271063
0.8686057146778178
0.9054904085718832
0.9215807507673854
0.9463378416120796
0.9712479059453194
0.975856252524969
0.9943540964424554
1.0008609888332178
1.0100979913967076
0.4002850939923156
0.5871982128259945
0.6180347553397985
0.6227943354737099
0.6026253853918206
0.6032430075530983
0.6210622142319459
0.6534196927997977
0.6355432891288753
0.6602556009578804
0.6720475864212054
0.7230135106718678
0.7396674355413206
0.7665538154698337
0.804680865031028
0.8371731193871312
0.878189057933221
0.8884763326832432
0.9085265440955226
0.9323669906263459
0.9501485315034046
0.9554423364650018
0.9671176432247964
0.9642888022616855
0.4842442485457712
0.6276523727861508
0.650368304652025
0.6604775970695951
0.62718041540843
0.6126456717391198
0.6381288276777505
0.6133464769425394
0.6172262655879133
0.6562140561718852
0.6928935832314929
0.7211431218347695
0.7401081312467874
0.7531033645220229
0.7811432655352715
0.8147582457354954
0.833128765459075
0.8373262604325837
0.8713235072888472
0.889600673907533
0.8970068769451511
0.9078282509175717
0.9166775408340258
0.9226731709790645
0.6154909390376377
0.6954410872229808
0.7025146824903288
0.6757923977981023
0.6520835406046683
0.6555921531976797
0.6071767306889486
0.6152800499168911
0.6428576205170988
0.6413827177033131
0.6846030404875372
0.7090151662684312
0.742050219607304
0.7447162782663546
0.7535443306327871
0.7863058310904804
0.7905615611070189
0.8145208669314725
0.8363652266445871
0.836651633135463
0.858534117726649
0.8732583621647783
0.8567485337872864
0.8741794931357837
0.7554486978304111
0.7356939182073725
0.7625597313089247
0.7248030705149263
0.6771472200062956
0.6760601961877184
0.6979836103720756
0.6374453130230895
0.7092045463834644
0.6565611735172783
0.6990669961284038
0.7094090911676834
0.7300597031176057
0.7398501012368879
0.7677605050843481
0.7622419143861006
0.7793513881081883
0.8051652819785651
0.8172866507504838
0.8008711050471105
0.8078590312397226
0.8196862314389184
0.8306991849222416
0.8246400076378325
) 
; 
boundaryField
{
    rotor
    {
        type            movingWallVelocity;
        value           uniform 0;
    }
        freestream
    {
        type            freestreamVelocity;
        freestreamValue uniform (1 0 0);
        value           uniform 0;
    }
    frontAndBack
    {
        type            empty;
    }
}    
