/*--------------------------------*- C++ -*----------------------------------*  =========                 |
  \      /  F ield         | OpenFOAM: The Open Source CFD Toolbox
   \    /   O peration     | Website:  https://openfoam.org
    \  /    A nd           | Version:  11
     \/     M anipulation  |
\*---------------------------------------------------------------------------*/
FoamFile
{
    format      ascii;
    class       volScalarField;
    object      U;
}
// * * * * * * * * * * * * * * * * * * * * * * * * * * * * * * * * * * * * * //

dimensions      [0 1 -1 0 0 0 0];

internalField   nonuniform List<scalar> 
2880
( 
0.07396303252483312
0.14595371488967177
0.2261545975303338
0.2719831943449984
0.342669934031329
0.4465523708065949
0.10418219467804016
0.1767044281875563
0.24919587163621115
0.2912878617265588
0.3538299313293467
0.4230987806032994
0.11816353645773078
0.1869970770374045
0.2525953810660852
0.294028312900108
0.3582010182127087
0.433941894974483
0.13062645944561177
0.1942992268536606
0.25304200923017206
0.29445153886849634
0.3623440024260749
0.4444446625464845
0.1437850311662748
0.20036260032306313
0.25253069403004336
0.2947990102082905
0.36448244523172424
0.4500876115053725
0.15637838955239508
0.20504054229169438
0.2509314979781849
0.2946687398366168
0.364862840099421
0.45055382450686104
0.16794392711956713
0.20848400736696368
0.2494915658950857
0.2939945872291482
0.36370601100786615
0.4477592532607071
0.17736764819957973
0.2109172747364747
0.24830491130302162
0.29317036870426183
0.3618515033484715
0.4433359547003091
0.18511197214903843
0.21241476465289993
0.2468601797305615
0.29207472674602825
0.35953875569803256
0.4382954365201955
0.19116741610722648
0.21357953446864103
0.24561613910906452
0.2911048149722558
0.3578249595115257
0.43446276213455653
0.19555017142483946
0.2147168718453511
0.2460505858174973
0.29138970821741017
0.35695159310853025
0.4319134010810434
0.1975994839904189
0.21580346455420327
0.2478126411717751
0.2926266581203182
0.35719302107888196
0.43041830678664067
0.19802390887209956
0.21672109570148107
0.24999913690196537
0.29561414760974597
0.35934894135862705
0.4312513192484247
0.19608595935286288
0.2170923541147985
0.252357018671205
0.29992415695206576
0.36389640621836283
0.4352823921953938
0.1921260332718321
0.21719207152549871
0.25467815578744923
0.3041933121481196
0.3691185520068335
0.44058479625933494
0.18633482213605335
0.21645433436105643
0.25710972867253035
0.30777350182156854
0.37363266300573855
0.4459872330289004
0.17883086455884975
0.21555303322082706
0.2593027951467984
0.3105333776815034
0.37771400342518063
0.4510035399992457
0.16958689220478848
0.21354288220703121
0.2606514964351473
0.31210780674239574
0.38046132709367997
0.4551430879908014
0.15797326800176514
0.20935628971343062
0.26159159095175294
0.3126448416419696
0.3815886325103933
0.4578102126501119
0.14426513129321542
0.2030211644948885
0.26114648223353043
0.3110496069854823
0.38074393626344866
0.4577519283213793
0.12890514954940108
0.19400469690997635
0.25923449702653373
0.30944598095671516
0.3779262243063913
0.4540883126981817
0.11355589144527416
0.1825555479277071
0.2552453728990456
0.3057523091520587
0.3739733645675786
0.44545446017930995
0.09675541926430613
0.16772093471238228
0.2465816118917653
0.2983378331393111
0.37126111843731774
0.4331130211193385
0.06535948523254356
0.13377868115313896
0.2206605176589436
0.27219048383231126
0.3654296607825726
0.42932771291536764
0.8275848056863008
0.9082918260018301
0.9467788216542443
0.9691844611535227
0.9846698747718323
0.995448423694856
1.005040267296401
1.0202797333970008
1.0373938894869366
1.0540915430500577
1.0706198716335582
1.0847039687664215
1.0952017566643457
1.1011824417632563
1.1037698585116873
1.1044124094734924
1.102305375675066
1.0978351456404227
1.0917510307882783
1.0838448021260363
1.073673640104704
1.0624994409370576
1.048197168418038
1.031416620354158
0.7353339095956911
0.8792390284199243
0.934518651293448
0.9633980585558584
0.9822092402568159
0.99628405575936
1.0103952186130027
1.0282068740862658
1.0489999108019503
1.0678985959181522
1.0842365971681722
1.096359648736129
1.1045843872658985
1.1091872989418863
1.1102285348247816
1.1080869834737903
1.1049017884462864
1.0995257622330745
1.0920549782813418
1.0835042845771758
1.072601223840417
1.0605453755097398
1.0456732766731351
1.0288360745427372
0.6718884814869553
0.8350517926552949
0.9067485868688158
0.9481869948683131
0.9738003208351969
0.9939466872171461
1.0137251950072692
1.0371223641980005
1.0607932472004291
1.0805652594268702
1.0962799610693197
1.1067132584625874
1.112299290022186
1.114095683730817
1.1133753009788798
1.1101815952105707
1.1053632712557688
1.0983285032770784
1.0909302366807687
1.0808980672035609
1.0709193889504893
1.058341887710646
1.0429844690831056
1.0260114520638925
0.6335537548611063
0.788201911985948
0.87214991486372
0.9231573599200892
0.9576551873990293
0.985811273123887
1.016157928129368
1.0441806634785882
1.0687444404576476
1.0898171140190969
1.104121738441634
1.112649069089654
1.1161732657284682
1.116372953704216
1.1139230281360075
1.109086670066518
1.1037801472348348
1.096139988952179
1.0876090764825959
1.078682430467065
1.0670668232042377
1.0550271955919321
1.0390242361865587
1.0224285500736798
0.60694918901171
0.7472136371620827
0.8360867169954173
0.8951559525426187
0.9384235185496247
0.9755775446849099
1.0126709121054525
1.0464290765759265
1.0747389098820705
1.0949837492803192
1.1071699199709892
1.1141764367750233
1.1161959225059088
1.115127660360513
1.1118439033405958
1.1069689200602497
1.1008779421388875
1.0929068617425028
1.0844663675210375
1.0749155848082883
1.0641962607999382
1.0515276354693741
1.0356702980283041
1.0188508936586298
0.5858361547206736
0.7134830398695001
0.803224059550185
0.8688907859656102
0.9192940248715563
0.9654935924466592
1.009460260537274
1.0474933635218326
1.0757582813521434
1.0954369547167346
1.1059389817346772
1.1107376731941965
1.111836392446534
1.1108744783524684
1.1067149682722663
1.1019488492838068
1.094822672789799
1.0887591486483281
1.0798777515157858
1.0702471471323782
1.0591360974005413
1.0463593517275647
1.0313027149379435
1.0153893030752237
0.5683518030652314
0.6855624733323736
0.7751357739672774
0.8451879727535367
0.9042032066724015
0.9584906618901814
1.0069481402602303
1.0458715275017452
1.0753564173948258
1.092093536336387
1.1015800389173682
1.1058350033403637
1.1065460249703554
1.1046525943937204
1.100853888425992
1.0956939433358694
1.0900864416285392
1.0830565289285172
1.0748106127880082
1.0656831841400147
1.0555015153459786
1.043289371604376
1.0280956598611517
1.013270057983079
0.5524991106634346
0.6626949768742701
0.752782294548598
0.8268202217264181
0.8930027328173411
0.9543405942095762
1.0064358423625275
1.0457668392507387
1.0716245634608248
1.087297499175331
1.0955815330628345
1.098946685538004
1.0992421215830683
1.097775831707847
1.094324632972864
1.0896793547254748
1.0851541044929789
1.0783900954069596
1.0707508826487582
1.0615724269592124
1.0515014957151867
1.0399006661715369
1.0262625592316643
1.011880277386917
0.5399022854071579
0.6459554351977775
0.7367997535940082
0.8143220842754034
0.8874608274408042
0.9541663531134782
1.0066717944568442
1.0426511321904943
1.0662287668183617
1.0804157363880016
1.087519005113913
1.090416678207859
1.0911242012729407
1.089639854993426
1.0874526401476037
1.083565216102378
1.0781660181199981
1.07141089559166
1.0652604295934966
1.0572219986859612
1.0488002211476712
1.0383022826919919
1.0247595940627745
1.010698321378638
0.531411053364228
0.6345208723102472
0.7264518172183599
0.8091419131000664
0.8881341778648371
0.9557784035863457
1.0068716271051268
1.0399224958698683
1.0603798602002488
1.0727620397506565
1.0792249752665626
1.0823041553383113
1.0830688181203312
1.0822782304391558
1.0797115838718432
1.0760143637209387
1.071935645621862
1.0675074320172488
1.0607376991841293
1.0543449417550688
1.0464639464558134
1.0370029155241864
1.025197884513046
1.012335699293705
0.5253553745149308
0.6287344471585067
0.7224556796843211
0.8113038935717135
0.8936800524611008
0.9607154514661834
1.0068040747948206
1.0358695835411504
1.0541649310647119
1.0652206757307214
1.071262940509259
1.0742012916115615
1.0752617085025713
1.075010448536099
1.072820817482663
1.0705406598758163
1.0667742621779173
1.0630020030894394
1.0575132323614542
1.0520269209325288
1.045692770862222
1.0377880042031165
1.0272696307094784
1.0156184124504488
0.5226251375371825
0.6279185284735954
0.7242546168220989
0.8194828026124752
0.9034280722704113
0.9662009627540858
1.0078000354854215
1.0332968866312509
1.0485498089559773
1.0579298315215588
1.0636906728307198
1.0668673667419473
1.0684302371632897
1.0680047194226878
1.0671808888098473
1.0644081849853928
1.0618313220978133
1.0590717101576395
1.0557897141637036
1.0518742026281511
1.0460642925868653
1.0399866980485124
1.0305163715049388
1.019596369026441
0.5237935316263387
0.6308487277328556
0.7330423934292897
0.8336803084131499
0.9160782668727323
0.9722541533080159
1.0085860929743524
1.0298543967915088
1.0437625317222947
1.051940208532495
1.0580034935070721
1.060820497903404
1.0628763360472744
1.0626420635275784
1.0618710478553337
1.0603434432545575
1.0591030018572654
1.0577355751164494
1.0559462602543448
1.0530746754355071
1.0492366714286532
1.0431037580788927
1.0344875146664685
1.0240583560488634
0.5283687627070115
0.6373990888738219
0.7479260910960317
0.8514632046826849
0.9284498608829008
0.9785904704770818
1.0079851770763026
1.0275842992656785
1.0396040274825848
1.0478922905541084
1.0535326681253978
1.0557010345178628
1.057726466122098
1.0585992205358992
1.059293751134408
1.0595431600569758
1.0582840003888707
1.0572703200192037
1.0571638005697501
1.055087006519382
1.0520479039285267
1.0471768117136422
1.0384513729429876
1.029171711920158
0.5357664119490341
0.6485039102160379
0.7674983553016598
0.8707211022558407
0.9396686060787814
0.9820200625512513
1.0080677523029262
1.0256329941889821
1.036332035207854
1.042978049890032
1.0486609436220204
1.052484811020919
1.054974583257604
1.0565406427598736
1.0568447068244513
1.058705528347044
1.0591011748738928
1.0603653769762562
1.0602511460858
1.0589514561221933
1.056304098774754
1.051232016677324
1.0433845968227304
1.0334372500559466
0.5453388810779981
0.6674222405844559
0.7936761236136652
0.8899607158865264
0.9506989879547717
0.9865478838224325
1.0091587923363647
1.023161087968887
1.0343422712630705
1.04133297999657
1.0460577758177276
1.049264708949958
1.0521852422724245
1.054311097002329
1.0576506954750864
1.060041943274046
1.0612507952597827
1.0622010651710867
1.0635528055312005
1.0622403086585934
1.05986082696324
1.0550340246902152
1.0461202689869282
1.0363460776191173
0.5566946498492794
0.6927017603950694
0.822501831966047
0.9094049299334676
0.9597193000877453
0.9894582227914601
1.0095756552324446
1.02350182300313
1.0324160426951743
1.0382412072449987
1.043175865684496
1.0475362355888824
1.051746122236702
1.0549464602264498
1.05835128470453
1.0623573019207764
1.0650879320225455
1.0662017379733544
1.0666190001832154
1.0659628798393406
1.0627273201721845
1.0575470880199342
1.0487324625118675
1.0376597544965502
0.5694826099514201
0.7235795259069835
0.8524354656983676
0.9267460260563581
0.9677849165946307
0.9938605843258373
1.010412244703748
1.0215187168727067
1.0304168565609626
1.036633338969538
1.0419243590008724
1.0477600797404285
1.0523520783160474
1.0567637167586392
1.061107036348011
1.0651062398816744
1.0677561969779468
1.0696866345005416
1.0700500768031338
1.0694315208686085
1.0661522678750173
1.0595926026985596
1.049817694821852
1.038512537891064
0.5856698792475816
0.7613764577791333
0.879461476316086
0.9399530534638892
0.9739656164456441
0.9948600314018745
1.0096294970736928
1.0206823212082707
1.0290776782699536
1.0350624505719663
1.0410518581935841
1.0474532993450025
1.0530233443850043
1.0591472570243623
1.0651042206659294
1.0689244868956334
1.0711025508458807
1.0734072026183787
1.0739580736960626
1.0722405007431586
1.0680488890184163
1.0609874375597348
1.0500672824546753
1.03725394261197
0.6071804986026313
0.8020635234509722
0.9020309997367383
0.951278818841847
0.9791909872246627
0.9965005973662381
1.0089766030924976
1.0187790074697052
1.0264443396998146
1.033218313598646
1.0416339383296758
1.0486832226775482
1.0565222862834347
1.062971139424956
1.0680302663278858
1.073139273224395
1.0750920882777837
1.0761452578177
1.0764443289952037
1.0731810332225777
1.068545886537855
1.0608923098873841
1.0499715184889824
1.0363121607960526
0.6391553422821747
0.841190992374989
0.9205356469406949
0.9584609738006763
0.9814249344570588
0.9969671255528836
1.0082029836743622
1.0166137659986942
1.0254777482683513
1.0342939840222611
1.0432964595629584
1.0517637054116094
1.059704711695124
1.06680868254357
1.0720049535585243
1.0752258414256435
1.0783366020548735
1.0791709511876544
1.078512028834458
1.0740016441895721
1.0687722214936317
1.0599481106582145
1.0484352009069897
1.0343205671285267
0.68796659773399
0.8725763967121224
0.9340102968810445
0.9641750368781787
0.9829228898000034
0.9958522448354853
1.00628094513261
1.01535294447969
1.0245155942319957
1.0342317171477042
1.0455451561243108
1.0551002382537638
1.0632692499499126
1.070488425417076
1.0755710947782222
1.0791666125611183
1.0819283959812798
1.0812489472940294
1.079411494470127
1.074638126058438
1.0680987879432706
1.0587477231014446
1.0473078233062207
1.0330814167420195
0.7547858081669839
0.8946279254693553
0.9407062737975427
0.9657300118302833
0.9823721487249115
0.9936133839041799
1.0042665652569875
1.0134011409244363
1.023949115933738
1.0364941590399794
1.04805010653188
1.059079487316938
1.0688957561904477
1.075101274260539
1.078970664749833
1.0827476367269235
1.083268238305112
1.082325078129381
1.0793543390578777
1.07404906672383
1.0666577552495744
1.0570212072208929
1.0447732416445534
1.031031770176698
0.8266804873255547
0.904342645618229
0.9399458945000851
0.9636991873884864
0.979434870190412
0.9912391213899975
1.0008790106899874
1.0133187340455876
1.026083474688373
1.0396302970564348
1.0524283446630434
1.0629274454495115
1.0727067682880982
1.0793243622138353
1.0828187960977833
1.0854848571288742
1.0856015064789084
1.0829465289507756
1.0791496956473303
1.0730681768214625
1.0657065578506801
1.0559087567669612
1.0434925755125095
1.0290955047609636
0.06993552971195283
0.1395924397453179
0.21981373663183248
0.2710628154337632
0.33945462061317505
0.4507245888123165
0.09931712775843694
0.16998879677946765
0.24293609445700184
0.28837451724195623
0.3488759886951271
0.4173491889158575
0.11319804122816682
0.18109635605523672
0.24727759660102008
0.29070808663811804
0.35218484370331327
0.42219638796623565
0.12543288574606537
0.18937655937942993
0.24851192489416
0.2907444657721819
0.35283690032127196
0.4278395530352518
0.13815458237419873
0.19598556610095474
0.24819556086294148
0.2900023339861131
0.35229331642340145
0.4279923237559389
0.15039531653721513
0.2009585776420984
0.24780727810849598
0.2891421929371275
0.3506865485986661
0.4249593085553131
0.16169359300454214
0.20444378650700346
0.2467634526830378
0.2877880270989977
0.3480371618645985
0.4195883575792542
0.17094622953366392
0.2072593291773732
0.2451183334822152
0.2860314240907109
0.3446760388613061
0.41310172499281084
0.17834458848538873
0.20931330240446386
0.24451262727001324
0.2848160619602386
0.3416681689979309
0.4069600693813848
0.18425394788508534
0.21074656478483425
0.2444994128279839
0.2843266017799108
0.3396554916844954
0.40285356676342216
0.18829985120698592
0.21194595749057654
0.24519815719516197
0.28473307563922523
0.3393900025984716
0.40153064544070455
0.19043812214346867
0.21289530140387478
0.2464147592638246
0.28637386251245955
0.34128798426781287
0.40236429600431045
0.19059740171554543
0.2135706185092336
0.2484500727242548
0.2899296506834251
0.34494652187806507
0.40525525323883343
0.18869539368454455
0.21392888272891858
0.2507619446781447
0.29423944253408174
0.35022636612668373
0.4106852502148855
0.18497948040028733
0.21354411597060893
0.2531198493556368
0.29865787014811934
0.3561974309777253
0.4170914980871333
0.17936104475351713
0.21265951985335618
0.25502943680734125
0.30296993029583497
0.3620352438606953
0.42411945997288514
0.17222441950932466
0.2109182858117488
0.2562639995660715
0.3064275418612221
0.3674019221097562
0.4312527436000518
0.1631842179067193
0.2081241423854467
0.2575486389910498
0.3083798954905234
0.3716344012590602
0.43762721349303146
0.15201917564753162
0.20380555212110985
0.25752515879791593
0.30902184412650974
0.3745715725968417
0.44263104562630795
0.13888591413908086
0.19716667829310094
0.2561970486811468
0.3082102608230524
0.3751936413563994
0.44569640072725686
0.12356262355534897
0.18744465228682314
0.25346537740945596
0.30571446815144826
0.3742271443921917
0.4456860770559438
0.10850824238127595
0.17537593510591046
0.24778156940374083
0.3013563444392764
0.3711387182757607
0.441593182446086
0.09219983118933489
0.16021969691381693
0.23834673213901844
0.29292011476294455
0.36710881238049714
0.43465838868042417
0.06215003498370552
0.12686304559211117
0.2107795216970825
0.2664464665566449
0.3568881431085273
0.437743688369525
0.8066615745719571
0.8909434194165881
0.9313905472118051
0.95707677172012
0.9730528147646093
0.9867199267125546
0.9987377750280252
1.0119503692670084
1.0275532093124746
1.0433628120032372
1.0575139952456016
1.068122786805959
1.0761260458940742
1.082186182233171
1.0869189500861958
1.0874497988126646
1.0860749558368443
1.0826480686817614
1.0785211051395611
1.0719021161360631
1.0642578516971124
1.054076427721503
1.0416029288539348
1.0278196397869057
0.7051739417256015
0.8510437495420833
0.910663537701123
0.9435836088639901
0.9639919464134972
0.9795045552497417
0.9947101283663294
1.0126369868064156
1.0303897464156024
1.0471100167655838
1.0616380583229552
1.0720878818490212
1.0801556630142277
1.0854943874434615
1.0875412240777875
1.0879328362447254
1.0857008075726642
1.0821967055948736
1.0765920022909472
1.070158427533237
1.0616940364717868
1.0512539657610618
1.0390437233485093
1.0250752844197761
0.6392356377824288
0.7988133288742051
0.8758888822251044
0.919626855298927
0.9480553699490135
0.9684374162560903
0.9899371940470298
1.011597159742007
1.0323969318712016
1.050006198649891
1.0643085877823342
1.0748013405474826
1.0821396221981026
1.0861421400250355
1.087749222702291
1.0868041812261724
1.0838878499838365
1.0798510560194987
1.0740118907354834
1.0673526084563623
1.0588999628152964
1.048644806005737
1.0361274670241756
1.0234303772860422
0.5977770666619355
0.7473469332970666
0.8332522865163302
0.8873696825859999
0.924081361873717
0.9533187455025971
0.980948111951175
1.007479514761751
1.0315891990135253
1.0510796952246697
1.0654385854560884
1.0758972254488488
1.081697296224811
1.0846950366780594
1.085699636041687
1.0836571376614035
1.0803636564702144
1.0760835379033913
1.0707446107102707
1.0640117068172859
1.054826785822869
1.0449779646471653
1.0326898925892891
1.0188247641349373
0.5683238702270206
0.7028728091178283
0.791772177666949
0.852991822217969
0.8969964998497113
0.934410218631094
0.9701270820204109
1.001436368618395
1.0271610678761
1.047966511701501
1.0625753026868685
1.0719201942602037
1.0773633839153545
1.0795332841040712
1.0791386985736886
1.0777540296204715
1.0745657799685817
1.0702979164406972
1.064451567550934
1.058145362864385
1.0503760971717602
1.040566800629063
1.027833790366141
1.0153171284049416
0.5446514364287242
0.6646049228701162
0.7547980849333724
0.8207397773465133
0.8709794698434103
0.9163155801746385
0.9570254466666185
0.9928712203730033
1.0207308263659913
1.042542000717855
1.0561827606575829
1.0650198147192411
1.0700683370752662
1.071915596434079
1.0719062327467923
1.070446419828232
1.0678519918805254
1.0639854610670247
1.0583704923693407
1.051870582721592
1.0445200776978616
1.0352452888076649
1.0236307406931064
1.0110028427597495
0.5250955747240661
0.6343077898622277
0.7222462404046265
0.7920693622896853
0.8491265838858699
0.900753741807287
0.946852479864701
0.9853532985833241
1.0148077439974101
1.0346925059853993
1.0479165865276754
1.0558791069050901
1.0607754744411217
1.062629155453927
1.0632676134168497
1.0624750690163764
1.0593656893269887
1.0562444729610432
1.0513559104888315
1.0453993395926142
1.0385686778634255
1.0296477867876306
1.0187421644393932
1.0072032801656021
0.5081383061626968
0.6098853651305085
0.6962587119245641
0.7684860041600733
0.8315722301534126
0.8901498136674888
0.9397553035056115
0.9797645578512274
1.007333390007747
1.0260717825796144
1.0386298675460701
1.046325532885716
1.0501218699071817
1.053265734573467
1.053821766481841
1.0535704346262713
1.0513177810994554
1.0488916021277892
1.0449316751905149
1.039589451865557
1.0327515853862972
1.0252965761131931
1.0143687574903248
1.0039883274100945
0.4939045502282813
0.5900607284670831
0.6766238721053599
0.7509623252983492
0.8208251235365737
0.884715724358127
0.9364445719036975
0.9750370039962577
1.0011623796337068
1.0184567711212096
1.0293858661715543
1.0368582322926372
1.0411285052464891
1.0444949725308097
1.0453767902111761
1.0455459010137558
1.0442899205364986
1.0423613038488089
1.038669906486347
1.0344448238624007
1.0292717500055444
1.0213703583219989
1.0112847736474417
1.0013874181552995
0.485285633739638
0.5776822916062392
0.6632281945853646
0.7406337383754742
0.817541236467078
0.8846016466537286
0.9360917929816701
0.9720944210830992
0.9958425484621614
1.011679334894887
1.0224641116082054
1.0289921731340486
1.0348196224435908
1.0375692165660455
1.038647473250703
1.0389992086283455
1.038323601474904
1.036239034497896
1.0339427189812176
1.0306246134620747
1.0256372839635206
1.019517655718633
1.0101662923999895
1.0010413661478854
0.48154478983087085
0.5722975954116847
0.6578684358755335
0.741110676598447
0.8213304636661329
0.8888540407070579
0.9374634686378449
0.9704981220562817
0.9916655806739344
1.0064978253587529
1.0163533152087858
1.0234888636636243
1.0286792114582284
1.0321907214265165
1.0336192535626976
1.0347888511959686
1.0342104947750053
1.0336436365288584
1.0316381176953464
1.0282174942255342
1.024452500217941
1.0197282347356553
1.011605551300007
1.002601131294777
0.48082057522631305
0.5722731662670701
0.6599848004486666
0.7501287377741167
0.8328533164504174
0.8969015874532777
0.9412504496067966
0.969723159094504
0.989478958475383
1.0032285613848644
1.012786464905672
1.01972307584889
1.0253978498313927
1.0288932629278595
1.0316167934343454
1.0325833836454283
1.0324653238170372
1.031875051169555
1.0307274297583862
1.0289774889031418
1.0259162443149965
1.0220217071342266
1.0146638027586008
1.0065043057119631
0.4824344025522594
0.5754595253832439
0.668590366308573
0.7658354584307239
0.8471917100105656
0.9063575639130579
0.9456211721112824
0.9709762590221163
0.9889032340679917
1.0024647550866133
1.0121488451238152
1.0187303368162295
1.0241439004397046
1.027736616914322
1.030935090559413
1.0325088395984998
1.0328397147028778
1.0324933286909337
1.0318937215151123
1.0318985423716052
1.0293503022803325
1.0263576771821636
1.019396082504385
1.0115484878752041
0.4887876023488833
0.5825591651148402
0.683992534741332
0.7849376593767067
0.8633912888644328
0.9155800780856617
0.9501174374165658
0.9742575869426329
0.9905865162738217
1.0025336375467702
1.0120775045318307
1.0192570705668083
1.0254173060057132
1.0295142943909807
1.0320752433206606
1.0332864470789866
1.0353000952377243
1.0374772818482971
1.0375125083472847
1.03763818855794
1.0358679964692663
1.0318661642335325
1.0246657676489073
1.0166875716899397
0.4979921769601283
0.5957124554792269
0.7054397543312623
0.8068400428149762
0.87866299790191
0.924140006126628
0.9545119569477427
0.9760696051610553
0.9916899553541291
1.0043323663237085
1.014832538789584
1.0216414482306446
1.0275795628277715
1.031568768200479
1.0356065874260096
1.039306911789386
1.041159199695261
1.0430185300966894
1.0441590283829105
1.044332251438373
1.0425028861472343
1.0389740629871291
1.0315853488574729
1.022691669739023
0.5085782643475266
0.6153138306565767
0.7335282790679963
0.8303298132455832
0.8917896298989539
0.9318180631656444
0.9587709570278535
0.9790264142695189
0.9948027031506441
1.006796515304413
1.01596933474915
1.0249481870458068
1.0314762269115467
1.036324588657049
1.0409073550424714
1.044538103278857
1.048602933870854
1.0511635388016414
1.0521590135349568
1.0521955841389286
1.0503838165291186
1.0462017111850004
1.0379888851341879
1.028423567616403
0.5206895191053686
0.6425282335707169
0.7669749795601595
0.8525956555432295
0.9046995057164401
0.938415838738994
0.9629100902057269
0.9815023029554639
0.996753868969698
1.0101229722003695
1.0204255630597032
1.0282365288028186
1.0354862470162147
1.042094667503322
1.0483995328818012
1.0525726078768247
1.0560725970658786
1.058861596582841
1.0606058692727485
1.0595338136110222
1.057768945748239
1.0527034627972893
1.043488572306702
1.034098225498475
0.5352674748479652
0.6768655956671045
0.8012620552377426
0.8744462315983907
0.9180087686808898
0.9463336571721496
0.967564503606107
0.9857854795401898
1.0006118184055395
1.0125394323291024
1.0237523391806709
1.0325706229870664
1.0409485516605097
1.0488769261396176
1.0554477528237869
1.0609629701510745
1.0655453343722598
1.0676457902863805
1.0683608105845253
1.0678671237280435
1.0640742919245794
1.058408535423203
1.0484994340365281
1.0383250290842467
0.5539126083502475
0.718649718747915
0.8336496625870455
0.8949680665455254
0.9300577255444189
0.9544616149562278
0.9733084773856573
0.9895998591893886
1.0041262490887573
1.017332112833978
1.0282191776216187
1.0384394080929857
1.048180112455449
1.0567568266894558
1.0635437577772966
1.0685538454214236
1.0734452218377382
1.0754856110468658
1.0760748039883938
1.0741058189064363
1.0701650923593207
1.062800597847759
1.0527573942539594
1.0408458171221302
0.5785349032922438
0.7651927197540767
0.863793812570941
0.9124522121224722
0.9419144118335017
0.9633998051753213
0.9803338263277588
0.9959779393388286
1.0090520428962928
1.0222657269042876
1.0336272332573855
1.0454275623010862
1.0552301684445713
1.0642566590911493
1.071502058148551
1.0771947191751348
1.0807480124927338
1.0822104537177808
1.081876948175353
1.0788585008546274
1.0739774372194184
1.0660483037818904
1.055286125215646
1.0421885884779964
0.61494417407489
0.8115980263683105
0.8902195848304134
0.9285376737570907
0.9532626561889912
0.9724741570772073
0.988336128627483
1.0028862844054687
1.0156941528149968
1.0271751117466938
1.0406903251458475
1.0529424449368905
1.0633638212289487
1.0719613273226172
1.0784676449964459
1.0837678516488465
1.0869277785971148
1.087651311349572
1.086451954182144
1.082789520584358
1.0766987778554047
1.0677586138162192
1.0559139554942099
1.0423808984645873
0.6697222415022919
0.851815433022526
0.9123853912063314
0.9429240226434661
0.9649339470238842
0.9813889781120679
0.9970540115524865
1.010600627973423
1.0240130665431264
1.036432398036579
1.0482930528081202
1.0602685356516086
1.0710755206865168
1.079654580251441
1.0858099935543981
1.09051994511317
1.091840234634202
1.0916880407228655
1.0888352701766717
1.084660716280008
1.0775976462377657
1.0684986970833774
1.0552324692077735
1.0412785566842784
0.7449993553038339
0.8830301297709853
0.9283320071172411
0.9550212822959361
0.974622469676148
0.9906243871746152
1.006107737186818
1.019468476167814
1.031977050463565
1.0457683787470655
1.058879240711446
1.0692876720857647
1.0781850650433458
1.0864152911119802
1.0919889548609576
1.0949452145822232
1.095974461839453
1.0939724527964207
1.0904763127634196
1.0855413751142555
1.0770977796789165
1.0672586425675294
1.0538692640121419
1.0391033985399083
0.8280287416802518
0.9023367986987169
0.9387823133538994
0.9640512401814533
0.9838957948227816
0.9997285504056702
1.0144941711526971
1.0276055203568082
1.0410481932330196
1.0551319625707656
1.0681737512687093
1.0792090531732885
1.0866185823224297
1.0925643746624294
1.0965836988261541
1.0983057618873715
1.098266043584533
1.0949261127525272
1.0909016311382909
1.0839203996978233
1.0756746994389894
1.0648982424898932
1.0515610494671155
1.0356103510637944
0.07786483315475286
0.15876797467029108
0.24400605664442157
0.29055542919313976
0.3596577899351893
0.45349938727529954
0.11097099735049014
0.19153741400057722
0.266140203020145
0.3078190618776915
0.36772522335970215
0.4302614701782469
0.12729970098328147
0.20203937654331575
0.2682779897605806
0.3086116294905314
0.3693071556745144
0.4393830709878581
0.14150877632375142
0.20900833299011518
0.26730420510550573
0.30689585770169164
0.37093847050388207
0.44867616160709933
0.15601635700002187
0.2145620245152957
0.2655136026371567
0.30533305631627256
0.37131340623676895
0.45335647878380764
0.16954880021700489
0.21908346154673547
0.2626720340910172
0.3032036369573869
0.3699171359802857
0.452490653330384
0.1818823109044528
0.2219011600883025
0.26014499891620196
0.30111138981572905
0.36725287405703666
0.44879746054105063
0.19214883670330282
0.22374242059902777
0.25802405195507067
0.29913929425936525
0.3637947710375777
0.44344972048201986
0.20051660788781167
0.22494797247656675
0.2558495168283752
0.29700761271393283
0.36037070877395044
0.43653393606853474
0.20722075477348706
0.22605643761170177
0.25398900292627163
0.2950034717232554
0.3572274264338575
0.43165251648196196
0.2120450135627357
0.22691388773825577
0.25415276572023
0.29424181177188236
0.35544038248797966
0.42936622046935846
0.21449426886465883
0.22771797633681046
0.2553180244564355
0.2953215645815605
0.35560866452204837
0.42881046334743106
0.2146990584342511
0.22864659375816038
0.257404459064583
0.2984755965350529
0.3586937413583753
0.43152757350234056
0.21263854666282878
0.2289546663195551
0.2597727428912343
0.30283053886505884
0.36455434074718185
0.43705797509952127
0.20815064543166592
0.22869094722173813
0.26234508136403006
0.30755246231166833
0.37043057904500876
0.4437837423158666
0.2016694570379975
0.22836362579967504
0.2653870093557169
0.31211468274068327
0.37640014242641706
0.45049524613061787
0.193344020811535
0.2274588173048148
0.2683017071811361
0.3157432533781027
0.3812373284351864
0.4570587386287341
0.18308286822705389
0.22552248812547315
0.27018266155692344
0.31881331254092266
0.38534101096440976
0.46178493235720014
0.17075453510103888
0.2217877471891193
0.2721060433152164
0.3205928003499465
0.3875976135906583
0.4647907019045044
0.15646274876511726
0.21606576326331745
0.27300821255466545
0.3206392569272255
0.3881891365048311
0.4650175021155755
0.13978600070365674
0.20781639782269268
0.27220405075024695
0.32010748225070135
0.3865658433846659
0.4617529707823193
0.12335001320335698
0.19619397693839477
0.26916958286091114
0.31838638072678127
0.3833300082536499
0.4531525843938484
0.10524499076604421
0.1810505728945545
0.26122817516275487
0.3123766233747637
0.38077667844085916
0.44088042017411055
0.07134378944222496
0.1442249821876607
0.23396358033869002
0.2873559545164272
0.37397464877906844
0.43765736001196653
0.8228435763274734
0.9014247570129957
0.9420642640117143
0.969363724526208
0.9912887904820292
1.007719201345043
1.0227831167361385
1.037941688146616
1.0527811120612045
1.0658215950136818
1.0773943687492165
1.0876644065288226
1.094661267637781
1.0988750074848899
1.101235057169522
1.100903661926837
1.098995889687494
1.0947109255473246
1.0899475469598183
1.082196224102603
1.0733525891811648
1.0619802164857333
1.0486171909845594
1.0320796527299776
0.7321424443994476
0.8741577604596972
0.9331526045288232
0.9676810346472499
0.9938600737800779
1.0136899457066766
1.0301529102140403
1.0466364076717756
1.0623425289776365
1.076319498759253
1.0875088060213587
1.095329801015637
1.1007130190621592
1.1040497024771385
1.104060543261855
1.1030198051548734
1.099883104041489
1.0946582327802776
1.0882119793536225
1.0804537582648863
1.0703038033985353
1.0589293725449667
1.0443225733383674
1.0283221050771394
0.6704289237829287
0.8325075312882261
0.909103374783273
0.9574206822629514
0.9899564605477732
1.014845175962671
1.0350197793297018
1.0539420846202583
1.07034076280764
1.084896024175762
1.0954945230668736
1.101567334669676
1.106080313731037
1.1071741905815953
1.1060221838853264
1.103347267934641
1.0985274833541914
1.0927078153808036
1.0854007359744153
1.0773395240498855
1.06762882743484
1.055241939179854
1.0400857982770126
1.0234911869583572
0.6323469728556884
0.7884161749043127
0.8779236980106769
0.937890406504138
0.9784317587461139
1.009822610664221
1.0358074211763961
1.0578667953423426
1.0757588628389037
1.0891927320473327
1.0998102879429057
1.1051770921979376
1.1076244961756405
1.1075926626884882
1.1057231510027214
1.102009920090189
1.096796651882804
1.090188481837637
1.0829548430735874
1.0730449212542565
1.0625548254326107
1.050600848294408
1.0356159751363232
1.0193485430421139
0.606589890250652
0.7497655289104573
0.8466255881850419
0.914412862859139
0.962385151475093
0.998822478050577
1.029739170167747
1.0560706400313407
1.0762375410619378
1.0905371926187999
1.1001377503356407
1.1041612786581214
1.1063230243113429
1.105687237199719
1.1025642335449697
1.0985152527187552
1.0929031710266786
1.086132329586105
1.0779991537946805
1.0689276225494424
1.058161995110799
1.046855156369876
1.0311722852706804
1.014313343538669
0.5860614892267827
0.7182612707590611
0.8175053367931491
0.8901741698208413
0.9437910338455736
0.9864031133256008
1.0225103772748163
1.0512587692980007
1.0728722357409737
1.0872533405613274
1.0965973941290608
1.1008315174526535
1.101618676073446
1.1000909677132593
1.097530283119444
1.093136395664541
1.0882405432325113
1.0813493337219613
1.0730338577428236
1.0638813059173289
1.0537754272491102
1.041880726409487
1.0266294237515328
1.0104615189073214
0.5685828801146713
0.6932695927820554
0.7925460181657966
0.8683756534260847
0.9267365236833591
0.9750927691656541
1.0149725479295344
1.0456380491137671
1.0670518274451444
1.0815448144892785
1.0896542167445746
1.094188276945781
1.095545011863066
1.0943934098051626
1.0914241485475613
1.087693774800816
1.0824380491293109
1.076135997038695
1.068064707381686
1.0598269394634998
1.049346405474937
1.038197668036585
1.0234169516844358
1.0083735527010207
0.5534767712969091
0.6725549241522465
0.7718795040005307
0.8494259615525918
0.9117362909848379
0.964979279731378
1.0080580311342007
1.039397504317359
1.0616336089759875
1.0755438616029263
1.0833109999902295
1.087399831618412
1.0892400121299617
1.0879739372805242
1.0857305129912795
1.0816895209091275
1.0769007520142815
1.0707534815109179
1.0636766036418184
1.0550984848439136
1.044957961537953
1.0341609916973142
1.0202948106992902
1.0061187300277648
0.540585228177626
0.6569773642350487
0.7559255897249569
0.8340018295052694
0.9018811097027425
0.9590283855048394
1.0039148843666335
1.035318558156574
1.0558583914010997
1.0684626868842504
1.076283273675401
1.0797264786892882
1.0813861932714808
1.0807405598369053
1.0788261089203814
1.07477991090397
1.0709562339858765
1.0655017222515446
1.0592057573581282
1.050499703439413
1.0423866453407729
1.0311131039697017
1.0182029080004886
1.0053850427211208
0.5328477964030089
0.6472233575505285
0.7459174583437926
0.8268170274273041
0.897916484203024
0.9570982951411156
1.0004783732855453
1.0304029603850935
1.04960951279829
1.0610877642745475
1.0684783781575549
1.072112394199594
1.0740095189581833
1.0732756692517091
1.0722982713551061
1.0694629689791983
1.065640650596106
1.0596532759730457
1.0544158947776003
1.047610987390687
1.0397642096652444
1.0302501366209345
1.0186774913484338
1.0068377067689986
0.5290562289718408
0.6432417667981274
0.7405856235080668
0.8259328430485396
0.9000599710877005
0.9578293192772774
0.9999518567998364
1.0270984131976062
1.0443390612992736
1.055533275909246
1.061477777783848
1.0653737496878843
1.066867640862465
1.0671307150362377
1.065994654072815
1.063750959111265
1.0598741245189818
1.055080993320377
1.0498092530216985
1.0442120496242744
1.0376024628965128
1.0303687777577875
1.0198748259620376
1.009396808440285
0.5288046015258716
0.6433235374831798
0.7413008031486434
0.8305945309691198
0.9053545936370202
0.9624093438293165
0.9997017875629294
1.0236248675932114
1.0390614960635765
1.0492604020893819
1.0556845635493282
1.0592639017052783
1.0609779618432986
1.0610923192545028
1.0604147927037268
1.0582165024472634
1.0550888417044526
1.0508996184258173
1.046829822268788
1.0431121265694991
1.0389085183576048
1.0326990096594195
1.0235402421942024
1.0137367134362398
0.5319849753954687
0.6468988291331054
0.7488368190836124
0.8413037867037283
0.915024347019813
0.9660199400640642
0.9999694468139716
1.0216308839938704
1.0355660389873025
1.044233280412874
1.0503939509652058
1.0540539800155038
1.0559793286913985
1.055892115613317
1.0552539281682487
1.0531890423421397
1.0514159142169635
1.0489452185009547
1.0472390447329742
1.0450125504356402
1.0412242753119
1.0360569476609933
1.0283183038225923
1.0195466989382325
0.5380102366520496
0.6533543620957021
0.7605516762273415
0.8550342742719916
0.9254346552290443
0.9721851466495275
1.0015028106473918
1.0201328262658351
1.0325362819006585
1.0415922554540102
1.0464197493741796
1.0501323218001557
1.0516086356115533
1.0523235903647503
1.0525674071887268
1.051643249537819
1.050569183494042
1.0492445191264357
1.048232974605953
1.0476619025381082
1.0456689815177496
1.041268443701087
1.0337920428388028
1.0248712461516774
0.5470109543780765
0.6645622517855682
0.7778872612692131
0.8722828263617468
0.9369955997234181
0.9778588460056317
1.0011960776751392
1.019179597874121
1.0308931168641067
1.038633469695701
1.0431148989844836
1.0471756417188542
1.0492623397381606
1.0496708785440296
1.049428370384984
1.0503112457750963
1.0513163358620952
1.0529658911624218
1.053402331281532
1.0525078835912438
1.0504941273871677
1.0467946763102263
1.0392038831314303
1.0302242932618983
0.5579016329951042
0.6828544389727642
0.7998269795042156
0.8902540757655404
0.9472988376992522
0.9818115589433921
1.0039972118382523
1.0183330692847194
1.028632091003538
1.0370207550339017
1.0420485432828108
1.0440333312811334
1.0457413931197883
1.0473085945021345
1.0497780184558299
1.0531618767783928
1.0548201815976403
1.0562429062538956
1.058313028319281
1.058126491354648
1.0561497346936966
1.052212340627995
1.0446352844731273
1.0346883837774878
0.5697570553306394
0.7054753007823137
0.826283711945115
0.9083917226589318
0.9565256218345431
0.9859685500750262
1.0049348040536006
1.0187531374821064
1.0285001435110503
1.0346450361584105
1.0391339578271324
1.042850289649541
1.045738162703639
1.0488042305586691
1.0519765368582412
1.0564443957989769
1.0606549957656013
1.0625561552354104
1.0635348644487033
1.063756208803484
1.061742285087454
1.057009952336213
1.0484947630196075
1.0384235146907133
0.5831584710334361
0.7328336616277348
0.85396917020158
0.9243560145516874
0.9637663407806955
0.9897782376813219
1.0062768072887394
1.017575108772647
1.0266812952281168
1.0333471177979165
1.0385925555992053
1.041822526970867
1.0467308075268507
1.0518555760186457
1.0567429250295277
1.0610076101128731
1.064281329133125
1.0675727242168072
1.0696120430982876
1.0693454729876992
1.0666940862264647
1.0607549106682665
1.0512668019645353
1.040343854306358
0.5992465280568103
0.7675236823358097
0.8791909883085389
0.9369975207086243
0.9711405513801368
0.9922240206682068
1.0072153286400203
1.0170881620698984
1.02527271676677
1.0315545629807905
1.0362439658700382
1.042108881838388
1.0484830766660693
1.054396122778473
1.0612976045764346
1.0668773138645895
1.0703052970246065
1.0734112481594453
1.0741649172393204
1.0733936598236344
1.0695054355731017
1.0629263998033944
1.0530334172953477
1.0406950564064745
0.6202163955856654
0.8051022519421834
0.900752898266398
0.9485009663002829
0.9758517411115353
0.9937885639339868
1.006355862320912
1.0167574255078629
1.0242984664575965
1.0298104671257375
1.0367821860575834
1.0449405022174625
1.0534061227399159
1.0603930715941863
1.0652812112742962
1.0721288705080982
1.076514587728085
1.0791206325480749
1.0797130700973343
1.07775160450828
1.0727527403095916
1.0649678865695316
1.0537928142526456
1.0401530672379746
0.6490884787287741
0.8420096311156999
0.9193931649426405
0.9579908619074626
0.9796762410488363
0.9954926626082047
1.0065331101609296
1.0148835282048632
1.0232528387954711
1.0309186759097613
1.0397676508464437
1.0485986228549635
1.0578922164004059
1.066062633611779
1.073420868288951
1.0783949498174916
1.0821080831930538
1.0837490758700874
1.0831811249690264
1.079725699011207
1.0733860478415196
1.0646835985169607
1.0537491657252989
1.0392276827233273
0.6946824126926646
0.8730776943498669
0.933149974682812
0.9638656873427901
0.9822574790553538
0.9952115630039534
1.0059158878046166
1.0145212043451286
1.021563730909064
1.0312441159933246
1.0430843687274691
1.0538423622963657
1.06360883310798
1.0718126426548988
1.0797208533878184
1.0836804649916365
1.0871741345419184
1.0876040413401422
1.0854012085467988
1.0812536684878
1.0741516188711253
1.0650719800195234
1.0530468622255722
1.0379107640525678
0.7580666929058477
0.8954314572030141
0.9413642590771872
0.9663153951574824
0.9827888217901558
0.9948141773482991
1.0041169236812808
1.01334852389762
1.023246920820316
1.0347776805959352
1.0477793912435247
1.060353166907119
1.0707089083382921
1.0788760922676301
1.0844889354645766
1.0890201678690046
1.0912695269733423
1.0896885606610927
1.0870290048116553
1.0816029850896134
1.073684753770966
1.0639172516677502
1.0514576667727926
1.0367606361612876
0.8258278442418115
0.9055056953789941
0.9421212948048122
0.9656098557074735
0.981668631621646
0.9936137014987523
1.0024845720837745
1.0128266495933091
1.0267221608561825
1.0401155422399164
1.053849187596514
1.066546591274825
1.0777061696796089
1.0860127782137714
1.0909090088151756
1.0931497722626933
1.0937050436361577
1.0913360757118298
1.0878756785674586
1.0811777868577015
1.0733998085782286
1.0628637524652018
1.050320191304694
1.0349917577357088
0.06865189348919601
0.13614871358448166
0.21756414443681701
0.26672781910132126
0.3371618333785452
0.44863481003042055
0.09659473446485418
0.16734221242359182
0.24091562680195405
0.2852792029122121
0.34638762550242885
0.41614755316295243
0.11006602562283174
0.17873851587083334
0.24534002919005785
0.28817658595776036
0.3500886512842757
0.42049964202398676
0.12219786011980185
0.18721760810494165
0.24648237701503403
0.28867062017138
0.3509226987261616
0.42546116551912905
0.13531511737509075
0.1939599932278832
0.24638968909129372
0.2880007966985282
0.3502275069958299
0.42604226227120234
0.14790845789390333
0.19901622431902316
0.2459792289612509
0.28713678996159403
0.34813284768485464
0.42240158315960646
0.15935192761531913
0.20263237135484108
0.24457117366078435
0.2853927896355016
0.345439537589099
0.41681958754812626
0.1684037826003019
0.20544089646604738
0.24268695280462194
0.28347124041641647
0.3418757977821647
0.410011343663698
0.17574170438971304
0.20711291011304778
0.24175982356545345
0.28151568813869776
0.33831122453642365
0.4033539052069792
0.18187719204549854
0.2085823541315292
0.2414437403702109
0.2807750160640848
0.3356532585308634
0.3993416588211883
0.18617089442987877
0.20969777605561155
0.24191827010237182
0.2808257664641162
0.3357596392776486
0.3987674342345773
0.18860178153419155
0.21072661900796633
0.24326170410028602
0.2826828064324148
0.3381977987992079
0.3999077809679149
0.18887238032721188
0.21144337210437927
0.2453072918958861
0.28620252500714083
0.34222929560820253
0.4035049382266289
0.18701705992065243
0.21192908989849024
0.2478890022516073
0.2911276766915335
0.34804120909565395
0.409354303669762
0.18320286985530657
0.21195275431925878
0.25039807716265494
0.2957142901718124
0.3543056114013671
0.4165549203859019
0.17762807514274287
0.21128565648870912
0.2525700725106928
0.30032680948561136
0.3604237341285445
0.4243741025843848
0.17042986593936194
0.20987905593544426
0.2541361795279104
0.3040267150253509
0.36602898883350216
0.43199950969140277
0.16135711227935104
0.20720499488380656
0.25576540649981616
0.3066544426256977
0.3709586835971659
0.43907244089684083
0.15019454598089355
0.20318329859696999
0.2560372229631777
0.30714534835337476
0.3739905763093408
0.4446867619389369
0.13694719538679953
0.19678495191774895
0.2555937703340464
0.3070935829973965
0.3751451165162546
0.4482675663759102
0.12153843559005618
0.1874308031881244
0.2533918534792007
0.3051605015958599
0.3740803324997899
0.44781094348703665
0.10673274121209217
0.1756411849778279
0.2487360890087916
0.3017676663730929
0.37146636500054203
0.4431409190810742
0.09094444088836046
0.16048739131878076
0.24017356036745827
0.2943820324740246
0.3678858032694554
0.4349896183929947
0.061827334915235316
0.1264239513418666
0.21366996345186753
0.26979479331359507
0.35966238158737285
0.43826780753500194
0.8078388445843061
0.8930025951037714
0.9345621006993973
0.9611426264371465
0.976473163930218
0.9902506963995332
1.0016936274657027
1.0127312991970228
1.0293642245088412
1.0470469508555125
1.0619777429415942
1.07472541985026
1.0839704417832745
1.0907103347151872
1.0953088688939079
1.0970935630171241
1.095561955130906
1.0917848855121863
1.0871730359446672
1.0799179940371588
1.0715562738126467
1.0610315775703403
1.0474303434926537
1.0323924052025346
0.7071691026407989
0.8531404818896487
0.9145024267454538
0.9489264604551089
0.9693971822171554
0.9843099410503136
0.9984619696664863
1.0171020198041256
1.0353055321410831
1.0527749439532954
1.0695093976310202
1.0823733586966746
1.0904658169286991
1.095649830229062
1.0984850215695046
1.097642254488063
1.0950552529612274
1.090740181570907
1.0851697699990457
1.0778029608207529
1.0695555303566457
1.0582085399074
1.0444845104327014
1.0300079248245164
0.6390941078719908
0.7995134340186097
0.8780389815552911
0.9244752741381871
0.953702983895302
0.9744486869348318
0.9952347178305104
1.0182375845557363
1.0409456987731718
1.059793425805035
1.0755879705225733
1.0875876238999154
1.0945700280579251
1.098170476602406
1.0982129059468202
1.0968681323339897
1.0936784149284267
1.0886223153446255
1.0817717071475774
1.0748089935022471
1.0650945391391016
1.0547608792123713
1.0403777522113675
1.0262351328456887
0.5966574220895398
0.7463787805846119
0.8334667137827461
0.889791114275355
0.9288688780989437
0.9582558787055875
0.9862726891998118
1.0166157566667975
1.0425752263289967
1.063929165934802
1.0789713381001405
1.0893476762351226
1.094040453404099
1.0964021983685248
1.096142403780936
1.092930600436901
1.0893548638526727
1.0837220565763945
1.0768766412652926
1.0692510062192409
1.0600366887087866
1.0484414866603442
1.0352639918791866
1.0202696212923392
0.5662470155879071
0.6999079375834475
0.7902536085229683
0.8523658612777522
0.8988884781830365
0.9376667989027092
0.9759857907300297
1.0106286383023322
1.039301202683655
1.062184027166933
1.077255415149613
1.0851121258865783
1.0891764014235512
1.0902898708316955
1.0889398436888629
1.08670329673105
1.0816916480775283
1.076276371913671
1.069656524582503
1.0615253739805008
1.0523094512921112
1.0416027953385818
1.0279534758147182
1.0133571353553075
0.5424103713557086
0.6610602226618814
0.7508605602908193
0.817737101002075
0.870547754260214
0.9179685779438146
0.9632299885187463
1.0020557405556787
1.0332396790803167
1.054817236856092
1.0686565784063335
1.0773378252165826
1.0806883314450595
1.0814239419561478
1.0804544178428293
1.0779644614168242
1.0731649877503977
1.0681128328528722
1.061368879871137
1.053946274432229
1.0451970130976453
1.0349220920920583
1.021647109713509
1.0083289154377473
0.5221170297298384
0.6294637443959186
0.7173253498940424
0.7873943633739856
0.845309812513011
0.9010756360143125
0.9524030930554942
0.9941681394427413
1.0252262651445325
1.0457245846067331
1.0586681375210434
1.0657967640792814
1.0697281785695527
1.0707420050051195
1.0702039083659682
1.0675174156244636
1.0639575455632897
1.0586452242338684
1.052749961666991
1.0452891169758642
1.0369392609099863
1.0276175353703185
1.0144858287274403
1.001841556302076
0.5049986521312309
0.6049114446641713
0.6902342996387809
0.7620333712805861
0.8280099991365751
0.8902194294921836
0.9443631353017987
0.9861195185268417
1.0153087814698987
1.0351112223162908
1.0467500157423133
1.054047998085617
1.0577174303890977
1.058890807089135
1.0581989536752523
1.0570634500373413
1.0538001432400037
1.0495417628536692
1.0441198366752047
1.0380314107556063
1.0297391354985628
1.020731617833158
1.0090876935495787
0.997232922860547
0.49055671542571494
0.5849690243955715
0.6701694016139129
0.7447415880202067
0.8169843651140485
0.88468677018026
0.9394277270309976
0.97944871841537
1.0061779254970493
1.0243603827874252
1.0353446091462828
1.0423636758236823
1.0464812519926772
1.0481093073784393
1.048711293230594
1.047085554226847
1.0447866632593656
1.0412338649894641
1.036744061258396
1.0309286419316281
1.0246206986616662
1.0160154559081513
1.005461191945965
0.9955061743110422
0.48209174073882183
0.5732108823873454
0.6581155355177701
0.7358589386403886
0.814335083455131
0.8826597350069356
0.9367258348295817
0.9742760738355435
0.9986258011865512
1.0145093363030535
1.0246011413715272
1.0322095966292844
1.0362901953185606
1.03852456499631
1.0384451963110912
1.0377538333453307
1.0359174120688304
1.0339366445771496
1.0296536443389004
1.025417014622249
1.0194705768507022
1.0130780389551337
1.0041601671708333
0.9955299709142914
0.478917169018412
0.5689222699551518
0.6533361364531074
0.7365591317684668
0.8186354521566145
0.8871447195088932
0.9365070864324271
0.9697483379476703
0.9914248284748082
1.0063180260664717
1.0157252993216817
1.0218566153587223
1.0269332641783888
1.0292812504681041
1.0300628807032703
1.0299051912602288
1.0290003974726625
1.026566996525422
1.023829451822383
1.021537154727995
1.0179778760562082
1.0133005567539066
1.0061738265458933
0.9988836549816127
0.4784859173731323
0.5695930853439763
0.6569751759907343
0.7471491988519204
0.8292240271916674
0.8932854712868333
0.9380363551536708
0.9668667764430847
0.9865764927866164
0.9992878151851281
1.0086067968745258
1.0146329803632934
1.0195843887131404
1.0217246940671507
1.0226938903268974
1.0232210284832284
1.022316387568378
1.0213548210738561
1.020940406319061
1.0204269853020007
1.0189734647843154
1.0160548728713117
1.0106377695635065
1.004614176130196
0.481178481436705
0.5743318222672984
0.6677603642036083
0.7629020426905193
0.8446328624093988
0.902924470238667
0.9412193640631991
0.9658608241863925
0.9832605389205568
0.9960775440183497
1.004691081261769
1.0100902118549955
1.0141927535122615
1.0170245476185178
1.0191111003909985
1.019518110885141
1.0194415090848314
1.0195214439081968
1.0215838031790514
1.0229547683995024
1.0233829268136185
1.0213160560580405
1.0173148438186028
1.0114542144879397
0.4883875203187634
0.5837246314861494
0.6850913630537215
0.784712958278096
0.8619992424001293
0.912878910639314
0.9456984494944288
0.9679244339440972
0.9836924065370237
0.993534955131084
1.0014570529181623
1.0072290228280012
1.0119206078760035
1.0152055660237125
1.015997116771381
1.0165233798732054
1.0200734773043183
1.0236621056042678
1.026348906591783
1.0286343982627593
1.029807239490432
1.0287921735915124
1.025278127927705
1.019686643639917
0.49915555493384517
0.5989912801918712
0.7087197836616657
0.8095010660327981
0.8792847112470537
0.9227453437604723
0.9518543187939299
0.9700073617339269
0.9834733032925043
0.9936359171564746
1.001430856078518
1.0063440386564
1.009667308373527
1.012938465309615
1.0169079984169092
1.0212565150034651
1.024836068509928
1.0289492077277556
1.0326466716105125
1.0359705141423932
1.0376006088645222
1.03766809836816
1.0328753419721313
1.0275026072214242
0.5110801657321341
0.6196997660091367
0.7381871415772997
0.8349946495914851
0.8951689763714764
0.9330574282877504
0.9565501173109159
0.9742824225636999
0.9865655243941593
0.994351243730826
1.0013449589295895
1.0072572700578288
1.0117130787158555
1.0161177512072352
1.0196709152520556
1.0253668926601998
1.0317158113736866
1.0374119411111724
1.0417477800307684
1.0445932088307497
1.0458883716136755
1.0448782913135801
1.040340496059525
1.0332011115080604
0.5246225250732359
0.6477117398043767
0.7735289867741044
0.859347226703782
0.9108282561172547
0.9418406238466901
0.9636553835263717
0.9772342168106626
0.9886931528632155
0.9980020929066209
1.0036734555812654
1.0086033241625172
1.0129111215811235
1.0199044048138826
1.0274059025637272
1.0339312384090036
1.0396963214609254
1.0451640426402822
1.049961486779431
1.05342408007302
1.0535393076297856
1.0518223763169563
1.0455176418822387
1.0376187524999947
0.5403766757498815
0.6831154749849246
0.8086181961547294
0.8827792057834425
0.9250106128707696
0.9507754473773361
0.9692071119790739
0.9829905600979973
0.9917175742394554
0.9992124124483834
1.0055772143245614
1.0114000227471633
1.0186787284522514
1.0265909077089341
1.0347515333824446
1.0434522166704008
1.050145672789283
1.0549189901407752
1.0593526789314427
1.061343736214171
1.0613609073208734
1.0576217882749757
1.0500051362626088
1.0406471432812359
0.5595965415340501
0.7258008354526055
0.8421449070348993
0.9039111750384621
0.9379269452483748
0.9598091924164258
0.9752014021248082
0.9866393722813029
0.9962099086101308
1.0028556844052543
1.01018705688066
1.018345943746215
1.0276545378239814
1.0372722847477438
1.0447327032775042
1.0516368343776463
1.0593383492444948
1.0646918584569767
1.0681349706703593
1.0688602961383746
1.0661589210547602
1.0612913766417402
1.05199953736077
1.041360273294473
0.5849906105573236
0.7725964967024701
0.8735533256814675
0.922206527235976
0.9499427486949811
0.9682011012443555
0.9809744005083435
0.9905747025650715
0.9995641794024406
1.0073524912846652
1.0160159163096345
1.0260352551119696
1.0362729799502777
1.0468588249209512
1.0560995068249484
1.0630573291687162
1.0694088868346354
1.073692388365569
1.0757173515657603
1.0742632109373675
1.0705549216913002
1.0636201739021607
1.0537457073151302
1.0406778434493626
0.620978817383149
0.8199035139212838
0.8995901345814227
0.9376335317298097
0.9604537891972151
0.975311353799873
0.9861815318945115
0.996229407650231
1.0035249064583494
1.0112500027823546
1.0237290426629821
1.036269539689497
1.0478150189431823
1.0570874325965627
1.0657965773335136
1.0744234867526643
1.0791419780877036
1.0813305502961992
1.080846665383234
1.0782164866298354
1.072683280321094
1.065104281544276
1.053368184862949
1.0394165675112241
0.6761277561385559
0.8606162487700662
0.9213935300858083
0.9509694265071575
0.9693836643641861
0.9818530704969474
0.9910571307495424
1.000166123257873
1.0096965839205976
1.0215627574559718
1.0336900712047048
1.0469057815113945
1.0594304431153838
1.0698351839624272
1.0769761965184679
1.0819099383365178
1.0868931570600684
1.087134762711295
1.0857127477519473
1.081522087374717
1.0743990527435439
1.0652087150933356
1.0523512365886198
1.0374992561410556
0.7513294464456831
0.8915069814873299
0.9367511050624662
0.9618413607654775
0.9759518006788934
0.9876507467290568
0.9965340670811363
1.005408194786631
1.0164455888481208
1.0312399281696127
1.045216167605669
1.0586073519936587
1.0708276230009737
1.0812843918390713
1.0879029067966692
1.0922300523601476
1.0934398003923325
1.092335010333011
1.0883955424165481
1.0829386404722152
1.0745996277952266
1.0642959344549985
1.0515350857578603
1.0362342179285766
0.8344424623613093
0.9107483546071923
0.9463450010322111
0.9683702442764649
0.9817784024767315
0.9912381495974854
1.0013910656178577
1.0101914057228205
1.0256809354977425
1.0418999460403013
1.058602507720318
1.071517905494073
1.082593376848377
1.0909451993857215
1.0963771903081463
1.098952272312219
1.0983938512814742
1.0962127695106882
1.0904309136501322
1.0837441532287324
1.0748567351310645
1.0637885297691108
1.0496320099462422
1.0332483316210617
) 
; 
boundaryField
{
    rotor
    {
        type            movingWallVelocity;
        value           uniform 0;
    }
        freestream
    {
        type            freestreamVelocity;
        freestreamValue uniform (1 0 0);
        value           uniform 0;
    }
    frontAndBack
    {
        type            empty;
    }
}    
