/*--------------------------------*- C++ -*----------------------------------*\
  =========                 |
  \\      /  F ield         | OpenFOAM: The Open Source CFD Toolbox
   \\    /   O peration     | Website:  https://openfoam.org
    \\  /    A nd           | Version:  11
     \\/     M anipulation  |
\*---------------------------------------------------------------------------*/
FoamFile
{
    format      ascii;
    class       surfaceScalarField;
    location    "0.2";
    object      phi;
}
// * * * * * * * * * * * * * * * * * * * * * * * * * * * * * * * * * * * * * //

dimensions      [0 3 -1 0 0 0 0];

internalField   nonuniform List<scalar> 
5640
(
1.21422e-06
-1.21422e-06
2.79925e-06
-1.58503e-06
4.29889e-06
-1.49965e-06
5.46951e-06
-1.17061e-06
5.81147e-06
-3.41963e-07
6.41904e-08
5.74728e-06
1.5591e-06
-2.77332e-06
3.18475e-06
-3.21068e-06
4.68479e-06
-2.99968e-06
5.775e-06
-2.26082e-06
6.1602e-06
-7.27166e-07
4.73889e-07
5.7505e-06
1.60338e-06
-4.3767e-06
3.1357e-06
-4.743e-06
4.51631e-06
-4.38029e-06
5.50419e-06
-3.2487e-06
5.88768e-06
-1.11066e-06
9.66922e-07
5.39465e-06
1.53626e-06
-5.91296e-06
2.93381e-06
-6.14054e-06
4.16945e-06
-5.61593e-06
5.08696e-06
-4.16622e-06
5.5143e-06
-1.538e-06
1.36165e-06
5.11958e-06
1.4032e-06
-7.31616e-06
2.64577e-06
-7.38311e-06
3.74107e-06
-6.71123e-06
4.59428e-06
-5.01943e-06
5.09258e-06
-2.0363e-06
1.498e-06
4.95622e-06
1.23143e-06
-8.5476e-06
2.3061e-06
-8.45778e-06
3.2643e-06
-7.66943e-06
4.0536e-06
-5.80873e-06
4.63084e-06
-2.61355e-06
1.35085e-06
4.778e-06
1.03477e-06
-9.58237e-06
1.93395e-06
-9.35695e-06
2.75374e-06
-8.48922e-06
3.47735e-06
-6.53235e-06
4.11328e-06
-3.24948e-06
9.79663e-07
4.48447e-06
8.21327e-07
-1.04037e-05
1.53979e-06
-1.00754e-05
2.21722e-06
-9.16665e-06
2.86315e-06
-7.17827e-06
3.52454e-06
-3.91087e-06
4.37753e-07
4.06645e-06
5.93272e-07
-1.0997e-05
1.137e-06
-1.06191e-05
1.66054e-06
-9.69019e-06
2.21151e-06
-7.72924e-06
2.86174e-06
-4.56111e-06
-2.30446e-07
3.52994e-06
3.62434e-07
-1.13594e-05
7.26656e-07
-1.09834e-05
1.08838e-06
-1.00519e-05
1.52484e-06
-8.1657e-06
2.12989e-06
-5.16616e-06
-9.77565e-07
2.87701e-06
1.30811e-07
-1.14902e-05
3.13222e-07
-1.11658e-05
5.06458e-07
-1.02452e-05
8.08686e-07
-8.46793e-06
1.33687e-06
-5.69435e-06
-1.75529e-06
2.1146e-06
-9.70195e-08
-1.13932e-05
-9.78158e-08
-1.1165e-05
-7.81437e-08
-1.02648e-05
7.16671e-08
-8.61774e-06
4.93719e-07
-6.1164e-06
-2.51584e-06
1.25428e-06
-3.15631e-07
-1.10776e-05
-4.978e-07
-1.09828e-05
-6.56478e-07
-1.01061e-05
-6.73683e-07
-8.60053e-06
-3.84061e-07
-6.40602e-06
-3.21445e-06
3.14541e-07
-5.23306e-07
-1.05543e-05
-8.82387e-07
-1.06237e-05
-1.2189e-06
-9.76963e-06
-1.41362e-06
-8.40581e-06
-1.27741e-06
-6.54224e-06
-3.82167e-06
-6.7019e-07
-7.14983e-07
-9.83928e-06
-1.24369e-06
-1.0095e-05
-1.75438e-06
-9.25895e-06
-2.13166e-06
-8.02852e-06
-2.16548e-06
-6.50842e-06
-4.30538e-06
-1.68176e-06
-8.86335e-07
-8.95294e-06
-1.5747e-06
-9.40665e-06
-2.25135e-06
-8.58229e-06
-2.80999e-06
-7.46989e-06
-3.02466e-06
-6.29375e-06
-4.64127e-06
-2.68877e-06
-1.0332e-06
-7.91975e-06
-1.86864e-06
-8.57121e-06
-2.69797e-06
-7.75296e-06
-3.42945e-06
-6.73841e-06
-3.82903e-06
-5.89417e-06
-4.81272e-06
-3.65758e-06
-1.15086e-06
-6.76888e-06
-2.11923e-06
-7.60284e-06
-3.08242e-06
-6.78977e-06
-3.96934e-06
-5.85149e-06
-4.55024e-06
-5.31326e-06
-4.80688e-06
-4.55609e-06
-1.2341e-06
-5.53478e-06
-2.3206e-06
-6.51634e-06
-3.39365e-06
-5.71672e-06
-4.40565e-06
-4.83949e-06
-5.15693e-06
-4.56198e-06
-4.61349e-06
-5.35032e-06
-1.27685e-06
-4.25793e-06
-2.46633e-06
-5.32686e-06
-3.61933e-06
-4.56372e-06
-4.71129e-06
-3.74754e-06
-5.61281e-06
-3.66047e-06
-4.22695e-06
-5.99935e-06
-1.2711e-06
-2.98683e-06
-2.5463e-06
-4.05166e-06
-3.73772e-06
-3.3723e-06
-4.85257e-06
-2.6327e-06
-5.86508e-06
-2.64796e-06
-3.64826e-06
-6.44376e-06
-1.20643e-06
-1.7804e-06
-2.548e-06
-2.71009e-06
-3.73186e-06
-2.18844e-06
-4.80119e-06
-1.56336e-06
-5.84459e-06
-1.60456e-06
-2.85665e-06
-6.63619e-06
-1.06382e-06
-7.16572e-07
-2.43828e-06
-1.33563e-06
-3.56111e-06
-1.06561e-06
-4.47396e-06
-6.5052e-07
-5.48599e-06
-5.92526e-07
-1.81681e-06
-6.52584e-06
-7.16572e-07
-2.0522e-06
-3.11781e-06
-3.76833e-06
-4.36086e-06
-6.17766e-06
1.04129e-05
2.64534e-05
-3.1119e-05
8.75658e-06
3.89469e-05
-3.72906e-05
6.87577e-06
4.14332e-05
-3.95524e-05
5.04442e-06
4.1451e-05
-3.96196e-05
3.24445e-06
4.02841e-05
-3.84841e-05
1.53653e-06
3.85212e-05
-3.68133e-05
-3.71554e-08
3.65991e-05
-3.50255e-05
-1.46513e-06
3.47558e-05
-3.33279e-05
-2.76799e-06
3.30755e-05
-3.17726e-05
-3.96799e-06
3.15455e-05
-3.03455e-05
-5.0883e-06
3.01291e-05
-2.90088e-05
-6.1477e-06
2.8787e-05
-2.77276e-05
-7.15996e-06
2.74903e-05
-2.6478e-05
-8.13491e-06
2.62192e-05
-2.52443e-05
-9.07971e-06
2.49602e-05
-2.40154e-05
-9.99968e-06
2.37026e-05
-2.27826e-05
-1.08988e-05
2.24374e-05
-2.15382e-05
-1.17799e-05
2.11564e-05
-2.02752e-05
-1.26448e-05
1.98513e-05
-1.89865e-05
-1.34937e-05
1.85134e-05
-1.76645e-05
-1.4325e-05
1.71324e-05
-1.63011e-05
-1.51334e-05
1.5694e-05
-1.48856e-05
-1.59053e-05
1.41737e-05
-1.34018e-05
1.25455e-05
-1.18506e-05
8.88024e-06
2.33236e-05
8.81006e-06
3.90171e-05
7.61353e-06
4.26297e-05
6.17076e-06
4.28938e-05
4.64783e-06
4.1807e-05
3.15045e-06
4.00186e-05
1.74867e-06
3.80009e-05
4.69662e-07
3.60349e-05
-6.86539e-07
3.42317e-05
-1.74047e-06
3.25994e-05
-2.71276e-06
3.11014e-05
-3.62159e-06
2.96959e-05
-4.48128e-06
2.835e-05
-5.3024e-06
2.70404e-05
-6.09271e-06
2.57505e-05
-6.85801e-06
2.44678e-05
-7.60273e-06
2.31821e-05
-8.33027e-06
2.18839e-05
-9.04304e-06
2.05641e-05
-9.74244e-06
1.92128e-05
-1.04285e-05
1.78185e-05
-1.1098e-05
1.63635e-05
-1.17365e-05
1.48122e-05
1.31087e-05
7.99665e-06
2.07216e-05
8.73524e-06
3.82785e-05
8.18089e-06
4.31841e-05
7.16067e-06
4.3914e-05
5.95436e-06
4.30133e-05
4.70191e-06
4.1271e-05
3.49626e-06
3.92066e-05
2.38662e-06
3.71445e-05
1.38488e-06
3.52334e-05
4.82425e-07
3.35019e-05
-3.37867e-07
3.19217e-05
-1.09359e-06
3.04516e-05
-1.79899e-06
2.90554e-05
-2.46493e-06
2.77063e-05
-3.09952e-06
2.63851e-05
-3.70878e-06
2.50771e-05
-4.29724e-06
2.37705e-05
-4.86828e-06
2.24549e-05
-5.42433e-06
2.11202e-05
-5.96708e-06
1.97556e-05
-6.498e-06
1.83494e-05
-7.01831e-06
1.68838e-05
-7.51856e-06
1.53124e-05
1.35365e-05
7.33823e-06
1.8503e-05
8.65905e-06
3.69576e-05
8.65331e-06
4.31898e-05
8.04859e-06
4.45187e-05
7.17617e-06
4.38857e-05
6.19137e-06
4.22558e-05
5.20233e-06
4.01956e-05
4.27521e-06
3.80716e-05
3.43831e-06
3.60703e-05
2.69272e-06
3.42475e-05
2.02645e-06
3.2588e-05
1.42445e-06
3.10536e-05
8.72885e-07
2.96069e-05
3.60701e-07
2.82185e-05
-1.20476e-07
2.68663e-05
-5.76837e-07
2.55335e-05
-1.01277e-06
2.42065e-05
-1.43117e-06
2.28733e-05
-1.83355e-06
2.15225e-05
-2.21992e-06
2.0142e-05
-2.58891e-06
1.87184e-05
-2.94137e-06
1.72362e-05
-3.28909e-06
1.56601e-05
1.38375e-05
6.84235e-06
1.66169e-05
8.57074e-06
3.52293e-05
9.05268e-06
4.27079e-05
8.85241e-06
4.4719e-05
8.32258e-06
4.44156e-05
7.62062e-06
4.29578e-05
6.86374e-06
4.09525e-05
6.13184e-06
3.88035e-05
5.46741e-06
3.67348e-05
4.88261e-06
3.48323e-05
4.37192e-06
3.30986e-05
3.9231e-06
3.15024e-05
3.52321e-06
3.00068e-05
3.16106e-06
2.85806e-05
2.82776e-06
2.71996e-05
2.51655e-06
2.58447e-05
2.2226e-06
2.45004e-05
1.94302e-06
2.31529e-05
1.67691e-06
2.17886e-05
1.42575e-06
2.03931e-05
1.19629e-06
1.89479e-05
1.00835e-06
1.74242e-05
8.83255e-07
1.57852e-05
1.40757e-05
6.45575e-06
1.49391e-05
8.46116e-06
3.32238e-05
9.38286e-06
4.17862e-05
9.57778e-06
4.45241e-05
9.39395e-06
4.45994e-05
8.98678e-06
4.3365e-05
8.47539e-06
4.14639e-05
7.95044e-06
3.93285e-05
7.46654e-06
3.72187e-05
7.04669e-06
3.52521e-05
6.69278e-06
3.34525e-05
6.39635e-06
3.17988e-05
6.14586e-06
3.02573e-05
5.93022e-06
2.87963e-05
5.74008e-06
2.73897e-05
5.56802e-06
2.60168e-05
5.40856e-06
2.46599e-05
5.25839e-06
2.33031e-05
5.11695e-06
2.19301e-05
4.98741e-06
2.05227e-05
4.87666e-06
1.90586e-05
4.78966e-06
1.75112e-05
4.72145e-06
1.58535e-05
1.40559e-05
6.09687e-06
1.33267e-05
8.31058e-06
3.10101e-05
9.63506e-06
4.04617e-05
1.02201e-05
4.3939e-05
1.03848e-05
4.44347e-05
1.02824e-05
4.34674e-05
1.00284e-05
4.17178e-05
9.72301e-06
3.96339e-05
9.42907e-06
3.75126e-05
9.17966e-06
3.55015e-05
8.98493e-06
3.36473e-05
8.84139e-06
3.19424e-05
8.73988e-06
3.03588e-05
8.67034e-06
2.88658e-05
8.62394e-06
2.74361e-05
8.59389e-06
2.60468e-05
8.57576e-06
2.4678e-05
8.56769e-06
2.33112e-05
8.57059e-06
2.19272e-05
8.58793e-06
2.05053e-05
8.62445e-06
1.90221e-05
8.68411e-06
1.74515e-05
8.77209e-06
1.57655e-05
1.39305e-05
5.69633e-06
1.16968e-05
8.0921e-06
2.86144e-05
9.79267e-06
3.87611e-05
1.07632e-05
4.29685e-05
1.12824e-05
4.39154e-05
1.15058e-05
4.3244e-05
1.15137e-05
4.171e-05
1.14405e-05
3.97071e-05
1.13473e-05
3.76058e-05
1.12757e-05
3.55731e-05
1.12445e-05
3.36785e-05
1.12562e-05
3.19307e-05
1.13052e-05
3.03098e-05
1.13835e-05
2.87875e-05
1.14836e-05
2.7336e-05
1.16001e-05
2.59303e-05
1.17298e-05
2.45483e-05
1.18721e-05
2.31689e-05
1.20276e-05
2.17716e-05
1.21983e-05
2.03346e-05
1.23853e-05
1.88351e-05
1.25889e-05
1.72479e-05
1.28101e-05
1.55443e-05
1.3688e-05
5.21547e-06
1.00113e-05
7.77948e-06
2.60504e-05
9.83648e-06
3.67041e-05
1.11942e-05
4.16109e-05
1.2066e-05
4.30436e-05
1.26307e-05
4.26792e-05
1.29297e-05
4.1411e-05
1.30958e-05
3.9541e-05
1.32133e-05
3.74883e-05
1.33282e-05
3.54582e-05
1.34667e-05
3.35401e-05
1.36377e-05
3.17597e-05
1.38404e-05
3.01072e-05
1.40694e-05
2.85585e-05
1.43193e-05
2.70861e-05
1.45859e-05
2.56637e-05
1.48669e-05
2.42673e-05
1.51615e-05
2.28744e-05
1.54693e-05
2.14637e-05
1.57898e-05
2.00142e-05
1.61211e-05
1.85038e-05
1.64612e-05
1.69078e-05
1.68098e-05
1.51956e-05
1.3327e-05
4.63064e-06
8.25766e-06
7.3475e-06
2.33335e-05
9.74418e-06
3.43075e-05
1.14921e-05
3.9863e-05
1.27246e-05
4.1811e-05
1.36254e-05
4.17784e-05
1.42612e-05
4.07752e-05
1.46761e-05
3.9126e-05
1.50158e-05
3.71487e-05
1.53278e-05
3.51461e-05
1.56442e-05
3.32237e-05
1.59807e-05
3.14232e-05
1.63415e-05
2.97463e-05
1.67251e-05
2.8175e-05
1.71278e-05
2.66834e-05
1.75466e-05
2.52449e-05
1.79796e-05
2.38343e-05
1.84253e-05
2.24287e-05
1.88818e-05
2.10072e-05
1.93464e-05
1.95496e-05
1.98155e-05
1.80348e-05
2.02859e-05
1.64374e-05
2.07572e-05
1.47244e-05
1.28506e-05
3.92393e-06
6.44832e-06
6.77098e-06
2.04864e-05
9.49202e-06
3.15864e-05
1.1637e-05
3.7718e-05
1.32497e-05
4.01982e-05
1.44745e-05
4.05536e-05
1.54575e-05
3.97922e-05
1.6162e-05
3.84216e-05
1.67392e-05
3.65715e-05
1.72612e-05
3.46242e-05
1.77662e-05
3.27187e-05
1.82763e-05
3.0913e-05
1.88015e-05
2.92212e-05
1.93439e-05
2.76326e-05
1.99023e-05
2.6125e-05
2.04747e-05
2.46725e-05
2.1059e-05
2.32499e-05
2.16531e-05
2.18346e-05
2.22537e-05
2.04065e-05
2.28569e-05
1.89464e-05
2.34578e-05
1.74338e-05
2.40529e-05
1.58423e-05
2.46413e-05
1.41359e-05
1.2264e-05
3.08901e-06
4.61359e-06
6.0364e-06
1.75391e-05
9.06022e-06
2.85626e-05
1.1603e-05
3.51752e-05
1.36098e-05
3.81915e-05
1.51835e-05
3.89799e-05
1.64857e-05
3.84901e-05
1.75228e-05
3.73844e-05
1.83583e-05
3.5736e-05
1.91085e-05
3.38739e-05
1.98165e-05
3.20108e-05
2.05112e-05
3.02183e-05
2.12088e-05
2.85236e-05
2.19158e-05
2.69256e-05
2.26335e-05
2.54072e-05
2.33609e-05
2.39451e-05
2.40958e-05
2.2515e-05
2.48355e-05
2.10949e-05
2.55762e-05
1.96659e-05
2.63129e-05
1.82097e-05
2.70404e-05
1.67063e-05
2.77546e-05
1.51281e-05
2.84542e-05
1.34363e-05
1.15737e-05
2.14027e-06
2.78786e-06
5.14239e-06
1.45369e-05
8.43613e-06
2.52689e-05
1.13633e-05
3.22481e-05
1.3773e-05
3.57817e-05
1.57318e-05
3.70211e-05
1.73396e-05
3.68823e-05
1.87098e-05
3.60143e-05
1.98431e-05
3.46027e-05
2.08452e-05
3.28718e-05
2.17737e-05
3.10824e-05
2.26668e-05
2.93251e-05
2.35474e-05
2.7643e-05
2.44267e-05
2.60462e-05
2.53091e-05
2.45249e-05
2.61944e-05
2.30598e-05
2.70807e-05
2.16286e-05
2.7965e-05
2.02107e-05
2.8843e-05
1.87879e-05
2.97098e-05
1.73429e-05
3.05596e-05
1.58565e-05
3.13877e-05
1.43e-05
3.21924e-05
1.26316e-05
1.07871e-05
1.10116e-06
1.01651e-06
4.09573e-06
1.15424e-05
7.60708e-06
2.17575e-05
1.08954e-05
2.89597e-05
1.37054e-05
3.29717e-05
1.60511e-05
3.46755e-05
1.80111e-05
3.49223e-05
1.97065e-05
3.43189e-05
2.11595e-05
3.31497e-05
2.24375e-05
3.15938e-05
2.36078e-05
2.9912e-05
2.47168e-05
2.82162e-05
2.57942e-05
2.65656e-05
2.68568e-05
2.49835e-05
2.79122e-05
2.34696e-05
2.89616e-05
2.20103e-05
3.00034e-05
2.05868e-05
3.10343e-05
1.91798e-05
3.205e-05
1.77721e-05
3.30457e-05
1.63473e-05
3.40155e-05
1.48866e-05
3.49538e-05
1.33617e-05
3.58579e-05
1.17275e-05
9.91188e-06
8.16407e-09
-6.73414e-07
2.92887e-06
8.62166e-06
6.57138e-06
1.8115e-05
1.01769e-05
2.53542e-05
1.33747e-05
2.97739e-05
1.61121e-05
3.1938e-05
1.84481e-05
3.25863e-05
2.04779e-05
3.22891e-05
2.22653e-05
3.13622e-05
2.38416e-05
3.00175e-05
2.52774e-05
2.84763e-05
2.66237e-05
2.68698e-05
2.79164e-05
2.5273e-05
2.91776e-05
2.37223e-05
3.04187e-05
2.22285e-05
3.1643e-05
2.0786e-05
3.28493e-05
1.93805e-05
3.40341e-05
1.79951e-05
3.51929e-05
1.66134e-05
3.63206e-05
1.52195e-05
3.74117e-05
1.37955e-05
3.84594e-05
1.23141e-05
3.94592e-05
1.07277e-05
8.95483e-06
-1.11809e-06
-2.2441e-06
1.69184e-06
5.81173e-06
5.35596e-06
1.44509e-05
9.19353e-06
2.15166e-05
1.2746e-05
2.62215e-05
1.58723e-05
2.88117e-05
1.85939e-05
2.98647e-05
2.09852e-05
2.98978e-05
2.31087e-05
2.92387e-05
2.50041e-05
2.81222e-05
2.67301e-05
2.67503e-05
2.83386e-05
2.52613e-05
2.98693e-05
2.37423e-05
3.13492e-05
2.22423e-05
3.27938e-05
2.07838e-05
3.42094e-05
1.93704e-05
3.55956e-05
1.79943e-05
3.69485e-05
1.66422e-05
3.82628e-05
1.5299e-05
3.9533e-05
1.39493e-05
4.07529e-05
1.25756e-05
4.19148e-05
1.11522e-05
4.30116e-05
9.631e-06
7.91962e-06
-2.21311e-06
-3.68857e-06
4.47216e-07
3.15141e-06
4.02231e-06
1.08758e-05
7.96558e-06
1.75733e-05
1.17942e-05
2.23929e-05
1.52806e-05
2.53252e-05
1.83852e-05
2.67602e-05
2.11508e-05
2.71322e-05
2.36278e-05
2.67616e-05
2.58604e-05
2.58896e-05
2.79005e-05
2.47103e-05
2.97973e-05
2.33645e-05
3.15921e-05
2.19474e-05
3.33155e-05
2.0519e-05
3.49869e-05
1.91124e-05
3.66161e-05
1.77412e-05
3.82045e-05
1.64059e-05
3.97483e-05
1.50985e-05
4.12408e-05
1.38066e-05
4.26745e-05
1.25156e-05
4.40417e-05
1.12085e-05
4.53327e-05
9.86108e-06
4.65367e-05
8.42703e-06
6.80284e-06
-3.24116e-06
-5.00349e-06
-7.51686e-07
6.61934e-07
2.65131e-06
7.47279e-06
6.55774e-06
1.36669e-05
1.05347e-05
1.84159e-05
1.43043e-05
2.15557e-05
1.77584e-05
2.3306e-05
2.08924e-05
2.39982e-05
2.37343e-05
2.39197e-05
2.63214e-05
2.33024e-05
2.86987e-05
2.2333e-05
3.09115e-05
2.11518e-05
3.29998e-05
1.98591e-05
3.49961e-05
1.85228e-05
3.69232e-05
1.71852e-05
3.87946e-05
1.58698e-05
4.06147e-05
1.45858e-05
4.23807e-05
1.33324e-05
4.40852e-05
1.21021e-05
4.5718e-05
1.08827e-05
4.72677e-05
9.65877e-06
4.87204e-05
8.4084e-06
5.00584e-05
7.08897e-06
5.5864e-06
-4.15552e-06
-6.19829e-06
-1.84248e-06
-1.65111e-06
1.32598e-06
4.30433e-06
5.0654e-06
9.9275e-06
9.03557e-06
1.44457e-05
1.29588e-05
1.76324e-05
1.66782e-05
1.95866e-05
2.0137e-05
2.05395e-05
2.33296e-05
2.07271e-05
2.62748e-05
2.03571e-05
2.90054e-05
1.96024e-05
3.15587e-05
1.85985e-05
3.39709e-05
1.74469e-05
3.62736e-05
1.62201e-05
3.8491e-05
1.49678e-05
4.06397e-05
1.37212e-05
4.27275e-05
1.2498e-05
4.47545e-05
1.13054e-05
4.67139e-05
1.01428e-05
4.85946e-05
9.002e-06
5.03818e-05
7.87162e-06
5.20539e-05
6.73625e-06
5.35814e-05
5.56145e-06
4.2252e-06
-4.90518e-06
-7.29246e-06
-2.76947e-06
-3.78681e-06
1.18146e-07
1.41671e-06
3.58938e-06
6.45627e-06
7.40238e-06
1.06327e-05
1.13194e-05
1.37154e-05
1.51682e-05
1.57379e-05
1.88538e-05
1.68539e-05
2.23356e-05
1.72454e-05
2.56067e-05
1.70861e-05
2.86808e-05
1.65282e-05
3.15824e-05
1.56969e-05
3.43393e-05
1.46899e-05
3.69783e-05
1.35811e-05
3.95221e-05
1.24239e-05
4.19879e-05
1.12554e-05
4.43858e-05
1.01001e-05
4.6719e-05
8.97221e-06
4.89832e-05
7.87866e-06
5.11675e-05
6.81761e-06
5.32578e-05
5.78136e-06
5.52341e-05
4.76001e-06
5.70504e-05
3.74508e-06
2.6263e-06
-5.42572e-06
-8.31051e-06
-3.47893e-06
-5.7336e-06
-9.12657e-07
-1.14955e-06
2.21564e-06
3.32798e-06
5.74795e-06
7.10044e-06
9.50085e-06
9.96245e-06
1.33156e-05
1.19231e-05
1.70819e-05
1.30876e-05
2.07345e-05
1.35927e-05
2.42428e-05
1.35778e-05
2.76002e-05
1.31709e-05
3.08149e-05
1.24821e-05
3.3903e-05
1.16018e-05
3.6883e-05
1.06011e-05
3.97727e-05
9.5343e-06
4.25867e-05
8.44144e-06
4.53355e-05
7.35122e-06
4.80247e-05
6.28301e-06
5.06541e-05
5.24924e-06
5.32146e-05
4.25716e-06
5.56865e-05
3.30943e-06
5.80539e-05
2.3926e-06
6.02825e-05
1.51651e-06
6.37419e-07
-5.63229e-06
-9.31442e-06
-3.91003e-06
-7.45586e-06
-1.71567e-06
-3.34391e-06
1.00435e-06
6.07955e-07
4.16369e-06
3.9411e-06
7.62218e-06
6.50396e-06
1.12445e-05
8.30082e-06
1.49243e-05
9.40777e-06
1.85871e-05
9.92994e-06
2.21871e-05
9.97776e-06
2.57023e-05
9.65567e-06
2.91271e-05
9.05732e-06
3.24661e-05
8.26285e-06
3.57291e-05
7.33814e-06
3.89277e-05
6.33571e-06
4.20728e-05
5.29634e-06
4.51729e-05
4.25106e-06
4.82332e-05
3.22272e-06
5.12546e-05
2.22785e-06
5.42337e-05
1.27805e-06
5.71585e-05
3.8464e-07
6.00083e-05
-4.57232e-07
6.27723e-05
-1.24742e-06
-1.93823e-06
-5.35486e-06
-1.04854e-05
-3.98802e-06
-8.8227e-06
-2.25677e-06
-5.07516e-06
-9.78124e-09
-1.63903e-06
2.70532e-06
1.226e-06
5.77431e-06
3.43497e-06
9.0775e-06
4.99762e-06
1.25159e-05
5.96941e-06
1.60167e-05
6.42912e-06
1.95296e-05
6.46482e-06
2.3024e-05
6.16129e-06
2.64853e-05
5.596e-06
2.99104e-05
4.83777e-06
3.33031e-05
3.94548e-06
3.66709e-05
2.96785e-06
4.00229e-05
1.94434e-06
4.33674e-05
9.06602e-07
4.67104e-05
-1.20317e-07
5.00551e-05
-1.11683e-06
5.34008e-05
-2.0676e-06
5.67462e-05
-2.96076e-06
6.00762e-05
-3.78732e-06
6.33943e-05
-4.56551e-06
-5.21455e-06
-4.2784e-06
-1.23847e-05
-3.69516e-06
-9.40593e-06
-2.54949e-06
-6.22083e-06
-8.20546e-07
-3.36797e-06
1.40668e-06
-1.00123e-06
4.02163e-06
8.20023e-07
6.91522e-06
2.10403e-06
9.99346e-06
2.89117e-06
1.31831e-05
3.23948e-06
1.64338e-05
3.21417e-06
1.97121e-05
2.88295e-06
2.29984e-05
2.30966e-06
2.62846e-05
1.55162e-06
2.95708e-05
6.59324e-07
3.28626e-05
-3.23958e-07
3.61688e-05
-1.36188e-06
3.94996e-05
-2.42423e-06
4.28652e-05
-3.48589e-06
4.62746e-05
-4.52624e-06
4.97342e-05
-5.52719e-06
5.32511e-05
-6.47772e-06
5.68227e-05
-7.35894e-06
6.0453e-05
-8.1958e-06
-8.94848e-06
-2.314e-07
2.314e-07
-6.64899e-07
4.33499e-07
-1.10336e-06
4.38463e-07
-1.38667e-06
2.83305e-07
-1.22378e-06
-1.62885e-07
-6.93841e-07
-5.29941e-07
-3.35243e-07
5.66643e-07
-7.61417e-07
8.59673e-07
-1.11461e-06
7.91656e-07
-1.3017e-06
4.70394e-07
-1.1792e-06
-2.85387e-07
-1.28098e-06
-5.92062e-07
-3.54031e-07
9.20674e-07
-7.46485e-07
1.25213e-06
-1.06173e-06
1.1069e-06
-1.21843e-06
6.271e-07
-1.16046e-06
-3.43357e-07
-1.63583e-06
-8.05607e-07
-3.58162e-07
1.27884e-06
-7.1595e-07
1.60992e-06
-1.00727e-06
1.39821e-06
-1.16539e-06
7.85222e-07
-1.18584e-06
-3.22908e-07
-1.75581e-06
-1.06586e-06
-3.56949e-07
1.63578e-06
-6.80379e-07
1.93335e-06
-9.55982e-07
1.67382e-06
-1.13401e-06
9.6325e-07
-1.23691e-06
-2.20005e-07
-1.68865e-06
-1.30407e-06
-3.52965e-07
1.98875e-06
-6.41005e-07
2.22139e-06
-9.05812e-07
1.93862e-06
-1.11179e-06
1.16923e-06
-1.29056e-06
-4.12369e-08
-1.49068e-06
-1.48853e-06
-3.42006e-07
2.33076e-06
-5.96755e-07
2.47613e-06
-8.52741e-07
2.19461e-06
-1.08742e-06
1.40391e-06
-1.32916e-06
2.00505e-07
-1.20819e-06
-1.61165e-06
-3.09789e-07
2.64055e-06
-5.42367e-07
2.70871e-06
-7.91911e-07
2.44415e-06
-1.05194e-06
1.66393e-06
-1.34188e-06
4.90446e-07
-8.75617e-07
-1.67445e-06
-2.65949e-07
2.90649e-06
-4.76538e-07
2.9193e-06
-7.19209e-07
2.68682e-06
-9.98549e-07
1.94328e-06
-1.32247e-06
8.14369e-07
-5.17557e-07
-1.68053e-06
-2.15201e-07
3.12169e-06
-3.99236e-07
3.10334e-06
-6.31376e-07
2.91896e-06
-9.22054e-07
2.23395e-06
-1.26687e-06
1.15919e-06
-1.51219e-07
-1.63321e-06
-1.58705e-07
3.2804e-06
-3.10207e-07
3.25484e-06
-5.25902e-07
3.13466e-06
-8.1849e-07
2.52654e-06
-1.17183e-06
1.51253e-06
2.10358e-07
-1.53341e-06
-9.67028e-08
3.3771e-06
-2.09244e-07
3.36738e-06
-4.0091e-07
3.32633e-06
-6.84947e-07
2.81058e-06
-1.03527e-06
1.86285e-06
5.56679e-07
-1.3816e-06
-2.92484e-08
3.40635e-06
-9.6575e-08
3.43471e-06
-2.55205e-07
3.48495e-06
-5.19398e-07
3.07477e-06
-8.55687e-07
2.19914e-06
8.78751e-07
-1.17776e-06
4.24822e-08
3.36387e-06
2.68085e-08
3.45038e-06
-8.8372e-08
3.60014e-06
-3.20608e-07
3.30701e-06
-6.31921e-07
2.51046e-06
1.16855e-06
-9.21723e-07
1.18857e-07
3.24501e-06
1.60597e-07
3.40864e-06
9.90864e-08
3.66165e-06
-8.8229e-08
3.49432e-06
-3.63328e-07
2.78556e-06
1.41891e-06
-6.13689e-07
2.02923e-07
3.04209e-06
3.01664e-07
3.3099e-06
3.05333e-07
3.65798e-06
1.77214e-07
3.62244e-06
-5.02076e-08
3.01298e-06
1.62547e-06
-2.56759e-07
3.00687e-07
2.7414e-06
4.45555e-07
3.16503e-06
5.26888e-07
3.57664e-06
4.73722e-07
3.67561e-06
3.06915e-07
3.17978e-06
1.78985e-06
1.42532e-07
3.68395e-07
2.37301e-06
5.83346e-07
2.95008e-06
7.58616e-07
3.40137e-06
7.98105e-07
3.63612e-06
7.05847e-07
3.27204e-06
1.90079e-06
5.94907e-07
4.06205e-07
1.9668e-06
7.09594e-07
2.64669e-06
9.94395e-07
3.11657e-06
1.14661e-06
3.48391e-06
1.14235e-06
3.2763e-06
1.97437e-06
1.06876e-06
4.29166e-07
1.53763e-06
8.21216e-07
2.25464e-06
1.22653e-06
2.71126e-06
1.51568e-06
3.19475e-06
1.62055e-06
3.17143e-06
2.04883e-06
1.5461e-06
4.3887e-07
1.09876e-06
9.1336e-07
1.78015e-06
1.44513e-06
2.17949e-06
1.90212e-06
2.73776e-06
2.16644e-06
2.90711e-06
2.08444e-06
2.13083e-06
4.32547e-07
6.66217e-07
9.79967e-07
1.23273e-06
1.63445e-06
1.52501e-06
2.29674e-06
2.07548e-06
2.82612e-06
2.37772e-06
1.86387e-06
3.0467e-06
4.00895e-07
2.65323e-07
1.00944e-06
6.24182e-07
1.76114e-06
7.7331e-07
2.66628e-06
1.17034e-06
3.61467e-06
1.42934e-06
1.18157e-06
4.29696e-06
2.65323e-07
8.89505e-07
1.66282e-06
2.83315e-06
4.26249e-06
5.44406e-06
-2.88968e-06
-1.00249e-05
-3.23991e-06
-9.05571e-06
-2.67358e-06
-6.78717e-06
-1.45518e-06
-4.58637e-06
2.83897e-07
-2.74031e-06
2.42361e-06
-1.31969e-06
4.85809e-06
-3.30456e-07
7.49878e-06
2.50482e-07
1.0275e-05
4.63254e-07
1.31333e-05
3.55915e-07
1.60369e-05
-2.07192e-08
1.89629e-05
-6.16314e-07
2.18989e-05
-1.38441e-06
2.48418e-05
-2.28352e-06
2.77947e-05
-3.27693e-06
3.07656e-05
-4.33271e-06
3.3765e-05
-5.42366e-06
3.68057e-05
-6.52661e-06
3.99014e-05
-7.62194e-06
4.30665e-05
-8.6923e-06
4.63145e-05
-9.72571e-06
4.96628e-05
-1.07072e-05
5.3117e-05
-1.165e-05
-1.25296e-05
-2.18666e-06
-8.43032e-06
-2.91098e-06
-8.33139e-06
-2.75477e-06
-6.94337e-06
-1.95149e-06
-5.38965e-06
-6.45871e-07
-4.04593e-06
1.04568e-06
-3.01124e-06
3.0258e-06
-2.31058e-06
5.21068e-06
-1.9344e-06
7.5332e-06
-1.85927e-06
9.94129e-06
-2.05218e-06
1.23967e-05
-2.47609e-06
1.48735e-05
-3.0932e-06
1.7357e-05
-3.86787e-06
1.98406e-05
-4.76712e-06
2.23244e-05
-5.7607e-06
2.48135e-05
-6.82183e-06
2.7317e-05
-7.92719e-06
2.98469e-05
-9.05653e-06
3.24175e-05
-1.01925e-05
3.50457e-05
-1.13205e-05
3.77493e-05
-1.24293e-05
4.05509e-05
-1.35088e-05
4.34533e-05
-1.45524e-05
-1.55058e-05
-2.03501e-06
-7.20092e-06
-2.77161e-06
-7.59479e-06
-2.83109e-06
-6.88389e-06
-2.32145e-06
-5.89929e-06
-1.35768e-06
-5.00969e-06
-3.9701e-08
-4.32923e-06
1.54409e-06
-3.89437e-06
3.31969e-06
-3.71e-06
5.22473e-06
-3.76431e-06
7.21018e-06
-4.03762e-06
9.23915e-06
-4.50506e-06
1.12864e-05
-5.14045e-06
1.33367e-05
-5.91816e-06
1.53827e-05
-6.81317e-06
1.7423e-05
-7.801e-06
1.94609e-05
-8.8597e-06
2.15031e-05
-9.96935e-06
2.35583e-05
-1.11117e-05
2.56366e-05
-1.22708e-05
2.77507e-05
-1.34347e-05
2.99161e-05
-1.45946e-05
3.21491e-05
-1.57418e-05
3.44533e-05
-1.68565e-05
-1.78594e-05
-2.06451e-06
-6.20226e-06
-2.73833e-06
-6.92097e-06
-2.89132e-06
-6.73091e-06
-2.56089e-06
-6.22972e-06
-1.83027e-06
-5.74032e-06
-7.82643e-07
-5.37685e-06
5.06665e-07
-5.18368e-06
1.97192e-06
-5.17525e-06
3.55796e-06
-5.35035e-06
5.22059e-06
-5.70024e-06
6.92621e-06
-6.21068e-06
8.65076e-06
-6.865e-06
1.03782e-05
-7.64557e-06
1.21004e-05
-8.53541e-06
1.38169e-05
-9.51755e-06
1.55319e-05
-1.05747e-05
1.72527e-05
-1.16901e-05
1.89893e-05
-1.28483e-05
2.07525e-05
-1.40341e-05
2.25503e-05
-1.52324e-05
2.43849e-05
-1.64293e-05
2.62519e-05
-1.76088e-05
2.81368e-05
-1.87414e-05
-1.97452e-05
-2.14382e-06
-5.36251e-06
-2.73936e-06
-6.32542e-06
-2.91188e-06
-6.55839e-06
-2.66539e-06
-6.4762e-06
-2.06142e-06
-6.34429e-06
-1.1693e-06
-6.26897e-06
-5.41799e-08
-6.2988e-06
1.22626e-06
-6.45569e-06
2.6242e-06
-6.7483e-06
4.10119e-06
-7.17723e-06
5.62861e-06
-7.7381e-06
7.18714e-06
-8.42353e-06
8.7653e-06
-9.22372e-06
1.03568e-05
-1.01269e-05
1.19603e-05
-1.1121e-05
1.35787e-05
-1.21931e-05
1.52178e-05
-1.33292e-05
1.68843e-05
-1.45149e-05
1.8585e-05
-1.57348e-05
2.03248e-05
-1.69722e-05
2.21019e-05
-1.82064e-05
2.39021e-05
-1.94089e-05
2.5706e-05
-2.05453e-05
-2.15378e-05
-2.21784e-06
-4.6332e-06
-2.72962e-06
-5.81365e-06
-2.87097e-06
-6.41704e-06
-2.63168e-06
-6.71549e-06
-2.05992e-06
-6.91606e-06
-1.2156e-06
-7.11329e-06
-1.56545e-07
-7.35785e-06
1.06607e-06
-7.6783e-06
2.40981e-06
-8.09204e-06
3.84083e-06
-8.60825e-06
5.33379e-06
-9.23105e-06
6.87076e-06
-9.9605e-06
8.44023e-06
-1.07932e-05
1.00361e-05
-1.17228e-05
1.16563e-05
-1.27413e-05
1.33023e-05
-1.38391e-05
1.49787e-05
-1.50055e-05
1.6692e-05
-1.62282e-05
1.845e-05
-1.74927e-05
2.02605e-05
-1.87827e-05
2.21298e-05
-2.00757e-05
2.40614e-05
-2.13406e-05
2.60466e-05
-2.25305e-05
-2.35766e-05
-2.26002e-06
-3.98484e-06
-2.68168e-06
-5.39198e-06
-2.75122e-06
-6.3475e-06
-2.45381e-06
-7.0129e-06
-1.83043e-06
-7.53943e-06
-9.35778e-07
-8.00794e-06
1.76898e-07
-8.47053e-06
1.46084e-06
-8.96225e-06
2.87721e-06
-9.50841e-06
4.39526e-06
-1.01263e-05
5.9918e-06
-1.08276e-05
7.65027e-06
-1.1619e-05
9.35999e-06
-1.25029e-05
1.11155e-05
-1.34783e-05
1.29157e-05
-1.45415e-05
1.4763e-05
-1.56863e-05
1.66624e-05
-1.6905e-05
1.8622e-05
-1.81878e-05
2.06516e-05
-1.95222e-05
2.27621e-05
-2.08933e-05
2.49669e-05
-2.22806e-05
2.72807e-05
-2.36543e-05
2.97127e-05
-2.49625e-05
-2.61049e-05
-2.25623e-06
-3.40307e-06
-2.57955e-06
-5.06866e-06
-2.54036e-06
-6.38669e-06
-2.12492e-06
-7.42835e-06
-1.37229e-06
-8.29206e-06
-3.35565e-07
-9.04466e-06
9.33608e-07
-9.7397e-06
2.391e-06
-1.04196e-05
4.00036e-06
-1.11178e-05
5.73373e-06
-1.18597e-05
7.57012e-06
-1.2664e-05
9.4947e-06
-1.35435e-05
1.14976e-05
-1.45058e-05
1.35738e-05
-1.55544e-05
1.57219e-05
-1.66897e-05
1.7944e-05
-1.79084e-05
2.02437e-05
-1.92047e-05
2.26265e-05
-2.05706e-05
2.50993e-05
-2.19949e-05
2.76695e-05
-2.34635e-05
3.03471e-05
-2.49582e-05
3.31488e-05
-2.6456e-05
3.60886e-05
-2.79022e-05
-2.91721e-05
-2.19819e-06
-2.88541e-06
-2.41156e-06
-4.85529e-06
-2.22489e-06
-6.57337e-06
-1.63056e-06
-8.02268e-06
-6.71008e-07
-9.25161e-06
5.97372e-07
-1.0313e-05
2.1222e-06
-1.12645e-05
3.85949e-06
-1.21569e-05
5.77461e-06
-1.30329e-05
7.84176e-06
-1.39268e-05
1.00424e-05
-1.48646e-05
1.23631e-05
-1.58642e-05
1.47949e-05
-1.69377e-05
1.73327e-05
-1.80923e-05
1.99743e-05
-1.93312e-05
2.27179e-05
-2.0652e-05
2.55611e-05
-2.2048e-05
2.84991e-05
-2.35087e-05
3.15252e-05
-2.5021e-05
3.46337e-05
-2.65719e-05
3.78212e-05
-2.81457e-05
4.10945e-05
-2.97293e-05
4.4461e-05
-3.12687e-05
-3.26944e-05
-2.08201e-06
-2.4366e-06
-2.16696e-06
-4.77034e-06
-1.78812e-06
-6.95221e-06
-9.48381e-07
-8.86241e-06
3.00046e-07
-1.05e-05
1.89037e-06
-1.19034e-05
3.76588e-06
-1.314e-05
5.88115e-06
-1.42722e-05
8.20258e-06
-1.53543e-05
1.07062e-05
-1.64304e-05
1.33743e-05
-1.75327e-05
1.61935e-05
-1.86834e-05
1.9154e-05
-1.98981e-05
2.2247e-05
-2.11853e-05
2.5462e-05
-2.25462e-05
2.87873e-05
-2.39773e-05
3.22105e-05
-2.54711e-05
3.57191e-05
-2.70173e-05
3.93003e-05
-2.86022e-05
4.29432e-05
-3.02148e-05
4.66316e-05
-3.18342e-05
5.03436e-05
-3.34414e-05
5.40432e-05
-3.49682e-05
-3.65428e-05
-1.90631e-06
-2.0637e-06
-1.83516e-06
-4.84149e-06
-1.2087e-06
-7.57867e-06
-4.37396e-08
-1.00274e-05
1.57642e-06
-1.21202e-05
3.57804e-06
-1.3905e-05
5.89351e-06
-1.54555e-05
8.47358e-06
-1.68523e-05
1.12827e-05
-1.81635e-05
1.42921e-05
-1.94398e-05
1.74771e-05
-2.07177e-05
2.08187e-05
-2.2025e-05
2.43018e-05
-2.33812e-05
2.79125e-05
-2.4796e-05
3.16389e-05
-2.62726e-05
3.54685e-05
-2.7807e-05
3.939e-05
-2.93926e-05
4.3389e-05
-3.10163e-05
4.74379e-05
-3.2651e-05
5.15178e-05
-3.42947e-05
5.56007e-05
-3.59171e-05
5.9653e-05
-3.74937e-05
6.3613e-05
-3.89282e-05
-4.04027e-05
-1.668e-06
-1.7773e-06
-1.40277e-06
-5.10671e-06
-4.59259e-07
-8.52218e-06
1.11105e-06
-1.15977e-05
3.20026e-06
-1.42094e-05
5.70133e-06
-1.6406e-05
8.53119e-06
-1.82854e-05
1.16245e-05
-1.99456e-05
1.49301e-05
-2.1469e-05
1.84115e-05
-2.29213e-05
2.20472e-05
-2.43534e-05
2.58227e-05
-2.58004e-05
2.97237e-05
-2.72823e-05
3.3735e-05
-2.88073e-05
3.78426e-05
-3.03802e-05
4.2022e-05
-3.19864e-05
4.62534e-05
-3.3624e-05
5.05137e-05
-3.52766e-05
5.47787e-05
-3.6916e-05
5.89607e-05
-3.84767e-05
6.29385e-05
-3.98949e-05
6.65984e-05
-4.11537e-05
6.99108e-05
-4.22406e-05
-4.33788e-05
-1.36226e-06
-1.5928e-06
-8.51214e-07
-5.61776e-06
4.96625e-07
-9.87002e-06
2.57466e-06
-1.36757e-05
5.21826e-06
-1.6853e-05
8.27198e-06
-1.94598e-05
1.16153e-05
-2.16287e-05
1.51682e-05
-2.34984e-05
1.88852e-05
-2.51861e-05
2.27425e-05
-2.67785e-05
2.67203e-05
-2.83312e-05
3.07972e-05
-2.98774e-05
3.49531e-05
-3.14382e-05
3.91599e-05
-3.30141e-05
4.33988e-05
-3.46192e-05
4.7648e-05
-3.62355e-05
5.18331e-05
-3.78092e-05
5.58244e-05
-3.92678e-05
5.94975e-05
-4.05891e-05
6.27822e-05
-4.17614e-05
6.5712e-05
-4.28247e-05
6.83361e-05
-4.37778e-05
7.07249e-05
-4.46294e-05
-4.54585e-05
-9.82009e-07
-1.53251e-06
-1.48519e-07
-6.45125e-06
1.70725e-06
-1.17258e-05
4.38971e-06
-1.63582e-05
7.62587e-06
-2.00892e-05
1.11989e-05
-2.30328e-05
1.4975e-05
-2.54047e-05
1.88854e-05
-2.74089e-05
2.28944e-05
-2.9195e-05
2.69733e-05
-3.08575e-05
3.10922e-05
-3.24501e-05
3.52217e-05
-3.40069e-05
3.93401e-05
-3.55566e-05
4.34269e-05
-3.71009e-05
4.73866e-05
-3.85788e-05
5.1079e-05
-3.99279e-05
5.44133e-05
-4.11435e-05
5.73955e-05
-4.225e-05
6.00854e-05
-4.3279e-05
6.25456e-05
-4.42216e-05
6.48113e-05
-4.50904e-05
6.69158e-05
-4.58823e-05
6.88394e-05
-4.6553e-05
-4.70049e-05
-5.16304e-07
-1.6299e-06
7.37447e-07
-7.705e-06
3.22768e-06
-1.4216e-05
6.56274e-06
-1.96932e-05
1.03481e-05
-2.38745e-05
1.43338e-05
-2.70185e-05
1.83961e-05
-2.94671e-05
2.24791e-05
-3.14918e-05
2.65471e-05
-3.3263e-05
3.05676e-05
-3.4878e-05
3.45122e-05
-3.63947e-05
3.83658e-05
-3.78605e-05
4.20607e-05
-3.92514e-05
4.54776e-05
-4.05179e-05
4.85481e-05
-4.16493e-05
5.13134e-05
-4.26932e-05
5.38383e-05
-4.36684e-05
5.61706e-05
-4.45823e-05
5.83371e-05
-4.54455e-05
6.03672e-05
-4.62517e-05
6.22404e-05
-4.69636e-05
6.39132e-05
-4.75551e-05
6.53719e-05
-4.80118e-05
-4.81784e-05
6.39318e-08
-1.95059e-06
1.87416e-06
-9.51523e-06
5.09287e-06
-1.74347e-05
9.04365e-06
-2.3644e-05
1.32289e-05
-2.80598e-05
1.7405e-05
-3.11946e-05
2.14882e-05
-3.35503e-05
2.54446e-05
-3.54483e-05
2.92497e-05
-3.70681e-05
3.28836e-05
-3.85119e-05
3.63336e-05
-3.98447e-05
3.95349e-05
-4.10619e-05
4.24265e-05
-4.2143e-05
4.50353e-05
-4.31266e-05
4.74277e-05
-4.40418e-05
4.96479e-05
-4.49133e-05
5.17293e-05
-4.57498e-05
5.36903e-05
-4.65433e-05
5.55028e-05
-4.7258e-05
5.71382e-05
-4.78871e-05
5.85999e-05
-4.84252e-05
5.99075e-05
-4.88628e-05
6.10567e-05
-4.91609e-05
-4.91044e-05
7.67137e-07
-2.57519e-06
3.3254e-06
-1.20735e-05
7.28693e-06
-2.13963e-05
1.16651e-05
-2.80222e-05
1.59418e-05
-3.23365e-05
1.99764e-05
-3.52292e-05
2.37538e-05
-3.73277e-05
2.72791e-05
-3.89736e-05
3.05577e-05
-4.03467e-05
3.35924e-05
-4.15466e-05
3.6363e-05
-4.26152e-05
3.88618e-05
-4.35607e-05
4.11446e-05
-4.44258e-05
4.32615e-05
-4.52435e-05
4.52511e-05
-4.60314e-05
4.71212e-05
-4.67834e-05
4.88511e-05
-4.74797e-05
5.04262e-05
-4.81183e-05
5.18636e-05
-4.86955e-05
5.31822e-05
-4.92057e-05
5.4396e-05
-4.9639e-05
5.5506e-05
-4.99727e-05
5.6483e-05
-5.01379e-05
-4.99248e-05
1.66735e-06
-3.64763e-06
5.13156e-06
-1.55377e-05
9.6595e-06
-2.59242e-05
1.4081e-05
-3.24436e-05
1.80685e-05
-3.6324e-05
2.16479e-05
-3.88085e-05
2.48854e-05
-4.05652e-05
2.783e-05
-4.19183e-05
3.05119e-05
-4.30286e-05
3.29474e-05
-4.39821e-05
3.51538e-05
-4.48217e-05
3.71827e-05
-4.55896e-05
3.90748e-05
-4.63179e-05
4.08436e-05
-4.70123e-05
4.24817e-05
-4.76696e-05
4.39888e-05
-4.82905e-05
4.53839e-05
-4.88748e-05
4.66848e-05
-4.94193e-05
4.79053e-05
-4.9916e-05
4.90529e-05
-5.03533e-05
5.01264e-05
-5.07125e-05
5.11113e-05
-5.09576e-05
5.19842e-05
-5.10109e-05
-5.06938e-05
2.81593e-06
-5.3948e-06
7.21771e-06
-1.99395e-05
1.18889e-05
-3.05954e-05
1.59123e-05
-3.64671e-05
1.93356e-05
-3.97473e-05
2.23221e-05
-4.1795e-05
2.49796e-05
-4.32227e-05
2.73695e-05
-4.43082e-05
2.95299e-05
-4.5189e-05
3.14937e-05
-4.59458e-05
3.3299e-05
-4.66269e-05
3.497e-05
-4.72607e-05
3.65162e-05
-4.78641e-05
3.79503e-05
-4.84464e-05
3.92901e-05
-4.90094e-05
4.05525e-05
-4.95529e-05
4.17499e-05
-5.00722e-05
4.28888e-05
-5.05582e-05
4.39713e-05
-5.09984e-05
4.49949e-05
-5.13769e-05
4.5951e-05
-5.16686e-05
4.68281e-05
-5.18347e-05
4.76191e-05
-5.18019e-05
-5.14247e-05
4.25852e-06
-8.10722e-06
9.32031e-06
-2.50013e-05
1.36262e-05
-3.49012e-05
1.69991e-05
-3.98401e-05
1.97917e-05
-4.25398e-05
2.22081e-05
-4.42114e-05
2.43464e-05
-4.5361e-05
2.62584e-05
-4.62202e-05
2.79925e-05
-4.6923e-05
2.95779e-05
-4.75313e-05
3.10343e-05
-4.80833e-05
3.2388e-05
-4.86144e-05
3.36579e-05
-4.9134e-05
3.48583e-05
-4.96467e-05
3.60009e-05
-5.01521e-05
3.70927e-05
-5.06447e-05
3.81365e-05
-5.11159e-05
3.91324e-05
-5.1554e-05
4.00789e-05
-5.1945e-05
4.09727e-05
-5.22707e-05
4.18085e-05
-5.25044e-05
4.25826e-05
-5.26088e-05
4.3299e-05
-5.25184e-05
-5.21127e-05
6.02267e-06
-1.19991e-05
1.11139e-05
-3.00925e-05
1.47295e-05
-3.85169e-05
1.74169e-05
-4.25275e-05
1.96269e-05
-4.47498e-05
2.1538e-05
-4.61225e-05
2.32258e-05
-4.70488e-05
2.47394e-05
-4.77339e-05
2.61093e-05
-4.82928e-05
2.73667e-05
-4.87888e-05
2.85433e-05
-4.92598e-05
2.96539e-05
-4.9725e-05
3.07111e-05
-5.01912e-05
3.1723e-05
-5.06585e-05
3.26934e-05
-5.11225e-05
3.36244e-05
-5.15757e-05
3.45163e-05
-5.20078e-05
3.53688e-05
-5.24066e-05
3.61807e-05
-5.27569e-05
3.69494e-05
-5.30394e-05
3.76728e-05
-5.32278e-05
3.83511e-05
-5.32871e-05
3.89931e-05
-5.31604e-05
-5.27485e-05
8.04969e-06
-1.70021e-05
1.24401e-05
-3.44829e-05
1.52411e-05
-4.13179e-05
1.72942e-05
-4.45806e-05
1.89901e-05
-4.64457e-05
2.04584e-05
-4.75908e-05
2.17555e-05
-4.8346e-05
2.29216e-05
-4.89e-05
2.39898e-05
-4.93611e-05
2.49884e-05
-4.97873e-05
2.59351e-05
-5.02066e-05
2.6841e-05
-5.06309e-05
2.77123e-05
-5.10625e-05
2.85518e-05
-5.1498e-05
2.93607e-05
-5.19314e-05
3.0139e-05
-5.2354e-05
3.08864e-05
-5.27553e-05
3.16021e-05
-5.31222e-05
3.22847e-05
-5.34395e-05
3.29329e-05
-5.36876e-05
3.35469e-05
-5.38418e-05
3.413e-05
-5.38702e-05
3.46943e-05
-5.37246e-05
-5.3324e-05
1.01828e-05
-2.28878e-05
1.33229e-05
-3.76231e-05
1.52351e-05
-4.32301e-05
1.67243e-05
-4.60697e-05
1.79788e-05
-4.77002e-05
1.90658e-05
-4.86778e-05
2.00295e-05
-4.93098e-05
2.09065e-05
-4.9777e-05
2.17245e-05
-5.0179e-05
2.25021e-05
-5.05649e-05
2.32508e-05
-5.09553e-05
2.39758e-05
-5.13559e-05
2.46787e-05
-5.17654e-05
2.53594e-05
-5.21787e-05
2.60168e-05
-5.25887e-05
2.66495e-05
-5.29868e-05
2.72567e-05
-5.33624e-05
2.78375e-05
-5.3703e-05
2.83915e-05
-5.39935e-05
2.8919e-05
-5.42151e-05
2.94226e-05
-5.43454e-05
2.99081e-05
-5.43557e-05
3.03888e-05
-5.42053e-05
-5.38293e-05
1.2092e-05
-2.95358e-05
1.36251e-05
-3.91561e-05
1.47494e-05
-4.43545e-05
1.57809e-05
-4.71012e-05
1.667e-05
-4.85893e-05
1.74381e-05
-4.94458e-05
1.81234e-05
-4.99951e-05
1.87579e-05
-5.04114e-05
1.93623e-05
-5.07834e-05
1.99483e-05
-5.11509e-05
2.0521e-05
-5.15279e-05
2.1081e-05
-5.1916e-05
2.16269e-05
-5.23113e-05
2.21563e-05
-5.27081e-05
2.26668e-05
-5.30992e-05
2.31566e-05
-5.34767e-05
2.36248e-05
-5.38306e-05
2.40712e-05
-5.41494e-05
2.44965e-05
-5.44188e-05
2.49028e-05
-5.46215e-05
2.52943e-05
-5.47369e-05
2.56782e-05
-5.47396e-05
2.60686e-05
-5.45956e-05
-5.42546e-05
-7.04271e-07
7.04271e-07
-1.23343e-06
5.29156e-07
-9.2419e-07
-3.09237e-07
5.25659e-07
-1.44985e-06
4.27558e-06
-3.74992e-06
-6.74114e-06
1.10167e-05
-7.75736e-07
1.48001e-06
-1.02061e-06
7.74029e-07
-4.19748e-07
-9.10098e-07
1.27051e-06
-3.14011e-06
4.28757e-06
-6.76697e-06
-1.15965e-05
9.14288e-06
-7.2387e-07
2.20388e-06
-7.81357e-07
8.31516e-07
-3.8288e-08
-1.65317e-06
1.66909e-06
-4.84749e-06
4.39059e-06
-9.48847e-06
-1.52357e-05
8.02978e-06
-6.44327e-07
2.8482e-06
-5.87937e-07
7.75126e-07
1.87228e-07
-2.42833e-06
1.81718e-06
-6.47744e-06
4.21135e-06
-1.18826e-05
-1.80725e-05
7.04822e-06
-5.5684e-07
3.40504e-06
-4.38282e-07
6.56568e-07
3.11517e-07
-3.17813e-06
1.78479e-06
-7.95072e-06
3.82997e-06
-1.39278e-05
-2.03088e-05
6.06627e-06
-4.69826e-07
3.87487e-06
-3.27453e-07
5.14195e-07
3.51227e-07
-3.85681e-06
1.62458e-06
-9.22407e-06
3.33266e-06
-1.56359e-05
-2.20606e-05
5.08444e-06
-3.87677e-07
4.26255e-06
-2.50441e-07
3.76959e-07
3.23344e-07
-4.4306e-06
1.37445e-06
-1.02752e-05
2.76363e-06
-1.70251e-05
-2.34063e-05
4.10931e-06
-3.12061e-07
4.57461e-06
-2.01615e-07
2.66513e-07
2.43625e-07
-4.87584e-06
1.06095e-06
-1.10925e-05
2.14678e-06
-1.81109e-05
-2.44012e-05
3.14173e-06
-2.42862e-07
4.81747e-06
-1.74596e-07
1.98246e-07
1.26557e-07
-5.17699e-06
7.04116e-07
-1.16701e-05
1.49921e-06
-1.8906e-05
-2.50857e-05
2.18365e-06
-1.78769e-07
4.99624e-06
-1.62413e-07
1.8189e-07
-1.34756e-08
-5.32593e-06
3.20422e-07
-1.2004e-05
8.35032e-07
-1.94206e-05
-2.54903e-05
1.23965e-06
-1.17662e-07
5.1139e-06
-1.57711e-07
2.2194e-07
-1.6846e-07
-5.31518e-06
-7.50921e-08
-1.20973e-05
1.66078e-07
-1.96618e-05
-2.56367e-05
3.12447e-07
-5.69776e-08
5.17088e-06
-1.52663e-07
3.17625e-07
-3.20137e-07
-5.1477e-06
-4.70914e-07
-1.19466e-05
-4.94051e-07
-1.96386e-05
-2.55476e-05
-5.83134e-07
5.98144e-09
5.1649e-06
-1.39638e-07
4.63245e-07
-4.57464e-07
-4.82988e-06
-8.50379e-07
-1.15536e-05
-1.13615e-06
-1.93529e-05
-2.52359e-05
-1.44785e-06
7.33597e-08
5.09154e-06
-1.11306e-07
6.4791e-07
-5.67923e-07
-4.37326e-06
-1.20003e-06
-1.09215e-05
-1.74964e-06
-1.88033e-05
-2.47114e-05
-2.27407e-06
1.4678e-07
4.94476e-06
-6.09953e-08
8.55686e-07
-6.38688e-07
-3.79557e-06
-1.50424e-06
-1.0056e-05
-2.32241e-06
-1.79851e-05
-2.39808e-05
-3.05306e-06
2.27994e-07
4.71676e-06
1.70649e-08
1.06661e-06
-6.5659e-07
-3.12191e-06
-1.74521e-06
-8.96736e-06
-2.83977e-06
-1.68905e-05
-2.30428e-05
-3.77772e-06
3.17841e-07
4.39892e-06
1.27391e-07
1.25706e-06
-6.08666e-07
-2.38585e-06
-1.90267e-06
-7.67336e-06
-3.28271e-06
-1.55105e-05
-2.1885e-05
-4.44057e-06
4.16177e-07
3.98275e-06
2.71924e-07
1.40132e-06
-4.83159e-07
-1.63077e-06
-1.95303e-06
-6.20348e-06
-3.62523e-06
-1.38383e-05
-2.04765e-05
-5.03374e-06
5.21277e-07
3.46147e-06
4.49068e-07
1.47353e-06
-2.72259e-07
-9.09444e-07
-1.86823e-06
-4.60751e-06
-3.8312e-06
-1.18753e-05
-1.87591e-05
-5.5486e-06
6.27493e-07
2.83398e-06
6.51289e-07
1.44973e-06
1.69557e-08
-2.75111e-07
-1.61348e-06
-2.97708e-06
-3.85366e-06
-9.63514e-06
-1.66426e-05
-5.97011e-06
7.20363e-07
2.11361e-06
8.61348e-07
1.30874e-06
4.03986e-07
1.82252e-07
-1.14239e-06
-1.4307e-06
-3.63036e-06
-7.14718e-06
-1.40156e-05
-6.25741e-06
7.61188e-07
1.35243e-06
1.0516e-06
1.01833e-06
8.33293e-07
4.00558e-07
-3.8415e-07
-2.1326e-07
-3.04672e-06
-4.4846e-06
-1.07395e-05
-6.32277e-06
7.70846e-07
5.8158e-07
1.20694e-06
5.82233e-07
1.25388e-06
3.53617e-07
6.92349e-07
3.48276e-07
-1.82051e-06
-1.97175e-06
-6.24582e-06
-6.31421e-06
5.8158e-07
1.16381e-06
1.51743e-06
1.86571e-06
-1.06041e-07
-6.35186e-06
1.17903e-05
-3.03094e-05
1.29394e-05
-4.03052e-05
1.38239e-05
-4.5239e-05
1.45425e-05
-4.78198e-05
1.51352e-05
-4.9182e-05
1.5639e-05
-4.99496e-05
1.60917e-05
-5.04479e-05
1.652e-05
-5.08396e-05
1.69382e-05
-5.12017e-05
1.73524e-05
-5.15651e-05
1.77628e-05
-5.19384e-05
1.81674e-05
-5.23205e-05
1.85625e-05
-5.27065e-05
1.89449e-05
-5.30904e-05
1.93115e-05
-5.34659e-05
1.96604e-05
-5.38256e-05
1.99909e-05
-5.41611e-05
2.03033e-05
-5.44619e-05
2.05998e-05
-5.47152e-05
2.08837e-05
-5.49054e-05
2.11605e-05
-5.50137e-05
2.14384e-05
-5.50175e-05
2.17321e-05
-5.48893e-05
-5.45915e-05
1.08373e-05
-3.20038e-05
1.19297e-05
-4.13976e-05
1.26288e-05
-4.59381e-05
1.30948e-05
-4.82858e-05
1.34393e-05
-4.95266e-05
1.37216e-05
-5.02319e-05
1.39765e-05
-5.07028e-05
1.42246e-05
-5.10877e-05
1.44751e-05
-5.14521e-05
1.47298e-05
-5.18198e-05
1.49866e-05
-5.21952e-05
1.52414e-05
-5.25753e-05
1.549e-05
-5.29551e-05
1.57285e-05
-5.33289e-05
1.59538e-05
-5.36911e-05
1.61638e-05
-5.40356e-05
1.63579e-05
-5.43552e-05
1.65371e-05
-5.46411e-05
1.67042e-05
-5.48824e-05
1.68641e-05
-5.50652e-05
1.70232e-05
-5.51728e-05
1.71906e-05
-5.51849e-05
1.73814e-05
-5.50801e-05
-5.48331e-05
9.90523e-06
-3.38793e-05
1.07744e-05
-4.22668e-05
1.12425e-05
-4.64062e-05
1.1491e-05
-4.85343e-05
1.16326e-05
-4.96682e-05
1.17277e-05
-5.0327e-05
1.18093e-05
-5.07844e-05
1.18943e-05
-5.11727e-05
1.19887e-05
-5.15466e-05
1.20919e-05
-5.1923e-05
1.22001e-05
-5.23034e-05
1.23089e-05
-5.26841e-05
1.24137e-05
-5.30599e-05
1.25108e-05
-5.3426e-05
1.25969e-05
-5.37773e-05
1.26702e-05
-5.41089e-05
1.273e-05
-5.44149e-05
1.27774e-05
-5.46885e-05
1.28157e-05
-5.49207e-05
1.28505e-05
-5.51e-05
1.28889e-05
-5.52112e-05
1.29408e-05
-5.52367e-05
1.30225e-05
-5.51618e-05
-5.49743e-05
8.76193e-06
-3.5593e-05
9.44368e-06
-4.29485e-05
9.72156e-06
-4.66841e-05
9.79015e-06
-4.86029e-05
9.75818e-06
-4.96362e-05
9.68799e-06
-5.02568e-05
9.61233e-06
-5.07087e-05
9.54563e-06
-5.1106e-05
9.49143e-06
-5.14924e-05
9.44772e-06
-5.18792e-05
9.41044e-06
-5.22661e-05
9.3752e-06
-5.26488e-05
9.33798e-06
-5.30227e-05
9.29534e-06
-5.33833e-05
9.24454e-06
-5.37265e-05
9.18369e-06
-5.4048e-05
9.11205e-06
-5.43433e-05
9.03048e-06
-5.46069e-05
8.94198e-06
-5.48322e-05
8.85189e-06
-5.50099e-05
8.76721e-06
-5.51266e-05
8.69653e-06
-5.51661e-05
8.65932e-06
-5.51246e-05
-5.5014e-05
7.51168e-06
-3.70384e-05
8.0244e-06
-4.34613e-05
8.12924e-06
-4.67889e-05
8.03488e-06
-4.85085e-05
7.84719e-06
-4.94485e-05
7.62664e-06
-5.00362e-05
7.40428e-06
-5.04864e-05
7.19263e-06
-5.08944e-05
6.99392e-06
-5.12937e-05
6.8058e-06
-5.16911e-05
6.62447e-06
-5.20848e-05
6.4462e-06
-5.24706e-05
6.26773e-06
-5.28442e-05
6.08641e-06
-5.3202e-05
5.90015e-06
-5.35403e-05
5.70753e-06
-5.38554e-05
5.50793e-06
-5.41437e-05
5.30188e-06
-5.44009e-05
5.09158e-06
-5.46219e-05
4.88152e-06
-5.47998e-05
4.67779e-06
-5.49228e-05
4.48033e-06
-5.49686e-05
4.27399e-06
-5.49183e-05
-5.49758e-05
6.23014e-06
-3.81841e-05
6.56053e-06
-4.37916e-05
6.50349e-06
-4.67319e-05
6.2579e-06
-4.82629e-05
5.92523e-06
-4.91158e-05
5.5629e-06
-4.96739e-05
5.19981e-06
-5.01233e-05
4.84697e-06
-5.05416e-05
4.50599e-06
-5.09527e-05
4.17465e-06
-5.13598e-05
3.84984e-06
-5.176e-05
3.52865e-06
-5.21494e-05
3.20877e-06
-5.25244e-05
2.88847e-06
-5.28817e-05
2.56663e-06
-5.32184e-05
2.24269e-06
-5.35315e-05
1.91685e-06
-5.38178e-05
1.59025e-06
-5.40743e-05
1.26523e-06
-5.42969e-05
9.45883e-07
-5.44805e-05
6.42665e-07
-5.46196e-05
3.89182e-07
-5.47151e-05
2.4194e-07
-5.4771e-05
-5.45856e-05
4.9479e-06
-3.90227e-05
5.08717e-06
-4.39309e-05
4.87346e-06
-4.65182e-05
4.48302e-06
-4.78725e-05
4.01132e-06
-4.86441e-05
3.51209e-06
-4.91747e-05
3.01163e-06
-4.96228e-05
2.51965e-06
-5.00496e-05
2.03754e-06
-5.04706e-05
1.56356e-06
-5.08858e-05
1.09536e-06
-5.12918e-05
6.30882e-07
-5.16849e-05
1.68635e-07
-5.20621e-05
-2.9232e-07
-5.24208e-05
-7.52376e-07
-5.27584e-05
-1.21137e-06
-5.30725e-05
-1.66855e-06
-5.33606e-05
-2.12251e-06
-5.36203e-05
-2.57097e-06
-5.38484e-05
-3.00983e-06
-5.40416e-05
-3.43183e-06
-5.41976e-05
-3.83427e-06
-5.43127e-05
-4.24904e-06
-5.43563e-05
-5.42896e-05
3.68029e-06
-3.95612e-05
3.62651e-06
-4.38771e-05
3.25893e-06
-4.61506e-05
2.72773e-06
-4.73413e-05
2.1206e-06
-4.8037e-05
1.48715e-06
-4.85412e-05
8.51105e-07
-4.89868e-05
2.2115e-07
-4.94196e-05
-4.01294e-07
-4.98481e-05
-1.01738e-06
-5.02697e-05
-1.62871e-06
-5.06804e-05
-2.23661e-06
-5.1077e-05
-2.84195e-06
-5.14568e-05
-3.4452e-06
-5.18175e-05
-4.04636e-06
-5.21572e-05
-4.64507e-06
-5.24738e-05
-5.24053e-06
-5.27652e-05
-5.83148e-06
-5.30294e-05
-6.41602e-06
-5.32639e-05
-6.9915e-06
-5.34662e-05
-7.5557e-06
-5.36334e-05
-8.10942e-06
-5.3759e-05
-8.6431e-06
-5.38226e-05
-5.38466e-05
2.43723e-06
-3.98148e-05
2.19399e-06
-4.36339e-05
1.67512e-06
-4.56317e-05
1.00587e-06
-4.6672e-05
2.65418e-07
-4.72966e-05
-5.00759e-07
-4.7775e-05
-1.27127e-06
-4.82163e-05
-2.03826e-06
-4.86526e-05
-2.80011e-06
-4.90863e-05
-3.55737e-06
-4.95125e-05
-4.31094e-06
-4.99269e-05
-5.06151e-06
-5.03264e-05
-5.80947e-06
-5.07088e-05
-6.55491e-06
-5.10721e-05
-7.29763e-06
-5.14145e-05
-8.03716e-06
-5.17342e-05
-8.77267e-06
-5.20297e-05
-9.50293e-06
-5.22991e-05
-1.02261e-05
-5.25407e-05
-1.09398e-05
-5.27525e-05
-1.16412e-05
-5.2932e-05
-1.23262e-05
-5.3074e-05
-1.29818e-05
-5.3167e-05
-5.32584e-05
1.22627e-06
-3.98014e-05
8.00797e-07
-4.32084e-05
1.34332e-07
-4.49653e-05
-6.71518e-07
-4.58662e-05
-1.5439e-06
-4.64242e-05
-2.44165e-06
-4.68773e-05
-3.34558e-06
-4.73124e-05
-4.24845e-06
-4.77498e-05
-5.1484e-06
-4.81863e-05
-6.04531e-06
-4.86155e-05
-6.93945e-06
-4.90327e-05
-7.83092e-06
-4.94349e-05
-8.71969e-06
-4.982e-05
-9.6055e-06
-5.01863e-05
-1.04879e-05
-5.05321e-05
-1.13662e-05
-5.08559e-05
-1.22395e-05
-5.11564e-05
-1.31063e-05
-5.14323e-05
-1.39645e-05
-5.16824e-05
-1.48114e-05
-5.19056e-05
-1.56434e-05
-5.21e-05
-1.64553e-05
-5.22621e-05
-1.72366e-05
-5.23857e-05
-5.2534e-05
5.5202e-08
-3.95442e-05
-5.44502e-07
-4.26087e-05
-1.35636e-06
-4.41534e-05
-2.29555e-06
-4.4927e-05
-3.29814e-06
-4.54216e-05
-4.32625e-06
-4.58492e-05
-5.36233e-06
-4.62763e-05
-6.39956e-06
-4.67125e-05
-7.43574e-06
-4.71501e-05
-8.47016e-06
-4.75811e-05
-9.50244e-06
-4.80005e-05
-1.05322e-05
-4.84052e-05
-1.15589e-05
-4.87933e-05
-1.25821e-05
-4.91631e-05
-1.36009e-05
-4.95132e-05
-1.46146e-05
-4.98422e-05
-1.5622e-05
-5.01491e-05
-1.66214e-05
-5.04329e-05
-1.76105e-05
-5.06933e-05
-1.85863e-05
-5.09297e-05
-1.9545e-05
-5.11413e-05
-2.04812e-05
-5.13259e-05
-2.13862e-05
-5.14807e-05
-5.16801e-05
-1.07103e-06
-3.90563e-05
-1.83482e-06
-4.18449e-05
-2.78698e-06
-4.32012e-05
-3.85773e-06
-4.38562e-05
-4.98893e-06
-4.42904e-05
-6.14589e-06
-4.46922e-05
-7.31243e-06
-4.51097e-05
-8.48202e-06
-4.55429e-05
-9.65203e-06
-4.59801e-05
-1.08212e-05
-4.6412e-05
-1.19885e-05
-4.68331e-05
-1.31532e-05
-4.72405e-05
-1.43144e-05
-4.76321e-05
-1.54711e-05
-4.80064e-05
-1.66225e-05
-4.83618e-05
-1.77674e-05
-4.86973e-05
-1.89046e-05
-4.90119e-05
-2.00322e-05
-4.93054e-05
-2.11478e-05
-4.95777e-05
-2.22483e-05
-4.98292e-05
-2.33299e-05
-5.00598e-05
-2.43873e-05
-5.02684e-05
-2.54132e-05
-5.04548e-05
-5.0701e-05
-2.1445e-06
-3.83596e-05
-3.06315e-06
-4.09263e-05
-4.15139e-06
-4.2113e-05
-5.35085e-06
-4.26567e-05
-6.60856e-06
-4.30327e-05
-7.89242e-06
-4.34083e-05
-9.18727e-06
-4.38149e-05
-1.04867e-05
-4.42435e-05
-1.17875e-05
-4.46792e-05
-1.30881e-05
-4.51114e-05
-1.43869e-05
-4.55343e-05
-1.56826e-05
-4.59448e-05
-1.69741e-05
-4.63407e-05
-1.82602e-05
-4.67203e-05
-1.95397e-05
-4.70823e-05
-2.08114e-05
-4.74255e-05
-2.20738e-05
-4.77494e-05
-2.33252e-05
-4.8054e-05
-2.45629e-05
-4.83399e-05
-2.57839e-05
-4.86082e-05
-2.69843e-05
-4.88594e-05
-2.81594e-05
-4.90933e-05
-2.93026e-05
-4.93116e-05
-4.96008e-05
-3.16039e-06
-3.74733e-05
-4.22371e-06
-3.98629e-05
-5.44318e-06
-4.08935e-05
-6.76813e-06
-4.13318e-05
-8.14982e-06
-4.1651e-05
-9.55815e-06
-4.2e-05
-1.09786e-05
-4.23944e-05
-1.24047e-05
-4.28174e-05
-1.3833e-05
-4.3251e-05
-1.52612e-05
-4.36833e-05
-1.66873e-05
-4.41082e-05
-1.81098e-05
-4.45223e-05
-1.9527e-05
-4.49234e-05
-2.09378e-05
-4.53096e-05
-2.23407e-05
-4.56794e-05
-2.37345e-05
-4.60318e-05
-2.51175e-05
-4.63664e-05
-2.64878e-05
-4.66837e-05
-2.7843e-05
-4.69847e-05
-2.91799e-05
-4.72712e-05
-3.04949e-05
-4.75444e-05
-3.17836e-05
-4.78047e-05
-3.30402e-05
-4.8055e-05
-4.83837e-05
-4.11307e-06
-3.64133e-05
-5.31041e-06
-3.86656e-05
-6.65605e-06
-3.95479e-05
-8.10303e-06
-3.98848e-05
-9.60584e-06
-4.01482e-05
-1.11357e-05
-4.04701e-05
-1.26787e-05
-4.08515e-05
-1.4228e-05
-4.12681e-05
-1.57797e-05
-4.16992e-05
-1.73312e-05
-4.21318e-05
-1.88802e-05
-4.25592e-05
-2.04246e-05
-4.29778e-05
-2.19629e-05
-4.33851e-05
-2.34934e-05
-4.37791e-05
-2.50147e-05
-4.41581e-05
-2.65254e-05
-4.45211e-05
-2.80239e-05
-4.48679e-05
-2.95082e-05
-4.51994e-05
-3.09759e-05
-4.55171e-05
-3.24238e-05
-4.58233e-05
-3.38486e-05
-4.61196e-05
-3.52464e-05
-4.64069e-05
-3.66123e-05
-4.66891e-05
-4.7054e-05
-4.9967e-06
-3.51943e-05
-6.31681e-06
-3.73455e-05
-7.78343e-06
-3.80813e-05
-9.34913e-06
-3.83191e-05
-1.097e-05
-3.85273e-05
-1.26182e-05
-3.88219e-05
-1.42801e-05
-3.91896e-05
-1.59487e-05
-3.95996e-05
-1.76195e-05
-4.00284e-05
-1.92896e-05
-4.04617e-05
-2.09565e-05
-4.08924e-05
-2.26179e-05
-4.13164e-05
-2.4272e-05
-4.17311e-05
-2.5917e-05
-4.21341e-05
-2.75514e-05
-4.25237e-05
-2.91738e-05
-4.28987e-05
-3.07824e-05
-4.32593e-05
-3.23753e-05
-4.36064e-05
-3.39501e-05
-4.39423e-05
-3.55038e-05
-4.42696e-05
-3.70332e-05
-4.45902e-05
-3.85351e-05
-4.4905e-05
-4.00057e-05
-4.52185e-05
-4.56165e-05
-5.80429e-06
-3.38306e-05
-7.23582e-06
-3.5914e-05
-8.81854e-06
-3.64986e-05
-1.05002e-05
-3.66375e-05
-1.2236e-05
-3.67914e-05
-1.39991e-05
-3.70588e-05
-1.57761e-05
-3.74126e-05
-1.75595e-05
-3.78161e-05
-1.93447e-05
-3.82432e-05
-2.11285e-05
-3.8678e-05
-2.29081e-05
-3.91128e-05
-2.46811e-05
-3.95434e-05
-2.64454e-05
-3.99667e-05
-2.81993e-05
-4.03801e-05
-2.99413e-05
-4.07817e-05
-3.16696e-05
-4.11704e-05
-3.33827e-05
-4.15462e-05
-3.50785e-05
-4.19106e-05
-3.67547e-05
-4.22662e-05
-3.84084e-05
-4.26159e-05
-4.0037e-05
-4.29616e-05
-4.16378e-05
-4.33043e-05
-4.32079e-05
-4.36484e-05
-4.40767e-05
-6.52712e-06
-3.23372e-05
-8.05878e-06
-3.43823e-05
-9.75417e-06
-3.48032e-05
-1.15494e-05
-3.48423e-05
-1.33978e-05
-3.4943e-05
-1.52723e-05
-3.51843e-05
-1.71602e-05
-3.55247e-05
-1.90539e-05
-3.59225e-05
-2.09484e-05
-3.63486e-05
-2.28405e-05
-3.67859e-05
-2.47272e-05
-3.72261e-05
-2.6606e-05
-3.76646e-05
-2.84748e-05
-3.80979e-05
-3.03318e-05
-3.85232e-05
-3.21753e-05
-3.89382e-05
-3.40037e-05
-3.9342e-05
-3.58152e-05
-3.97346e-05
-3.76079e-05
-4.0118e-05
-3.93793e-05
-4.04948e-05
-4.11271e-05
-4.08681e-05
-4.2849e-05
-4.12397e-05
-4.45429e-05
-4.16103e-05
-4.62071e-05
-4.19843e-05
-4.24403e-05
-7.15261e-06
-3.07332e-05
-8.77582e-06
-3.27591e-05
-1.05832e-05
-3.29958e-05
-1.24902e-05
-3.29352e-05
-1.44494e-05
-3.29839e-05
-1.64323e-05
-3.32013e-05
-1.84269e-05
-3.35301e-05
-2.04259e-05
-3.39235e-05
-2.24245e-05
-3.43501e-05
-2.44191e-05
-3.47913e-05
-2.64069e-05
-3.52383e-05
-2.83855e-05
-3.56861e-05
-3.03525e-05
-3.61308e-05
-3.23063e-05
-3.65694e-05
-3.42451e-05
-3.69995e-05
-3.61672e-05
-3.74198e-05
-3.80709e-05
-3.78309e-05
-3.99541e-05
-3.82348e-05
-4.18145e-05
-3.86344e-05
-4.365e-05
-3.90325e-05
-4.54589e-05
-3.94308e-05
-4.72399e-05
-3.98293e-05
-4.89921e-05
-4.02322e-05
-4.07135e-05
-7.66073e-06
-2.90426e-05
-9.37571e-06
-3.10441e-05
-1.12977e-05
-3.10738e-05
-1.33173e-05
-3.09156e-05
-1.53857e-05
-3.09155e-05
-1.74744e-05
-3.11126e-05
-1.95714e-05
-3.14331e-05
-2.16706e-05
-3.18243e-05
-2.37673e-05
-3.22533e-05
-2.58585e-05
-3.27001e-05
-2.79411e-05
-3.31556e-05
-3.00129e-05
-3.36143e-05
-3.20716e-05
-3.40721e-05
-3.41155e-05
-3.45255e-05
-3.61429e-05
-3.49721e-05
-3.81521e-05
-3.54107e-05
-4.01413e-05
-3.58418e-05
-4.21083e-05
-3.62677e-05
-4.40513e-05
-3.66915e-05
-4.59681e-05
-3.71157e-05
-4.78574e-05
-3.75414e-05
-4.97186e-05
-3.79682e-05
-5.15518e-05
-3.83989e-05
-3.89024e-05
-8.02278e-06
-2.72772e-05
-9.84612e-06
-2.92208e-05
-1.1889e-05
-2.90309e-05
-1.40256e-05
-2.8779e-05
-1.62027e-05
-2.87384e-05
-1.83947e-05
-2.89206e-05
-2.05899e-05
-2.92379e-05
-2.27837e-05
-2.96306e-05
-2.49725e-05
-3.00645e-05
-2.71536e-05
-3.05191e-05
-2.93243e-05
-3.09849e-05
-3.14824e-05
-3.14562e-05
-3.36258e-05
-3.19286e-05
-3.57528e-05
-3.23985e-05
-3.78617e-05
-3.28632e-05
-3.99508e-05
-3.33215e-05
-4.20183e-05
-3.37742e-05
-4.40624e-05
-3.42236e-05
-4.60812e-05
-3.46727e-05
-4.80728e-05
-3.51241e-05
-5.00359e-05
-3.55783e-05
-5.19695e-05
-3.60346e-05
-5.38739e-05
-3.64946e-05
-3.70103e-05
-8.2024e-06
-2.53976e-05
-1.01682e-05
-2.72549e-05
-1.23474e-05
-2.68518e-05
-1.46116e-05
-2.65148e-05
-1.68991e-05
-2.64508e-05
-1.91911e-05
-2.66287e-05
-2.14797e-05
-2.69492e-05
-2.37621e-05
-2.73482e-05
-2.60363e-05
-2.77902e-05
-2.83004e-05
-2.8255e-05
-3.0552e-05
-2.87333e-05
-3.2789e-05
-2.92192e-05
-3.50097e-05
-2.9708e-05
-3.72122e-05
-3.0196e-05
-3.9395e-05
-3.06805e-05
-4.15564e-05
-3.11602e-05
-4.36947e-05
-3.16359e-05
-4.58084e-05
-3.211e-05
-4.78957e-05
-3.25854e-05
-4.99554e-05
-3.30644e-05
-5.19864e-05
-3.35473e-05
-5.39876e-05
-3.40334e-05
-5.59572e-05
-3.4525e-05
-3.50506e-05
-8.11563e-06
-2.35962e-05
-1.03056e-05
-2.5065e-05
-1.26709e-05
-2.44864e-05
-1.50778e-05
-2.4108e-05
-1.74762e-05
-2.40524e-05
-1.98634e-05
-2.42415e-05
-2.22393e-05
-2.45734e-05
-2.46036e-05
-2.49839e-05
-2.6956e-05
-2.54377e-05
-2.92955e-05
-2.59155e-05
-3.16203e-05
-2.64086e-05
-3.39286e-05
-2.69109e-05
-3.62187e-05
-2.74179e-05
-3.84889e-05
-2.79258e-05
-4.07376e-05
-2.84317e-05
-4.29633e-05
-2.89344e-05
-4.51645e-05
-2.94347e-05
-4.73396e-05
-2.99348e-05
-4.94876e-05
-3.04374e-05
-5.16077e-05
-3.09443e-05
-5.36993e-05
-3.14556e-05
-5.57619e-05
-3.19708e-05
-5.77942e-05
-3.24928e-05
-3.30339e-05
-7.43442e-06
-2.25136e-05
-1.02455e-05
-2.22539e-05
-1.28796e-05
-2.18523e-05
-1.54344e-05
-2.15532e-05
-1.79384e-05
-2.15484e-05
-2.04135e-05
-2.17664e-05
-2.28686e-05
-2.21183e-05
-2.53069e-05
-2.25456e-05
-2.77296e-05
-2.30151e-05
-3.01363e-05
-2.35088e-05
-3.25261e-05
-2.40187e-05
-3.48975e-05
-2.45395e-05
-3.7249e-05
-2.50665e-05
-3.95788e-05
-2.55959e-05
-4.18856e-05
-2.6125e-05
-4.41676e-05
-2.66524e-05
-4.64235e-05
-2.71788e-05
-4.86522e-05
-2.77061e-05
-5.0853e-05
-2.82366e-05
-5.30256e-05
-2.87717e-05
-5.517e-05
-2.93113e-05
-5.7286e-05
-2.98547e-05
-5.93742e-05
-3.04046e-05
-3.09677e-05
-5.46448e-07
5.46448e-07
-1.69726e-06
1.15081e-06
-2.88477e-06
1.18752e-06
-3.64284e-06
7.58066e-07
-3.70195e-06
5.91051e-08
-1.56247e-06
-2.13948e-06
-7.55942e-07
1.30239e-06
-1.86224e-06
2.25711e-06
-2.88061e-06
2.20589e-06
-3.64781e-06
1.52526e-06
-3.9131e-06
3.24405e-07
-2.2994e-06
-3.17617e-06
-8.21755e-07
2.12414e-06
-1.79978e-06
3.23513e-06
-2.70017e-06
3.10628e-06
-3.4182e-06
2.24328e-06
-3.8036e-06
7.09806e-07
-2.18303e-06
-3.91997e-06
-8.33727e-07
2.95787e-06
-1.68867e-06
4.09008e-06
-2.49599e-06
3.91361e-06
-3.19006e-06
2.93734e-06
-3.73347e-06
1.25322e-06
-1.51416e-06
-4.40234e-06
-8.0897e-07
3.76684e-06
-1.55508e-06
4.83618e-06
-2.28769e-06
4.64622e-06
-2.98587e-06
3.63552e-06
-3.68615e-06
1.9535e-06
-5.17303e-07
-4.683e-06
-7.56335e-07
4.52318e-06
-1.40426e-06
5.48411e-06
-2.0743e-06
5.31626e-06
-2.78802e-06
4.34924e-06
-3.61938e-06
2.78485e-06
6.72199e-07
-4.80888e-06
-6.81559e-07
5.20474e-06
-1.23773e-06
6.04028e-06
-1.85071e-06
5.92924e-06
-2.57657e-06
5.0751e-06
-3.50273e-06
3.71101e-06
1.9729e-06
-4.80344e-06
-5.88754e-07
5.79349e-06
-1.05569e-06
6.50722e-06
-1.61116e-06
6.48471e-06
-2.33635e-06
5.8003e-06
-3.3193e-06
4.69396e-06
3.33033e-06
-4.67673e-06
-4.81101e-07
6.27459e-06
-8.57939e-07
6.88406e-06
-1.35061e-06
6.97738e-06
-2.05689e-06
6.50657e-06
-3.06047e-06
5.69754e-06
4.7041e-06
-4.43424e-06
-3.61362e-07
6.63595e-06
-6.445e-07
7.16719e-06
-1.06543e-06
7.39831e-06
-1.73134e-06
7.17248e-06
-2.72165e-06
6.68786e-06
6.062e-06
-4.07956e-06
-2.31514e-07
6.86747e-06
-4.16119e-07
7.3518e-06
-7.53521e-07
7.73572e-06
-1.35564e-06
7.77461e-06
-2.30048e-06
7.6327e-06
7.37651e-06
-3.61499e-06
-9.34898e-08
6.96096e-06
-1.74222e-07
7.43253e-06
-4.14405e-07
7.9759e-06
-9.28017e-07
8.28822e-06
-1.79626e-06
8.50094e-06
8.62232e-06
-3.04208e-06
5.03957e-08
6.91056e-06
7.89437e-08
7.40398e-06
-4.93036e-08
8.10415e-06
-4.489e-07
8.68781e-06
-1.20962e-06
9.26166e-06
9.77434e-06
-2.36164e-06
1.96306e-07
6.71426e-06
3.4058e-07
7.25971e-06
3.38495e-07
8.10623e-06
7.89532e-08
8.94736e-06
-5.42477e-07
9.88309e-06
1.0806e-05
-1.57415e-06
3.42333e-07
6.37192e-06
6.06001e-07
6.99604e-06
7.43824e-07
7.96841e-06
6.50459e-07
9.04072e-06
2.0165e-07
1.03319e-05
1.1688e-05
-6.8036e-07
4.84082e-07
5.88784e-06
8.69406e-07
6.61072e-06
1.15878e-06
7.67904e-06
1.25699e-06
8.9425e-06
1.01681e-06
1.05721e-05
1.23869e-05
3.17926e-07
6.16383e-07
5.27146e-06
1.12309e-06
6.10401e-06
1.57261e-06
7.22952e-06
1.88631e-06
8.6288e-06
1.89368e-06
1.05647e-05
1.28603e-05
1.42034e-06
7.32549e-07
4.53891e-06
1.35727e-06
5.47928e-06
1.97123e-06
6.61557e-06
2.52152e-06
8.0785e-06
2.81767e-06
1.02686e-05
1.30587e-05
2.6192e-06
8.23653e-07
3.71525e-06
1.55968e-06
4.74326e-06
2.33697e-06
5.83827e-06
3.14022e-06
7.27526e-06
3.76746e-06
9.64133e-06
1.2919e-05
3.90717e-06
8.78009e-07
2.83725e-06
1.71552e-06
3.90575e-06
2.64873e-06
4.90506e-06
3.71363e-06
6.21036e-06
4.71185e-06
8.64311e-06
1.23585e-05
5.27241e-06
8.82135e-07
1.95511e-06
1.80804e-06
2.97985e-06
2.88269e-06
3.83041e-06
4.20602e-06
4.88703e-06
5.60753e-06
7.24159e-06
1.12579e-05
6.70807e-06
8.24791e-07
1.13032e-06
1.82003e-06
1.9846e-06
3.01323e-06
2.63721e-06
4.57083e-06
3.32944e-06
6.3959e-06
5.41651e-06
9.39162e-06
8.2622e-06
6.97329e-07
4.3299e-07
1.72685e-06
9.55078e-07
3.00602e-06
1.35805e-06
4.72357e-06
1.61189e-06
6.99401e-06
3.14607e-06
6.12553e-06
1.02601e-05
4.3299e-07
1.38807e-06
2.74612e-06
4.358e-06
7.50407e-06
1.36296e-05
-6.97959e-06
-1.76735e-05
-1.01658e-05
-1.90677e-05
-1.30125e-05
-1.90056e-05
-1.56961e-05
-1.88697e-05
-1.82926e-05
-1.89519e-05
-2.08444e-05
-1.92146e-05
-2.33686e-05
-1.95941e-05
-2.58715e-05
-2.00427e-05
-2.83554e-05
-2.05311e-05
-3.08208e-05
-2.10434e-05
-3.32671e-05
-2.15725e-05
-3.56931e-05
-2.21135e-05
-3.80975e-05
-2.26621e-05
-4.04787e-05
-2.32146e-05
-4.28353e-05
-2.37684e-05
-4.51656e-05
-2.43221e-05
-4.74684e-05
-2.4876e-05
-4.97429e-05
-2.54316e-05
-5.19887e-05
-2.59908e-05
-5.42059e-05
-2.65545e-05
-5.63948e-05
-2.71224e-05
-5.85556e-05
-2.76939e-05
-6.06893e-05
-2.82708e-05
-2.88583e-05
-6.86125e-06
-1.39884e-05
-1.01597e-05
-1.57692e-05
-1.31121e-05
-1.60532e-05
-1.58785e-05
-1.61032e-05
-1.85454e-05
-1.6285e-05
-2.11592e-05
-1.66008e-05
-2.37404e-05
-1.7013e-05
-2.62971e-05
-1.7486e-05
-2.88325e-05
-1.79957e-05
-3.13472e-05
-1.85287e-05
-3.38409e-05
-1.90788e-05
-3.63127e-05
-1.96417e-05
-3.87614e-05
-2.02134e-05
-4.11856e-05
-2.07905e-05
-4.35837e-05
-2.13704e-05
-4.59541e-05
-2.19517e-05
-4.82957e-05
-2.25343e-05
-5.0608e-05
-2.31194e-05
-5.28908e-05
-2.3708e-05
-5.51445e-05
-2.43008e-05
-5.73695e-05
-2.48974e-05
-5.95662e-05
-2.54972e-05
-6.17355e-05
-2.61015e-05
-2.6714e-05
-7.06033e-06
-1.08481e-05
-1.02278e-05
-1.26018e-05
-1.31835e-05
-1.30974e-05
-1.59883e-05
-1.32985e-05
-1.87012e-05
-1.35721e-05
-2.13603e-05
-1.39416e-05
-2.3985e-05
-1.43883e-05
-2.65837e-05
-1.48872e-05
-2.916e-05
-1.54195e-05
-3.17141e-05
-1.59745e-05
-3.42459e-05
-1.65471e-05
-3.67544e-05
-1.71331e-05
-3.92386e-05
-1.77292e-05
-4.16969e-05
-1.83321e-05
-4.41279e-05
-1.89394e-05
-4.653e-05
-1.95496e-05
-4.89022e-05
-2.01621e-05
-5.1244e-05
-2.07776e-05
-5.35556e-05
-2.13965e-05
-5.58374e-05
-2.20191e-05
-5.80899e-05
-2.26449e-05
-6.03136e-05
-2.32735e-05
-6.25095e-05
-2.39057e-05
-2.45437e-05
-7.27443e-06
-7.97598e-06
-1.02948e-05
-9.58137e-06
-1.32119e-05
-1.01803e-05
-1.60233e-05
-1.04871e-05
-1.876e-05
-1.08354e-05
-2.1448e-05
-1.12536e-05
-2.41028e-05
-1.17335e-05
-2.67317e-05
-1.22583e-05
-2.93377e-05
-1.28136e-05
-3.19209e-05
-1.33912e-05
-3.44809e-05
-1.3987e-05
-3.70168e-05
-1.45973e-05
-3.95272e-05
-1.52188e-05
-4.20108e-05
-1.58485e-05
-4.44659e-05
-1.64842e-05
-4.68912e-05
-1.71243e-05
-4.92855e-05
-1.77678e-05
-5.16485e-05
-1.84146e-05
-5.39803e-05
-1.90646e-05
-5.62817e-05
-1.97177e-05
-5.8553e-05
-2.03735e-05
-6.07949e-05
-2.10316e-05
-6.30083e-05
-2.16923e-05
-2.23564e-05
-7.41242e-06
-5.24656e-06
-1.03099e-05
-6.68389e-06
-1.31764e-05
-7.31385e-06
-1.59754e-05
-7.68804e-06
-1.87184e-05
-8.09249e-06
-2.14206e-05
-8.5514e-06
-2.4093e-05
-9.06105e-06
-2.67409e-05
-9.6104e-06
-2.93659e-05
-1.01886e-05
-3.19678e-05
-1.07893e-05
-3.45459e-05
-1.14089e-05
-3.70991e-05
-1.20441e-05
-3.96263e-05
-1.26916e-05
-4.2126e-05
-1.33488e-05
-4.45965e-05
-1.40137e-05
-4.70362e-05
-1.46845e-05
-4.94441e-05
-1.53599e-05
-5.18197e-05
-1.6039e-05
-5.41634e-05
-1.6721e-05
-5.64756e-05
-1.74055e-05
-5.87571e-05
-1.8092e-05
-6.10083e-05
-1.87804e-05
-6.32302e-05
-1.94703e-05
-2.01614e-05
-7.44246e-06
-2.61298e-06
-1.02446e-05
-3.88178e-06
-1.30594e-05
-4.49904e-06
-1.58352e-05
-4.91223e-06
-1.85716e-05
-5.35609e-06
-2.1276e-05
-5.847e-06
-2.39546e-05
-6.38239e-06
-2.66105e-05
-6.95451e-06
-2.92441e-05
-7.55505e-06
-3.18544e-05
-8.17897e-06
-3.44406e-05
-8.8228e-06
-3.70015e-05
-9.48321e-06
-3.95359e-05
-1.01572e-05
-4.20423e-05
-1.08425e-05
-4.4519e-05
-1.1537e-05
-4.69644e-05
-1.22391e-05
-4.93772e-05
-1.29471e-05
-5.1757e-05
-1.36592e-05
-5.41039e-05
-1.43741e-05
-5.64185e-05
-1.50908e-05
-5.87014e-05
-1.58091e-05
-6.09529e-05
-1.65289e-05
-6.31741e-05
-1.72491e-05
-1.79678e-05
-7.357e-06
-5.94168e-08
-1.00836e-05
-1.15517e-06
-1.28483e-05
-1.73438e-06
-1.55948e-05
-2.16567e-06
-1.83157e-05
-2.63519e-06
-2.10121e-05
-3.15064e-06
-2.36864e-05
-3.70807e-06
-2.63399e-05
-4.30108e-06
-2.89717e-05
-4.92323e-06
-3.15805e-05
-5.57012e-06
-3.41651e-05
-6.23826e-06
-3.67241e-05
-6.92421e-06
-3.92562e-05
-7.62508e-06
-4.176e-05
-8.33866e-06
-4.42338e-05
-9.06322e-06
-4.66759e-05
-9.79705e-06
-4.90849e-05
-1.05381e-05
-5.14601e-05
-1.1284e-05
-5.38015e-05
-1.20327e-05
-5.61097e-05
-1.27827e-05
-5.83851e-05
-1.35337e-05
-6.06284e-05
-1.42856e-05
-6.28404e-05
-1.50371e-05
-1.57847e-05
-7.15657e-06
2.42042e-06
-9.81857e-06
1.50683e-06
-1.2535e-05
9.82104e-07
-1.52489e-05
5.4822e-07
-1.79473e-05
6.3224e-08
-2.06268e-05
-4.71144e-07
-2.32873e-05
-1.0476e-06
-2.59285e-05
-1.6599e-06
-2.85488e-05
-2.30289e-06
-3.11464e-05
-2.97249e-06
-3.37198e-05
-3.66495e-06
-3.62674e-05
-4.37662e-06
-3.87879e-05
-5.10456e-06
-4.12798e-05
-5.84668e-06
-4.37417e-05
-6.60141e-06
-4.61716e-05
-7.36712e-06
-4.85681e-05
-8.14156e-06
-5.09303e-05
-8.92184e-06
-5.32578e-05
-9.70511e-06
-5.55511e-05
-1.04894e-05
-5.78105e-05
-1.12743e-05
-6.00366e-05
-1.20596e-05
-6.22302e-05
-1.28435e-05
-1.36213e-05
-6.84216e-06
4.82834e-06
-9.44479e-06
4.10946e-06
-1.21145e-05
3.65185e-06
-1.47932e-05
3.22693e-06
-1.74636e-05
2.73358e-06
-2.01188e-05
2.18405e-06
-2.27569e-05
1.59051e-06
-2.53768e-05
9.59964e-07
-2.79763e-05
2.96651e-07
-3.05533e-05
-3.95458e-07
-3.3106e-05
-1.11224e-06
-3.56329e-05
-1.84975e-06
-3.81326e-05
-2.60492e-06
-4.06036e-05
-3.37568e-06
-4.30444e-05
-4.16061e-06
-4.54533e-05
-4.9582e-06
-4.78287e-05
-5.76615e-06
-5.01693e-05
-6.5812e-06
-5.24746e-05
-7.39986e-06
-5.47445e-05
-8.21957e-06
-5.69793e-05
-9.03944e-06
-5.91794e-05
-9.85941e-06
-6.13458e-05
-1.06771e-05
-1.14865e-05
-6.41383e-06
7.16262e-06
-8.95929e-06
6.65492e-06
-1.15832e-05
6.27573e-06
-1.42249e-05
5.86866e-06
-1.68628e-05
5.37152e-06
-1.94875e-05
4.80868e-06
-2.20956e-05
4.19866e-06
-2.46858e-05
3.55009e-06
-2.72557e-05
2.86657e-06
-2.98031e-05
2.15196e-06
-3.23261e-05
1.41075e-06
-3.48231e-05
6.47254e-07
-3.72928e-05
-1.35259e-07
-3.97337e-05
-9.34702e-07
-4.21446e-05
-1.74976e-06
-4.45237e-05
-2.57909e-06
-4.68694e-05
-3.42049e-06
-4.918e-05
-4.27053e-06
-5.14546e-05
-5.12524e-06
-5.36928e-05
-5.9814e-06
-5.58946e-05
-6.83768e-06
-5.80602e-05
-7.6938e-06
-6.01905e-05
-8.54679e-06
-9.38927e-06
-5.87099e-06
9.41861e-06
-8.35976e-06
9.14369e-06
-1.09386e-05
8.85454e-06
-1.35423e-05
8.47239e-06
-1.61446e-05
7.9738e-06
-1.87334e-05
7.39752e-06
-2.13049e-05
6.77013e-06
-2.38575e-05
6.1027e-06
-2.63894e-05
5.3985e-06
-2.88985e-05
4.66107e-06
-3.13829e-05
3.89517e-06
-3.38412e-05
3.10547e-06
-3.62719e-05
2.29547e-06
-3.86739e-05
1.46732e-06
-4.10459e-05
6.22273e-07
-4.33865e-05
-2.38553e-07
-4.56938e-05
-1.11317e-06
-4.79661e-05
-1.99823e-06
-5.02019e-05
-2.88945e-06
-5.24002e-05
-3.78307e-06
-5.45607e-05
-4.67719e-06
-5.66833e-05
-5.57123e-06
-5.87685e-05
-6.46155e-06
-7.33788e-06
-5.21258e-06
1.15891e-05
-7.644e-06
1.15751e-05
-1.01791e-05
1.13897e-05
-1.27449e-05
1.10381e-05
-1.53093e-05
1.05382e-05
-1.78581e-05
9.94632e-06
-2.0387e-05
9.299e-06
-2.28949e-05
8.61061e-06
-2.53809e-05
7.88452e-06
-2.78433e-05
7.12351e-06
-3.02806e-05
6.33239e-06
-3.26912e-05
5.51613e-06
-3.50742e-05
4.67845e-06
-3.74285e-05
3.82158e-06
-3.97529e-05
2.9467e-06
-4.20462e-05
2.0547e-06
-4.43066e-05
1.14725e-06
-4.65322e-05
2.27412e-07
-4.87211e-05
-7.00561e-07
-5.08717e-05
-1.6325e-06
-5.29829e-05
-2.56597e-06
-5.5054e-05
-3.50008e-06
-5.70844e-05
-4.43122e-06
-5.33948e-06
-4.43722e-06
1.36647e-05
-6.80993e-06
1.39478e-05
-9.30396e-06
1.38837e-05
-1.1833e-05
1.35671e-05
-1.43584e-05
1.30637e-05
-1.6864e-05
1.24519e-05
-1.93452e-05
1.17802e-05
-2.18019e-05
1.10673e-05
-2.42345e-05
1.03172e-05
-2.66423e-05
9.53123e-06
-2.90239e-05
8.71403e-06
-3.13784e-05
7.87066e-06
-3.3705e-05
7.00501e-06
-3.60027e-05
6.11935e-06
-3.82708e-05
5.21478e-06
-4.05081e-05
4.29196e-06
-4.2713e-05
3.35215e-06
-4.48835e-05
2.39792e-06
-4.70173e-05
1.43322e-06
-4.91121e-05
4.62305e-07
-5.11661e-05
-5.11988e-07
-5.31776e-05
-1.48852e-06
-5.51453e-05
-2.4636e-06
-3.40075e-06
-3.54372e-06
1.56343e-05
-5.85633e-06
1.62604e-05
-8.31257e-06
1.63399e-05
-1.08074e-05
1.6062e-05
-1.32943e-05
1.55506e-05
-1.57545e-05
1.4912e-05
-1.81839e-05
1.42096e-05
-2.05836e-05
1.3467e-05
-2.29558e-05
1.26894e-05
-2.53011e-05
1.18765e-05
-2.76189e-05
1.10318e-05
-2.99088e-05
1.01606e-05
-3.21703e-05
9.26652e-06
-3.44029e-05
8.35193e-06
-3.66059e-05
7.41778e-06
-3.87784e-05
6.46448e-06
-4.09191e-05
5.49281e-06
-4.30258e-05
4.50471e-06
-4.50962e-05
3.50358e-06
-4.71274e-05
2.49346e-06
-4.91167e-05
1.47739e-06
-5.10621e-05
4.56872e-07
-5.29617e-05
-5.64022e-07
-1.53135e-06
-2.53153e-06
1.74854e-05
-4.78308e-06
1.8512e-05
-7.20549e-06
1.87624e-05
-9.6701e-06
1.85266e-05
-1.21202e-05
1.80006e-05
-1.45341e-05
1.7326e-05
-1.69083e-05
1.65838e-05
-1.9246e-05
1.58047e-05
-2.15513e-05
1.49948e-05
-2.38265e-05
1.41517e-05
-2.60725e-05
1.32778e-05
-2.82894e-05
1.23775e-05
-3.04773e-05
1.14545e-05
-3.26361e-05
1.05107e-05
-3.47654e-05
9.54703e-06
-3.68644e-05
8.56354e-06
-3.89322e-05
7.56053e-06
-4.09667e-05
6.53924e-06
-4.29654e-05
5.50229e-06
-4.49252e-05
4.45324e-06
-4.68429e-05
3.3951e-06
-4.87156e-05
2.32965e-06
-5.05411e-05
1.2614e-06
2.60629e-07
-1.40117e-06
1.92045e-05
-3.59148e-06
2.07023e-05
-5.98485e-06
2.11557e-05
-8.42425e-06
2.0966e-05
-1.08405e-05
2.04169e-05
-1.32085e-05
1.9694e-05
-1.55253e-05
1.89005e-05
-1.77964e-05
1.80758e-05
-2.00286e-05
1.7227e-05
-2.22265e-05
1.63496e-05
-2.43927e-05
1.5444e-05
-2.65284e-05
1.45132e-05
-2.86343e-05
1.35604e-05
-3.07108e-05
1.25871e-05
-3.27577e-05
1.15939e-05
-3.47747e-05
1.05806e-05
-3.67609e-05
9.54678e-06
-3.87148e-05
8.49308e-06
-4.06337e-05
7.42123e-06
-4.25145e-05
6.33402e-06
-4.43535e-05
5.23413e-06
-4.61473e-05
4.12344e-06
-4.78927e-05
3.00674e-06
1.96777e-06
-1.52588e-07
2.07775e-05
-2.28533e-06
2.2835e-05
-4.65533e-06
2.35257e-05
-7.07538e-06
2.3386e-05
-9.46174e-06
2.28033e-05
-1.1785e-05
2.20173e-05
-1.40426e-05
2.11582e-05
-1.62431e-05
2.02762e-05
-1.83963e-05
1.93802e-05
-2.051e-05
1.84633e-05
-2.25888e-05
1.75227e-05
-2.46351e-05
1.65596e-05
-2.66507e-05
1.55759e-05
-2.86362e-05
1.45727e-05
-3.05923e-05
1.355e-05
-3.25189e-05
1.25071e-05
-3.44153e-05
1.14432e-05
-3.62802e-05
1.0358e-05
-3.81114e-05
9.25242e-06
-3.99056e-05
8.12825e-06
-4.16591e-05
6.98756e-06
-4.33676e-05
5.83198e-06
-4.50271e-05
4.66625e-06
3.5831e-06
1.20219e-06
2.21945e-05
-8.73559e-07
2.49108e-05
-3.22563e-06
2.58778e-05
-5.63222e-06
2.57926e-05
-7.99256e-06
2.51636e-05
-1.02722e-05
2.42969e-05
-1.24694e-05
2.33554e-05
-1.45957e-05
2.24025e-05
-1.66644e-05
2.14489e-05
-1.86871e-05
2.0486e-05
-2.06709e-05
1.95065e-05
-2.26199e-05
1.85086e-05
-2.45367e-05
1.74928e-05
-2.64231e-05
1.64591e-05
-2.828e-05
1.54069e-05
-3.01077e-05
1.43349e-05
-3.19061e-05
1.32416e-05
-3.36742e-05
1.21261e-05
-3.54099e-05
1.09881e-05
-3.71101e-05
9.82851e-06
-3.8771e-05
8.64846e-06
-4.0388e-05
7.44898e-06
-4.1956e-05
6.23421e-06
5.10018e-06
2.65727e-06
2.34444e-05
6.28672e-07
2.69394e-05
-1.71092e-06
2.82174e-05
-4.10799e-06
2.81897e-05
-6.44477e-06
2.75004e-05
-8.68136e-06
2.65335e-05
-1.08164e-05
2.54904e-05
-1.28648e-05
2.44508e-05
-1.48438e-05
2.3428e-05
-1.6769e-05
2.24112e-05
-1.86503e-05
2.13878e-05
-2.0494e-05
2.03523e-05
-2.2304e-05
1.93028e-05
-2.40829e-05
1.8238e-05
-2.58323e-05
1.71563e-05
-2.75531e-05
1.60557e-05
-2.92455e-05
1.4934e-05
-3.09089e-05
1.37894e-05
-3.25415e-05
1.26207e-05
-3.41405e-05
1.14275e-05
-3.57021e-05
1.021e-05
-3.72212e-05
8.96815e-06
-3.86919e-05
7.70489e-06
6.51318e-06
4.19044e-06
2.45263e-05
2.19494e-06
2.89349e-05
-1.33763e-07
3.05461e-05
-2.52161e-06
3.05775e-05
-4.83385e-06
2.98126e-05
-7.0257e-06
2.87254e-05
-9.0959e-06
2.75606e-05
-1.10623e-05
2.64171e-05
-1.29465e-05
2.53122e-05
-1.47677e-05
2.42324e-05
-1.65393e-05
2.31594e-05
-1.82699e-05
2.20829e-05
-1.99649e-05
2.09978e-05
-2.16282e-05
1.99012e-05
-2.3262e-05
1.87901e-05
-2.48679e-05
1.76616e-05
-2.64465e-05
1.65126e-05
-2.79975e-05
1.53405e-05
-2.95197e-05
1.41429e-05
-3.10105e-05
1.29183e-05
-3.2466e-05
1.16655e-05
-3.38811e-05
1.03833e-05
-3.52487e-05
9.07252e-06
7.81684e-06
5.76824e-06
2.54662e-05
3.78324e-06
3.09199e-05
1.4681e-06
3.28612e-05
-8.99802e-07
3.29454e-05
-3.1801e-06
3.20929e-05
-5.32155e-06
3.08668e-05
-7.32195e-06
2.9561e-05
-9.20129e-06
2.82965e-05
-1.0985e-05
2.70959e-05
-1.26958e-05
2.59432e-05
-1.43506e-05
2.48142e-05
-1.59605e-05
2.36928e-05
-1.75328e-05
2.25701e-05
-1.90724e-05
2.14408e-05
-2.05827e-05
2.03004e-05
-2.20658e-05
1.91447e-05
-2.35229e-05
1.79697e-05
-2.49542e-05
1.67718e-05
-2.63588e-05
1.55475e-05
-2.77345e-05
1.4294e-05
-2.90775e-05
1.30085e-05
-3.03825e-05
1.16883e-05
-3.16414e-05
1.03314e-05
9.00644e-06
7.33128e-06
2.63971e-05
5.32952e-06
3.29216e-05
3.04755e-06
3.51432e-05
7.21213e-07
3.52718e-05
-1.50987e-06
3.4324e-05
-3.58868e-06
3.29456e-05
-5.51061e-06
3.1483e-05
-7.29604e-06
3.00819e-05
-8.97279e-06
2.87726e-05
-1.05666e-05
2.7537e-05
-1.20975e-05
2.63452e-05
-1.35794e-05
2.51747e-05
-1.50214e-05
2.40122e-05
-1.64298e-05
2.28492e-05
-1.78089e-05
2.16794e-05
-1.91615e-05
2.04973e-05
-2.04896e-05
1.92978e-05
-2.17939e-05
1.80761e-05
-2.3074e-05
1.68276e-05
-2.4328e-05
1.5548e-05
-2.55523e-05
1.42329e-05
-2.67414e-05
1.28773e-05
-2.7886e-05
1.1476e-05
1.00777e-05
8.77677e-06
2.78804e-05
6.74698e-06
3.49514e-05
4.53491e-06
3.73553e-05
2.29116e-06
3.75155e-05
1.42499e-07
3.64727e-05
-1.85074e-06
3.49389e-05
-3.67974e-06
3.3312e-05
-5.36144e-06
3.17636e-05
-6.9235e-06
3.03347e-05
-8.39334e-06
2.90068e-05
-9.79369e-06
2.77455e-05
-1.11407e-05
2.65217e-05
-1.24455e-05
2.53169e-05
-1.37154e-05
2.41192e-05
-1.4956e-05
2.29199e-05
-1.61709e-05
2.17122e-05
-1.73627e-05
2.04896e-05
-1.85329e-05
1.92463e-05
-1.96815e-05
1.79762e-05
-2.08072e-05
1.66737e-05
-2.19068e-05
1.53324e-05
-2.29743e-05
1.39449e-05
-2.39994e-05
1.2501e-05
1.10269e-05
1.03911e-05
8.0519e-06
5.85479e-06
3.75069e-06
1.73924e-06
-1.35136e-07
-1.84863e-06
-3.4129e-06
-4.85084e-06
-6.18953e-06
-7.45283e-06
-8.65873e-06
-9.81984e-06
-1.0945e-05
-1.20404e-05
-1.31108e-05
-1.41594e-05
-1.51884e-05
-1.61986e-05
-1.71894e-05
-1.81581e-05
-1.90988e-05
-1.99996e-05
)
;

boundaryField
{
    rotor
    {
        type            calculated;
        value           nonuniform List<scalar> 
144
(
0
-2.11758e-22
0
-4.23516e-22
0
4.23516e-22
-1.16969e-24
-2.52658e-24
3.636e-25
1.28431e-25
-2.34462e-25
-3.40889e-25
1.51857e-25
-1.28278e-24
-2.32393e-24
3.6599e-24
1.22886e-24
2.66723e-24
9.99947e-25
-1.60589e-24
-1.43414e-24
-3.02883e-24
-7.71949e-24
1.76523e-24
-1.25422e-24
-5.08224e-24
4.59836e-24
3.96728e-24
3.06618e-24
-2.14035e-24
2.11758e-22
0
-4.23516e-22
-4.23516e-22
0
0
0
0
0
-4.23516e-22
-4.23516e-22
0
-1.7723e-24
-2.52658e-24
3.636e-25
1.28431e-25
-2.34462e-25
-3.40889e-25
1.51857e-25
-1.28278e-24
-2.32393e-24
3.6599e-24
1.22886e-24
2.66723e-24
9.99947e-25
-1.60589e-24
-1.43414e-24
-3.02883e-24
-7.71949e-24
1.76523e-24
-1.25422e-24
-5.08224e-24
4.59836e-24
3.96728e-24
3.06618e-24
-3.11112e-24
-2.11758e-22
2.11758e-22
-2.11758e-22
-4.23516e-22
0
-4.23516e-22
2.11758e-22
0
-4.23516e-22
0
0
4.23516e-22
1.36315e-25
-2.52658e-24
3.636e-25
1.28431e-25
-2.34462e-25
-3.40889e-25
1.51857e-25
-1.28278e-24
-2.32393e-24
3.6599e-24
1.22886e-24
2.66723e-24
9.99947e-25
-1.60589e-24
-1.43414e-24
-3.02883e-24
-7.71949e-24
1.76523e-24
-1.25422e-24
-5.08224e-24
4.59836e-24
3.96728e-24
3.06618e-24
3.05255e-24
0
0
0
4.23516e-22
0
0
2.11758e-22
0
-2.11758e-22
0
0
4.23516e-22
3.56835e-25
-2.52658e-24
3.636e-25
1.28431e-25
-2.34462e-25
-3.40889e-25
1.51857e-25
-1.28278e-24
-2.32393e-24
3.6599e-24
1.22886e-24
2.66723e-24
9.99947e-25
-1.60589e-24
-1.43414e-24
-3.02883e-24
-7.71949e-24
1.76523e-24
-1.25422e-24
-5.08224e-24
4.59836e-24
3.96728e-24
3.06618e-24
-9.75931e-25
0
-2.11758e-22
2.11758e-22
0
0
4.23516e-22
)
;
    }
    freestream
    {
        type            calculated;
        value           nonuniform List<scalar> 
96
(
-1.66002e-05
-1.22997e-05
-7.9463e-06
-3.59015e-06
6.45098e-07
4.74119e-06
8.89751e-06
1.30527e-05
1.71708e-05
2.12335e-05
2.52279e-05
2.91445e-05
3.2979e-05
3.67331e-05
4.04162e-05
4.40468e-05
4.76535e-05
5.12749e-05
5.49426e-05
5.86493e-05
6.22714e-05
6.53479e-05
6.66707e-05
6.4187e-05
5.6698e-05
4.64295e-05
3.68069e-05
3.00226e-05
2.74985e-05
2.80855e-05
3.22409e-05
3.91558e-05
4.79833e-05
5.78916e-05
6.74728e-05
7.2887e-05
7.28046e-05
7.03858e-05
6.65455e-05
6.19827e-05
5.73034e-05
5.27531e-05
4.83501e-05
4.3987e-05
3.96289e-05
3.52698e-05
3.08941e-05
2.64939e-05
2.20689e-05
1.7623e-05
1.31637e-05
8.69903e-06
4.23573e-06
-1.48269e-07
-4.545e-06
-9.08608e-06
-1.35701e-05
-1.7961e-05
-2.22401e-05
-2.63922e-05
-3.04028e-05
-3.42574e-05
-3.7942e-05
-4.14431e-05
-4.47477e-05
-4.78435e-05
-5.07189e-05
-5.3363e-05
-5.57659e-05
-5.79169e-05
-5.98108e-05
-6.14405e-05
-6.27987e-05
-6.38798e-05
-6.46798e-05
-6.51956e-05
-6.54252e-05
-6.53678e-05
-6.50235e-05
-6.43936e-05
-6.34805e-05
-6.22878e-05
-6.08199e-05
-5.90828e-05
-5.7084e-05
-5.48311e-05
-5.2333e-05
-4.95998e-05
-4.66424e-05
-4.34731e-05
-4.01049e-05
-3.65524e-05
-3.2831e-05
-2.89573e-05
-2.49486e-05
-2.08232e-05
)
;
    }
    frontAndBack
    {
        type            empty;
    }
}


// ************************************************************************* //
