/*--------------------------------*- C++ -*----------------------------------*  =========                 |
  \      /  F ield         | OpenFOAM: The Open Source CFD Toolbox
   \    /   O peration     | Website:  https://openfoam.org
    \  /    A nd           | Version:  11
     \/     M anipulation  |
\*---------------------------------------------------------------------------*/
FoamFile
{
    format      ascii;
    class       volScalarField;
    object      U;
}
// * * * * * * * * * * * * * * * * * * * * * * * * * * * * * * * * * * * * * //

dimensions      [0 1 -1 0 0 0 0];

internalField   nonuniform List<scalar> 
2880
( 
0.09573342326741764
0.18922005638882503
0.25108293074276394
0.24518334161473856
0.35629288751033367
0.5332801567324155
0.12658236619427451
0.2091937291546656
0.2693919704909797
0.2644231733333972
0.353803264608844
0.5568306989325388
0.13744251364024435
0.2053159026908974
0.26254196397803653
0.27690353566497183
0.39382153467075887
0.6617411605976127
0.14928681326119994
0.20893623288205226
0.25440503856646113
0.29321803082763787
0.46542268961886046
0.7465572841707644
0.16316927735397888
0.208772977771008
0.25840061752509413
0.3227438336104292
0.5280239664465252
0.7947911400811081
0.18168363787966363
0.21005056312253612
0.2574943274844352
0.355154588689373
0.5773459564454775
0.8406492980481244
0.19180503431632
0.21815068845105162
0.26626944498245964
0.3879844285864656
0.6236463477844714
0.8927240606184641
0.20340025106214218
0.22138219391363506
0.27520869268029774
0.4143727006633764
0.6503734413348082
0.8839215315625665
0.21569383028743772
0.22543388906626805
0.2786592962698993
0.4326550470039292
0.6865137033062965
0.9456176908045923
0.22280114171759696
0.2272996591714606
0.28002988831441344
0.45502034086888354
0.6921079945198508
0.9568868213411366
0.23340601564480115
0.23172599032112925
0.28917923369518606
0.4701133241916864
0.6864349448143592
0.9339793518137761
0.2329767929234247
0.23075388921151627
0.3062250078421103
0.4530614664047774
0.6929110766426352
0.9369767730220306
0.22550791960941186
0.24055553567224056
0.30757581516910143
0.4661766848280083
0.6854875174248177
0.8724028502064742
0.22913107061276686
0.23880657125555182
0.30812606374330587
0.47681897281466895
0.6907327712645692
0.8849471303552314
0.22478121808445434
0.23813963047586537
0.3136353677849122
0.4585667514171811
0.6576140182392558
0.8560692468629121
0.22604123817232924
0.237933069772531
0.31264065553341114
0.4448096308955849
0.62370718879793
0.8453424314911064
0.21930776421647785
0.24016447479039585
0.31292225786271477
0.4411547450634852
0.6083536957252706
0.8282367937744963
0.2115924810309675
0.24699287422450025
0.3061113537444001
0.4309667302181504
0.6000401261836394
0.7784913793829411
0.18971574141920516
0.24420057371112497
0.3137018287284428
0.4069522920591246
0.5730906595658677
0.748939636942407
0.18064538282953221
0.24649986291243758
0.3123288165663057
0.3959469244934793
0.5414822222557856
0.7075889311108948
0.1633376057363721
0.24093011390162908
0.3056486365037706
0.383051889133466
0.5061372042834545
0.6666728112411173
0.1448568946436303
0.2352634851608646
0.30695134811523767
0.3749936207129581
0.4791101221016012
0.6262785402375461
0.1278877385297316
0.22132093326666777
0.30780511892898615
0.3653903590415297
0.4592877676634368
0.5811680981201771
0.0893186319688829
0.18818149965858672
0.28973933109872435
0.3579469804500685
0.46113745447951593
0.5685446427440941
0.8432553039366285
0.8237325723449072
0.821789890943458
0.7810774759776082
0.8109613852906494
0.8128541749678009
0.8514584739702282
0.8573844283197811
0.8858593652722757
0.9166667781134905
0.9407334553936846
0.9585936165198115
0.9782605702846643
0.9936911033279581
0.9915122365695764
1.001411455364908
1.0036555972311827
1.0087315711451228
1.0002799249992422
1.0089817322629695
1.0020162729633457
1.003993171548426
1.0030274340455507
0.9953083022709505
0.9575312193565175
0.9074232325974718
0.835140497980771
0.7942058127831506
0.8003372992571596
0.8280688462635228
0.8390441339424483
0.8655487525047428
0.8920411222619635
0.9214577934165746
0.957457571627673
0.9769280759254798
0.9892660534099809
0.9955441018714232
1.0070898608533487
1.0009283406001035
1.0112131041213237
1.0097378350140278
1.0079635409553567
1.0075470527105397
1.0020126576279038
0.9997354736726769
0.9953983299568705
0.990176453022159
1.021937139228947
0.9145174372349671
0.8422846721983411
0.8323420416951419
0.8477547577715125
0.8345817816088801
0.8734605107703959
0.8829259603439901
0.9175800026037984
0.9354043634877922
0.9657522264732005
0.9776182110115414
0.9965861828068925
0.999982253732182
1.002431687550271
0.9990159903332428
1.0070450256814065
1.010402117589772
1.0019776126418776
1.0012539293720344
1.0040326505625634
0.9933430595517629
0.9925553493437388
0.9872625063040971
1.103100119254473
1.0022455713253946
0.8895416279214046
0.8702583925792121
0.8507711788849034
0.8113325587004776
0.8556274916200902
0.8719887855548453
0.9101116428945779
0.9536899861436414
0.9745433355046733
0.974718782931147
0.9878387872729519
0.997619983023474
0.998428428741124
0.9956663227288118
1.002282288060849
1.0118325214200263
0.9943357156999026
1.0020223769266898
0.9990439416976151
0.9931072117634081
0.9878314272235683
0.9816269270817097
1.040780460016348
1.0594157400385917
0.9062923885290558
0.8762553756589088
0.8711017045716403
0.8314511655275476
0.8710071519318252
0.896816464537881
0.9242180159995376
0.9485268684982938
0.9813627260956749
0.9757461030406013
0.9945791446147005
0.9963733398696651
1.008589079128328
1.0010382941041691
1.0022760233994188
1.0036650628163886
0.9971101548692469
0.9926778731006017
0.9961447508757703
0.9903927450112806
0.9854854387549722
0.9757294164497933
1.1028695935264756
1.1081165821602583
0.980719455482609
0.886649215580041
0.8809596372014329
0.84608974092024
0.8565905812097917
0.898606078839177
0.9337527556633153
0.9456163289345771
0.9628951218219004
0.9893634306009869
0.9910779161187857
0.9955892843555744
1.0018127410828945
1.003093942835822
1.0038333549158616
1.0004882583919363
1.001658489158274
0.9934728478816711
0.9887026837196812
0.9876571028435558
0.9806484374363059
0.9769940040890739
1.1616153128150695
1.1199129509015977
1.0037697212755379
0.892639379351186
0.8534321905923377
0.8899338410716479
0.9072179026883691
0.8993911625326886
0.9346608228956218
0.9655283751654042
0.9839348075142906
0.9849441253459639
0.9945031237683948
0.9923266637255438
1.0028033674383632
1.0050750517891605
1.0055860894993884
0.9998437445262591
0.9930023025537289
0.9917530048234088
0.9878956288038935
0.9838876460908453
0.9747215000042475
0.9721034307451386
1.1290451909263686
1.1593144616542364
1.0470601728086957
0.9569654528832835
0.893525957163688
0.8888359320053182
0.903330933722081
0.925088572172029
0.9371126730972088
0.9556750410817507
0.968550162680742
0.9807539753088621
0.9834403595178673
0.9917215556007192
0.9982193396635903
0.9967179836062035
1.0040883286408386
0.9919626123419331
0.9896573597805249
0.9879239122747895
0.9840584989995721
0.9852635359423456
0.9761975572561428
0.9691512405198862
1.1186142852762542
1.1790844475058035
1.1247744440604932
1.0434761628577793
0.976762607557534
0.9435054295217842
0.9203717158838927
0.9498727631870294
0.9499953765781108
0.951960349186238
0.9648655548121566
0.9830275135232265
0.9801144135346036
0.9896414370154012
0.9895183305447925
0.9975589343218474
0.988984043019217
0.9902156805895423
0.9943989647552615
0.9896615416617236
0.99021406653754
0.9846802079970877
0.9725648309782933
0.9661685746104809
1.0931057612105244
1.1925533521948861
1.1755245074938712
1.0782226739536613
1.0151103419769585
0.9903446652017264
0.9443535346992605
0.9449972505497231
0.936561594395342
0.9570053803181995
0.97005402815839
0.9855368300722673
0.9839094064009761
0.9944896794565321
0.9987843968893707
0.9888969471533448
0.9976933819279261
0.9887542259983471
0.9914432985489738
0.9898061932218228
0.9866598910422162
0.9818067385741587
0.9733042479175219
0.9669749028366869
1.1240671934522526
1.2470627508103367
1.194066342485696
1.15624996467448
1.0853388798862982
1.027119540275295
1.0178856955132745
0.9892417063952744
0.9680487794367006
0.9840391890421991
0.9691801036340575
0.9745242269486889
0.9817144405433448
0.9803125576459274
0.991495926354861
0.9848318984546305
0.9912602790753544
1.0025256737096193
0.9956215867366119
0.9891845689504721
0.9881661733702174
0.9781506533448969
0.9742872384085325
0.9614300717737629
1.0981134767006147
1.2309277939679366
1.2598477060694266
1.2161636239577776
1.1572945217085437
1.0821402108822977
1.0603616213117755
1.0294560532553967
1.0135499761910804
0.9952587342751135
0.9791988044688694
0.9675334699569026
0.9812744059851319
0.9941746810715716
1.0015407096258075
0.998397898652577
0.9904879923321247
0.993847650625461
0.995082171137279
0.9955089444079777
0.9815318916816639
0.9821122598067528
0.9744294876216094
0.9630695648314506
1.0946012110825967
1.231651361705273
1.2683839067981366
1.2579881464278642
1.1987143929032016
1.1438515545728405
1.108157430024491
1.05960541130288
1.0407698558876508
0.9978948119852967
0.9946578074403813
1.0042008217907707
0.9936317997658388
0.9941064804539412
0.992776470415119
0.998023501196312
1.0023431492505348
1.0006107908230428
0.9907548551247818
1.0022494558510489
0.9928134600275389
0.9834193175989377
0.9783390429764869
0.9678253517270607
1.1308675452141275
1.2578783038458246
1.3136723065744755
1.3132976195163142
1.274551195094899
1.224709899394999
1.1824312825826435
1.1235790011175468
1.0646606127601168
1.050993529261108
1.0405063175435603
1.030698583670537
1.0113968227929302
1.016488471518518
1.0081457584592406
1.0067964018838549
1.0104339382790457
1.0063180133958822
1.004683268180107
1.0008668052379384
0.9933961559874812
0.9898105233951641
0.9763030280467715
0.9736821013232883
1.0789930440950881
1.3234218686333028
1.379127142324395
1.3928132331215841
1.3542079366661202
1.3099394038595666
1.235296890080551
1.1502504581429653
1.1284193160067755
1.0855426379828403
1.0495125116406092
1.0639098510034488
1.0453500517567225
1.0399256762061777
1.0320734959412534
1.028041473934113
1.0143477974317283
1.0223113490538436
1.0071348922960275
1.0144142503927738
1.0075049254946504
0.9960203980056059
0.9852897680135886
0.9727557923780448
1.03510782453333
1.2630222564176454
1.4027859800594704
1.435509004467973
1.4189276871692704
1.361833457243756
1.29303198754925
1.2398005244724255
1.1919337193270945
1.1492214855505674
1.121997710087697
1.0913503614737579
1.070394485792548
1.0673445219215094
1.0569168816070011
1.0542471092412848
1.0493603357529495
1.0447578167552762
1.0363692202032546
1.0252398195126236
1.014650062802109
1.0078744451174244
0.9868940832436396
0.9770916156717541
1.0049716836586464
1.2205575190909426
1.4050809212435709
1.4830996712755402
1.447289964977025
1.4309963374985188
1.3706055364391736
1.3114133882491186
1.2524328300273369
1.22269622012894
1.1697745959803452
1.144872893893741
1.1258399749965375
1.1077027397981543
1.086006365844133
1.0909955783594687
1.0646618627157807
1.067195472217281
1.0583669111330607
1.0415241415696943
1.03167910584793
1.0165680251661648
0.9986232989893526
0.9830157983000595
1.0190670276462024
1.2098922991253378
1.4108723591548378
1.4725157073673154
1.485440194454453
1.4477263388175197
1.426519398889115
1.3662820046617326
1.3246950279465572
1.272156247490014
1.2374084346865115
1.2030122118452897
1.1860449187397872
1.1511583061312816
1.1463462173814616
1.1261784234615455
1.1199858172093857
1.0953036111651666
1.0902480291931784
1.07764601428228
1.059194117807155
1.0407467973371194
1.014512936488691
0.9923187993920481
0.9876800214097878
1.2576568507371861
1.388335540030253
1.485601773400742
1.481692772433053
1.496761201812404
1.4563569254512638
1.4242727380220594
1.3860382467568262
1.332145531768245
1.3043208488379698
1.275104578750234
1.245144030646791
1.225930729901765
1.184120684047696
1.1832849321849916
1.1658792489579504
1.1427777197130284
1.1251461885667797
1.1149921329134798
1.0944410838743424
1.067088914257389
1.0418557608862005
1.0100369079727278
0.9677322528758459
1.2265751389817814
1.387448509865496
1.4865569001843262
1.4881338439228184
1.4896440060798333
1.4987576135690224
1.4640192310786877
1.456193843685349
1.387568147945507
1.3742495307385179
1.3455036073002744
1.3097430686866034
1.3054669652148427
1.2531118461593185
1.2338340411764035
1.2217238276565263
1.196396617943769
1.1809677603113018
1.1580335456983835
1.134983774368867
1.1131659448878943
1.0811211299144374
1.0408513676619289
0.9793460017353719
1.2303167697122306
1.3985360141305128
1.466321153643177
1.4909979416314876
1.5140422603909764
1.4893738975676674
1.4921067258325202
1.4801936937444993
1.43624048790342
1.4050690117770384
1.3993664973645044
1.3788904311162509
1.3624282249142043
1.327530231095447
1.3126028742801146
1.284174203194087
1.257451196283418
1.2295920568753065
1.2164295725233705
1.187556974255305
1.1512311062516676
1.1151936275343675
1.0853720996283776
0.9729743416857797
1.2240205325618034
1.3826802671570988
1.4491838319904866
1.4966346111637516
1.5091821790467947
1.4963697031320065
1.4880840170667295
1.494649932411089
1.5130908159830696
1.479702651011324
1.453827917880283
1.4174700606638713
1.420264992542714
1.3948300960797817
1.3651220731088913
1.3495047367642596
1.327651162944356
1.3114609051793047
1.279844140002108
1.2529972600218138
1.2088228734983981
1.1800998816461123
1.1402410524333861
1.0121089011114104
1.1966102358089146
1.3399606240521897
1.428081525671046
1.455794673089919
1.4913500710005523
1.5361145566827799
1.5258041315548896
1.5237985697288408
1.517629259952756
1.5019596114796958
1.504936006223734
1.4964853883679805
1.4927997733228415
1.480214001326493
1.4516533543062526
1.4016901650356124
1.3847644375588912
1.3720943552977023
1.333109395524248
1.3005195934200477
1.274906884546139
1.2368149637258519
1.198519929294653
1.0623851024029307
1.2125521916030622
1.3143220571083267
1.3775947232591368
1.4541478589923134
1.4904140502022378
1.5244279072128588
1.535737711595456
1.542761872132215
1.5471417540075139
1.5898288012265769
1.5677826783468982
1.5737507099454757
1.5704192497009353
1.5380550451534627
1.4947241918964185
1.4683603805948984
1.452383592563779
1.454074143548731
1.404851710885536
1.3475917271525955
1.3403910266732126
1.306109910126403
1.252409113710324
0.05791665011383258
0.08937572128113555
0.13234322762021
0.18095059075179326
0.2791524950857952
0.37417469329841635
0.06428439600021536
0.0900615476944568
0.13590852685641652
0.17679018905369598
0.27055583500694946
0.3361357957483008
0.06492144813303839
0.09270289964958027
0.12821411458811713
0.17845334553543826
0.24602484527765084
0.3215652200058654
0.06656999919976694
0.08503231750756214
0.13155717831566516
0.17657797408754883
0.2366412224942081
0.30523036370556994
0.07032087316642335
0.08746977859201566
0.12425648114654263
0.15408208858357894
0.20867859762435015
0.271990891565418
0.0709008491567376
0.08238851130543166
0.11258713872440292
0.15228466349489395
0.19176084712250596
0.25025847371612997
0.07252390863581114
0.08307385496408663
0.1088135211797838
0.13929947579234064
0.16714006940158982
0.21971580967505172
0.0682936773036115
0.07136972492246686
0.09648257834115143
0.1305613300585682
0.15520658155423958
0.21869443367559074
0.06439496476074198
0.07726730432552263
0.09473129673955394
0.11601686076016726
0.16431100534863974
0.19340693691067612
0.06897425516097615
0.07765612282373478
0.09390224921962906
0.11820263206582263
0.1704520872462592
0.19135042120138626
0.06970255273316023
0.06851001555654157
0.09324884157323182
0.11584030041460294
0.15149123267434025
0.18389991013492782
0.06430771358813406
0.08120980823726248
0.0919472447835708
0.1236494976818501
0.166618065103463
0.22336579764878264
0.06228506332569207
0.07112555661324682
0.0939893470735031
0.12884483731897034
0.1795678329974174
0.23339676737076218
0.06441395596186629
0.07002048309681105
0.09461556216376166
0.1404259377787698
0.19097677299788537
0.23412540369451493
0.0670657121272144
0.08147014031768897
0.10234823685798389
0.13593393086930705
0.20931255275559071
0.2696825996574278
0.060466113531299784
0.08656316169681079
0.09947760621754168
0.1498586273211663
0.19780769454923458
0.27217102668573556
0.05771619040580264
0.08356630961395235
0.11056807419757153
0.15553504819249137
0.21204968520630016
0.27697350388741354
0.050247387702847104
0.08765473858842952
0.11838519130054434
0.1527673983712577
0.22097396404767045
0.2885281580118314
0.050550980348515254
0.09364987581162783
0.10983733619886596
0.15145644092576027
0.20831386157252144
0.2876827463901129
0.05043700807925933
0.08072957372704176
0.1073617321119967
0.16012098522351967
0.2256540937591756
0.28779650561932735
0.04184159483982047
0.08200583998431678
0.11669019875941848
0.16005033562419552
0.19351402478996196
0.28682356574404577
0.043275670409624205
0.08044575748188726
0.11200585457159903
0.14942236017470634
0.18475484306767676
0.2738256278692527
0.038104390307327304
0.07407731832387057
0.11293155120851818
0.14535373280494038
0.16359693950458984
0.27438559834465814
0.04241252908833215
0.0753436550708849
0.11142796548728107
0.15106928155615781
0.15833695791484173
0.2836321451614986
0.9297543703254703
1.1669234195747553
1.262698165474017
1.3955154111108898
1.4240476481833717
1.4835063390102432
1.5264078525737725
1.5295480305472695
1.5521089700802322
1.5813527958789575
1.604478113784222
1.6062075807516978
1.6080004697449626
1.5990827554650588
1.6097704112625173
1.558897348571586
1.5140016214154977
1.5326471049215802
1.5073243567205543
1.4585351277392475
1.436194672083801
1.3869465365208462
1.3513129764810905
1.3086287734369502
0.6747891116374388
1.012055424677256
1.1847214779641175
1.304913945100161
1.3856721873783837
1.475531191921036
1.465999611246065
1.5387837751348434
1.5525753136924134
1.5435396164804844
1.6162396815404665
1.6633880121552582
1.607695706833789
1.6302153391851242
1.6147196299487256
1.589619147058976
1.5498722592069392
1.5239485204747563
1.531926404088244
1.4700808140967627
1.4453325077030195
1.4145668748314266
1.4039847244964736
1.3397838871252743
0.5490692076544298
0.8406678927916486
1.0743883238940546
1.211480668550999
1.346763075704732
1.3724978581791274
1.4769638905736193
1.490353788876671
1.555321818450954
1.589124573654841
1.6140249269673839
1.6491899592309034
1.6230396559181313
1.600578829963559
1.6328536773631952
1.593836607812251
1.5732582001014155
1.5369431259332282
1.5255824776888656
1.4579420366984754
1.447802107020716
1.459422893093549
1.394200750852962
1.3522352032801102
0.445787040021066
0.6939380107211038
0.9104539703208175
1.0969291492121487
1.2160544181737678
1.3151522366445936
1.4316010715565346
1.4755131781546376
1.5525910988646523
1.5754374725930214
1.596820405324876
1.6088175584968325
1.613371404527415
1.610459745271216
1.5754892980119568
1.5873604660980962
1.5534185862645056
1.516050963125736
1.4686924399479764
1.4402493716710159
1.4099920417151925
1.4090143644229691
1.3660607074483768
1.3567317437735797
0.37438486715061225
0.5779125348496345
0.7612079119516167
0.9546753211584271
1.127812317814615
1.2385062464996726
1.288936307447968
1.3910689443294846
1.4135042342238233
1.4708540146701226
1.5051647665333294
1.5002069481618223
1.5291410693070926
1.5071482305109543
1.4823264267843643
1.4848224914078783
1.4450144813116013
1.457838652750436
1.4036155787829643
1.3975959714581974
1.3721669634815041
1.3541947508359344
1.342350113918826
1.3037090692832973
0.304202846108759
0.4450385937107326
0.6731839114292048
0.8266635332847517
0.9610481025216657
1.107031451385065
1.1774151338107326
1.285560373195993
1.3495395562836054
1.3321952597570421
1.3824685743987373
1.3814800369604052
1.3565716674549138
1.3938393225413614
1.3691051071434348
1.3781891098419388
1.3622118211371763
1.361943785180006
1.3003056997290798
1.2994245751839615
1.2988554216584778
1.2939294143642546
1.2599928936790357
1.216135470943896
0.3211337535685119
0.4299881244225201
0.5767750775660001
0.6975985697097944
0.8729957740299925
1.0257920222960282
1.0811286534412048
1.1004849172308375
1.1685797819503123
1.1638297469028187
1.2404759392831883
1.2181578493701368
1.239314321513552
1.2073164565534238
1.2373874130257865
1.2230854816709857
1.2490247992206285
1.2176657279655958
1.1841480240926845
1.2199173997548667
1.1857316341519621
1.1603919716565665
1.1536910477918012
1.1341816400846658
0.24882837752376635
0.4007961361081725
0.5326485910336083
0.658619892954224
0.7941649786526118
0.888678452093237
0.9184182612947076
0.9719052113033999
0.948680123618686
1.0056157529461252
1.051539922874103
1.0218313324597046
1.060356310471868
1.08719688824871
1.070898177083984
1.073184217263377
1.0698305012877782
1.0923068020600708
1.0794005605433215
1.0834727213187922
1.0495374056481772
1.0493542604435768
1.0345790365820846
1.023037915638998
0.2686970945558115
0.32862599199328385
0.48784160101051455
0.5972472649742859
0.7031507760951881
0.7614874264727929
0.736317525751247
0.774071399041018
0.8272633684183773
0.8171101953537107
0.845668563488651
0.8693098824779292
0.85828304374742
0.8955139593780296
0.9117119815302996
0.9263812191558979
0.9320532890066665
0.9495641865941141
0.9328887889222414
0.9498344523103687
0.9423807126732849
0.94076623122536
0.9375155154633946
0.9212102398479041
0.2659384615060841
0.3265878659639072
0.46206763398828843
0.576563968357515
0.5906853410563471
0.6016093240792729
0.6149648672533464
0.593433990677398
0.6385363061222218
0.674981157147499
0.7162746290632477
0.7254341377343096
0.72606085225314
0.7593047469159668
0.8136349007533176
0.800215705642553
0.8230313718685289
0.8282858967077262
0.8302942299431291
0.8368410483677187
0.8490794334590676
0.8413249193956607
0.8408009310186791
0.8245852520156385
0.2449601435996249
0.37158796299122526
0.431800238207913
0.48795172168289286
0.4610994662502185
0.4346442331594257
0.4519004053286066
0.44880198200696536
0.5110050455138732
0.5095753998279859
0.5693497707771493
0.5628481009720714
0.6309167395870856
0.627249299544519
0.6131160492368672
0.7070022111035793
0.7040717013572135
0.7210302561595101
0.727922904745917
0.7508876654395118
0.7588070816723973
0.761216793559708
0.7628079662402265
0.7915506770397563
0.26875598597596473
0.37590650777027357
0.4548667280474465
0.4633261273182931
0.40835068970328253
0.31088027875390845
0.34757727379595676
0.3563574043329153
0.37599484797616545
0.42259425131474965
0.4490892418517987
0.4879603398121872
0.5138492660126397
0.5445167321790922
0.5917020746835251
0.5823895430977983
0.6344878865093837
0.6496237869384713
0.6573840415863885
0.6647115240805717
0.6852784013704607
0.7171886443181892
0.7289220123215834
0.7476448835608828
0.2932032014901946
0.40885357031391706
0.41012579421043627
0.3659662452426301
0.3291121014119521
0.23226690841401132
0.28180258803284086
0.24816635623846284
0.280969170076647
0.2956181157732777
0.35287509506345127
0.4229693710817828
0.46743495402421914
0.4845945049740485
0.5132812817120698
0.5139500660876142
0.5581202818081361
0.5911223922554445
0.6178962943156983
0.6377150299347462
0.6742009683629919
0.6821567341391005
0.7024722436497377
0.7296252481790727
0.3012314402473777
0.4275432461996796
0.39748045662220594
0.3409397356863017
0.27071907318805644
0.191823224716982
0.20821636939403054
0.19555836951652095
0.2266436197384315
0.2925663961585221
0.3169006382055535
0.38104220801656286
0.40733679696752223
0.42477680901077386
0.49347356054387403
0.5063975394658851
0.5641145929384777
0.576125591131547
0.6201620963417696
0.5975068362235365
0.644130992355008
0.7001999862241712
0.6931420487782898
0.73090144878898
0.3400126220175448
0.4324065942304635
0.37841274310071676
0.26080082678886496
0.14252965568470843
0.17565679055765204
0.16079475678332456
0.15452968105584874
0.19762877217824415
0.25022201434068303
0.30246863459512263
0.3591023560473777
0.37710652248856014
0.409967652801136
0.4780015437070151
0.5160375274123339
0.5751495316256079
0.5396424407668112
0.6029260768525475
0.6300325984656487
0.671584175932499
0.7041447077698806
0.7238533967032832
0.7524986133652677
0.35156064625851496
0.4083595130610965
0.28816620281728217
0.17601325458784722
0.12821148524537862
0.1278272826472574
0.07763532774668802
0.13351071947482052
0.1732731670060924
0.2438057333683883
0.28226298519368354
0.3334643146468753
0.3790247176192929
0.4375133099979883
0.49173025855769265
0.5378973737198439
0.5365052651388305
0.5845832884393758
0.6407523684668315
0.6625439022215742
0.67949947447668
0.7134481443024864
0.7645882465258078
0.7880312844273225
0.3730350822294767
0.3785920982632164
0.20728371479236035
0.13940288616001628
0.08786732725160651
0.040499544428339807
0.14768498426106713
0.1832404593949326
0.2265966526799552
0.326290217620671
0.3212476278757851
0.37410771679999966
0.43204559344777016
0.5051846668427911
0.5125903027012566
0.5662843884498048
0.5958000810201951
0.6450095096924742
0.6666281812334649
0.7176059338840153
0.742129740110604
0.7614517120072037
0.7980133237573621
0.8202187744506715
0.3821987944754056
0.3714649227772747
0.19664577118961168
0.07850750429799436
0.0304853981868054
0.14048733704097505
0.10268951844204988
0.1607142897014172
0.24921303729434718
0.3128961774615098
0.40113629091502245
0.3950021198154876
0.46660474652918094
0.546759532248599
0.5440870434248346
0.6237393130543035
0.6701694004272185
0.7043227288626119
0.7538695935689832
0.7641060952275991
0.7935407849681472
0.8199760437717878
0.8563660877507921
0.879285343591847
0.36676398688040823
0.307547505014318
0.16277579156121968
0.12225155590393688
0.09282691712909907
0.04486072889310744
0.10745974951693005
0.20271342692077032
0.23281605626909152
0.33390968318650427
0.4371188505520627
0.496977521676129
0.5573902804365918
0.5863950738683665
0.6331250368292229
0.7019990746545157
0.7198773514371553
0.7728842370273642
0.8060019597610677
0.8238566686851467
0.8448423588928948
0.8866153089303089
0.8895111595717848
0.9070250729327844
0.4059827098088393
0.25474281402318344
0.07711438559153272
0.10434724524914274
0.05602832860868279
0.13430710265369583
0.16009804705434894
0.21455179555954507
0.3161692047362198
0.4324106575893806
0.502907861285806
0.5642883086263399
0.6413377646790643
0.6810891383027955
0.7432774423407953
0.7579976485213131
0.8163733401537232
0.8169735524934773
0.8673423218574694
0.8799509270226107
0.8965588289361069
0.9247955928360868
0.9426868466621527
0.9617381309826937
0.40050784088821445
0.19006193975090124
0.0428347379905516
0.0851797039305402
0.1305258367708685
0.1831382444595513
0.27854285960174574
0.39562186606050487
0.4858953740011565
0.5199644713032183
0.6074917103046691
0.6324621117593217
0.7268702383490293
0.7554515487887314
0.7974253123463119
0.8333075588959402
0.8737764048746481
0.8909004668403006
0.9337239733709135
0.9385307693214847
0.9511552694704829
0.9741167892905322
0.9734482804540225
0.9948212115445682
0.34555878080857466
0.12922221896880004
0.1542996351083865
0.14117545208663473
0.1788139932858348
0.2895362927334153
0.32688426453074027
0.4623568830800876
0.5155202048390644
0.623740207040172
0.6451266565654681
0.7511890575269728
0.8029588726437288
0.8524574689516864
0.8909192887907443
0.917483049699956
0.936258625912672
0.9530991834426826
0.9819762372713094
1.0006150853274747
1.0176261992719704
1.0221398232071304
1.0236926309587309
1.0217474584204538
0.23208739583308985
0.15081531262825731
0.07263160438279592
0.23207307768634766
0.22901143197714313
0.3159503858493877
0.453932099684348
0.5199257805749408
0.6392644010371145
0.696440342491834
0.7787597674823028
0.8283207322970169
0.8879801570437259
0.9183313756379894
0.9398767455754069
0.9807883042215396
0.9996320464429702
1.0187520729675086
1.0267702147634505
1.0438834957889023
1.0397795480968055
1.0508756770562986
1.0522520791839627
1.0492469326203173
0.2035034656500061
0.11001245728967968
0.19021829779429
0.19765194577766498
0.31687778607620265
0.46971868459202404
0.5222112053531308
0.642314328171382
0.7296782310537715
0.814005067022097
0.8559226142646551
0.8984310602453937
0.9536603795895967
0.9869257890215879
1.013930824608569
1.031819200403996
1.0481009583288101
1.0690289590572872
1.0732445723995023
1.0778351435760796
1.0776193350133028
1.0784885992904607
1.072099899029867
1.06486204004822
0.09623244142320433
0.2711701628536953
0.434983981208124
0.43969868351117675
0.4127662696636675
0.15644302087439477
0.15726602932632944
0.36016497265160036
0.4611151744477595
0.4353268776513359
0.36665514672665306
0.17537355545181638
0.20297061125820706
0.38549402413891454
0.44573754343649363
0.39324709783359174
0.3168281506949857
0.1913458666106721
0.24325220411401752
0.39060159621790025
0.4249300511273354
0.3656061938205437
0.2711960240117875
0.18694049518668943
0.2759111408872391
0.3936001501832397
0.4020231804490938
0.32787840282176306
0.24383884566542777
0.19928797032742918
0.3085282935272068
0.40260813045068067
0.37931942199715596
0.2904982021881739
0.221222176513586
0.1691021317426179
0.3441213712728399
0.414530153319317
0.36211782471842546
0.26413851086897955
0.20195252743920838
0.1723265747278564
0.3645489857235276
0.40313150345343673
0.3389161679549728
0.23812396320655993
0.16581231101079774
0.13316759108450388
0.3991434355493624
0.406690345418374
0.3237851421253176
0.21407317592580338
0.13935145570708096
0.11893178264997434
0.3944714144194928
0.41037277277981976
0.3160137666893335
0.19982585698816335
0.11884886673702805
0.11228523995193024
0.41413893595941087
0.3953408356334983
0.3130261956520301
0.1856745268707653
0.11316105013359745
0.13574312199471272
0.42401739167391705
0.4004612837818037
0.30427402220134514
0.18530305265957714
0.10878531672427805
0.11350791012664518
0.41465634390965234
0.4087227856580188
0.30727408587819754
0.18669173709464135
0.11530883259893054
0.13307680412624018
0.4240960576294418
0.4091670854761219
0.31692255265462455
0.2002748318264663
0.12862799136428793
0.154168236757519
0.4192800161213833
0.40560161524254434
0.32261996129687387
0.21967506312229682
0.1314275870683851
0.18776078595026324
0.38977786338025866
0.4080437661880879
0.3504375714330712
0.24144393394172126
0.17993282858791973
0.22216890914601278
0.3711968068492419
0.41654653122241325
0.3694595485831052
0.2674059449279127
0.1961426413777148
0.2398993609395583
0.34416871246228864
0.3967583771777443
0.3910984759930526
0.30346560702163633
0.22376443559127637
0.2331234645024759
0.3298639429216714
0.4078876394249651
0.4232947111882317
0.3455950126093822
0.26889383907973274
0.2540098624435208
0.2955120154508536
0.3936320553161117
0.4441423144020767
0.38445299590756044
0.31150740612327005
0.24529711778771843
0.27081035697763983
0.39226407854263573
0.4585171143356173
0.43522499484025
0.35995787136857277
0.261916242876298
0.23659110096533661
0.3731087888105068
0.47283342287951324
0.4721572884834254
0.4369429052502677
0.26966707704417026
0.19540486421656583
0.33747063740971384
0.46955744729069704
0.48406031234782476
0.5078154165171297
0.2733383813104
0.13013163008475565
0.25604268480191217
0.4219145215814549
0.4794106933024922
0.5465669209808857
0.2548900814322771
0.1308430360170305
0.17567633365651214
0.24291262170305283
0.3441489198436337
0.4555345469737757
0.5332574445590232
0.6583088480267509
0.7266002560898697
0.8229713598719942
0.8968301870653739
0.9469318092412755
1.0047870644068635
1.0354972481512332
1.0439406273120226
1.0637143065661143
1.0851689034046565
1.0934533975319944
1.1064445835353347
1.1061162620985292
1.100313273900112
1.1041600968420537
1.098846649115791
1.0902684689193771
1.0766544354732512
0.19322124558779252
0.2054997368814715
0.23471776014113432
0.39371098822603334
0.46931410594216194
0.6258792145552076
0.7561522655883002
0.8558323192968772
0.9242539002660661
0.9771164530735981
1.0354815417393186
1.0807254855032558
1.09086005353058
1.116606537381523
1.1301379478797242
1.1385779648928858
1.133102975923522
1.1190823621237824
1.130003693769262
1.1337944755823663
1.121311766121895
1.115299187493922
1.0996111655378622
1.0804952990899457
0.16179059269914442
0.20431299086400767
0.3405128099202409
0.46681215089876926
0.6009550966246768
0.7115631512087802
0.8597807420367566
0.9385204213878815
1.012212561161074
1.0616234676200786
1.11433571991864
1.1192979321182386
1.14875788419784
1.148386998797092
1.1628499843264946
1.167427356961497
1.1610150381323296
1.1469764806465053
1.1565401801328152
1.1474161597710522
1.1369768341664832
1.124064740351675
1.100650132650622
1.086304037649806
0.16120718568154646
0.2516543023412221
0.43196998566316924
0.5439385513864818
0.7034016560004102
0.8548821888549495
0.9384416372983504
1.026154018390907
1.1007530871989941
1.1473294207966294
1.1615865913960253
1.180991220240927
1.1863308172704818
1.1937895945050188
1.201031171310896
1.2027141067533333
1.1858801329587507
1.1783368727735968
1.1666597434396344
1.1526494705890653
1.1337602211555888
1.1290429519622258
1.0943538507730122
1.0827089397945608
0.19560238758481285
0.27762517506812645
0.46045120262797934
0.629695238287864
0.7886125417362825
0.9303371611404582
1.0035605774951804
1.1114609364730963
1.1613332993473444
1.1824263996871558
1.2123174889463646
1.215470585454908
1.2212482566141072
1.217369878433308
1.213148185173561
1.2131911460264635
1.210093015945796
1.1877584508476067
1.174963720456709
1.1659513194782687
1.1470910582457259
1.140852435620759
1.109534256726827
1.0831314303902086
0.20669008076355933
0.29576069338511574
0.494451880450943
0.7368118375274485
0.8822191608522589
0.9977133066699562
1.1068928262234707
1.1723852261773198
1.2059056743453807
1.2343572448335842
1.258738123534825
1.2484752018745444
1.2558838634114426
1.2572819170567786
1.2341731257689346
1.2266420456545184
1.214000108234291
1.2063537851446096
1.1924083663459175
1.1614983782062507
1.1543311215528826
1.1245273519363452
1.1028088459612513
1.084381805224074
0.1945541504957865
0.36412850505668004
0.5929280399522441
0.7903497839184421
0.9537064048598601
1.0951150178927633
1.1535066069161406
1.2214029866742917
1.2352493157205202
1.2769513083039055
1.2706841947369365
1.2699544789347434
1.2750262574887226
1.2666845084817424
1.2475989692789922
1.2531331194037016
1.2191443198104688
1.2294115821636775
1.1982325567398133
1.1788567307523807
1.1559506264521673
1.1345138403930606
1.1077978047996924
1.0795955700202313
0.22682826417038932
0.42300047040913635
0.6556809803258536
0.8474777692089905
1.0525475858912847
1.1345613504482825
1.2305126850039791
1.2641598900278295
1.288964006856754
1.287066436092149
1.2875814714767653
1.2980197573691528
1.2820231883740818
1.2711709545463494
1.2671186114334918
1.2495574806935503
1.2252710746308533
1.218815088071364
1.1960840618920465
1.1689149683233175
1.157262639197153
1.1278279973936214
1.1043098858245197
1.072173079100263
0.2017045411389684
0.4481534127394452
0.7200345038424752
0.9375639939464244
1.1219666394587553
1.2223021025208085
1.2652433628415813
1.3051758655809698
1.3212806543315263
1.3042915363417094
1.314110241298817
1.3194154817944248
1.3102997954820894
1.2786791260107906
1.2652437844965814
1.2498895278322428
1.2275577239501123
1.2043664496140143
1.1960365547654377
1.1653000076944329
1.1572692922366334
1.1333777196041528
1.100126756102099
1.0740934879883153
0.2264169058960851
0.528605371688437
0.8041058445618242
1.02408052384782
1.177375653968123
1.2487462249455705
1.309459085136276
1.3284232353202081
1.3273054262464379
1.3298428159503761
1.3232308201823824
1.3124962270824474
1.2941862643672823
1.2656444470860824
1.2578132652481728
1.2495587549454854
1.2256254178326285
1.2093975661943248
1.1897897346052042
1.1691983653485813
1.1451516219673459
1.1261270298443802
1.097929310383458
1.0639333626242098
0.2828858257069419
0.5955034329533458
0.8568713062968789
1.0705627852826718
1.229909410400984
1.2848149924308156
1.3306321515415378
1.3412036520550805
1.3538635456186197
1.3396402260737943
1.3142021291932737
1.310994349148477
1.2977167649121935
1.2649087933037952
1.2577210919843322
1.256991133905297
1.2370397588967135
1.2100486721470347
1.1828575438398667
1.1660902731103557
1.145320904050223
1.1239029862190504
1.0940730376628511
1.0655852778661532
0.3115575875847481
0.6769339949355091
0.9616768477977303
1.1490052619257989
1.2665191976034131
1.3098106217667653
1.3372114636180523
1.358879534556765
1.338843940814604
1.358221946467364
1.325568020708013
1.3013239328031172
1.2868316777732247
1.2804233003161682
1.2571349610925437
1.2261340277851642
1.2260850393597302
1.1989895209559325
1.1825988939867513
1.1663290344052903
1.137582259038688
1.1144136939970395
1.0939656963923232
1.0648176292039875
0.3569149047313116
0.7192078574784067
1.0006500996014323
1.208550474522629
1.3077315565003729
1.3708431640538272
1.3902052025952552
1.35617346463529
1.368344371500898
1.3434023231689398
1.3152218842492642
1.2969120486843386
1.2903429086838436
1.2760774172899265
1.2713925814659313
1.2352650285818385
1.2129456627569681
1.1994826757221755
1.1758472078101196
1.1617617881648288
1.144802221126353
1.1139266253372804
1.0909148254715064
1.0634560194134808
0.422137598912379
0.8107376692589396
1.0748435790518587
1.215105107937434
1.31694136261304
1.3774912677556004
1.3933032465574482
1.355138338808452
1.3311914850706552
1.350048829523241
1.3142992173494166
1.3006306117112918
1.262788470424319
1.2561284068757141
1.2436875051329215
1.221590355672949
1.2207397012836503
1.1908008507111012
1.1743542188229048
1.1538234285462348
1.1365071359431664
1.1162997203918479
1.0890151721223165
1.0605083644299098
0.44971454776785824
0.8481442129647458
1.1281983460916656
1.2792189122629034
1.364210183044172
1.3853963219273313
1.356455024473724
1.3570277053093491
1.325158729786235
1.323903565731831
1.3156615549789756
1.2872336055159432
1.2653549971573508
1.2516036364680454
1.2266348724917855
1.2125409922421388
1.1942805527303748
1.190432538052886
1.16586516485073
1.1552876303822812
1.1318563238653916
1.1112588373774093
1.0891474689182732
1.0582877252060428
0.49594064990772646
0.9344503908268574
1.1636765665149962
1.3211781269004794
1.31950870193961
1.3716174239621757
1.375111363030372
1.3429863030643836
1.3344932446756832
1.312693527487663
1.297877319792865
1.2747200672686625
1.259180019375294
1.2467923178233917
1.2145359162939937
1.2039445863497666
1.1980169310400932
1.1778446776434248
1.1624038890448043
1.1490028025522183
1.1295106675382007
1.1116472693183046
1.0841930836033586
1.0551365955474719
0.5418844943971696
1.0020061312297555
1.216029983071346
1.3509642515699074
1.3609810942984573
1.34766542967758
1.3388057129115016
1.3327965141880915
1.3322507850582719
1.3144092202260733
1.283707412651629
1.2569345169072155
1.2474817552154642
1.2323176109748277
1.2262030334876024
1.210802399785084
1.1953175999124703
1.1776611243649266
1.1646066920191995
1.1455383332328324
1.1242891949909846
1.1077105670990335
1.0772206984619828
1.0505193958896784
0.5904946779727138
1.0416284597577516
1.2607719308741143
1.3591439916700794
1.3736714778351928
1.3598963173967369
1.3319094884053606
1.296543795746338
1.286107845211852
1.2803188536238945
1.270809510935346
1.2446284120640814
1.2329124045005049
1.2053693464317736
1.2013606810685902
1.1954222878914866
1.1760171785819904
1.168631049595954
1.1587899771942933
1.13652675746743
1.1235193023722696
1.0979371230562027
1.0755599986894349
1.0466263713377815
0.6351342592069243
1.0862840691202387
1.3130127275516474
1.3558872764376928
1.3490679344657335
1.336582452375544
1.3265431937788488
1.3079593225573514
1.2815462036984113
1.2717407340060085
1.2438196940039634
1.2224286831125137
1.2229387468578967
1.2072803699627226
1.193224733169646
1.187144040165741
1.1752949202794338
1.1632398146554521
1.1511008054910234
1.1383112922835437
1.1124713632848366
1.0943122248457453
1.0719664283394645
1.0391506945664102
0.7080810762814872
1.1767872941559618
1.281744642805334
1.3264832261823172
1.3228100688476454
1.3117949553929624
1.286852959263662
1.2778574053127256
1.2622162489986897
1.2430594010868306
1.2290344761164775
1.2135222028925503
1.2024978991304163
1.1988551798397005
1.1816155498864171
1.1813686773064946
1.1654196463012392
1.1509063243300834
1.146525055711638
1.1280868936783426
1.1113347432758804
1.0907736519771256
1.0664936709493373
1.037069569003709
0.7665845002621605
1.1769226211820323
1.2947884132819587
1.3198041625737795
1.2982384348328697
1.2616255762148367
1.281577229739571
1.2618036046777208
1.247837256628559
1.2170875216293608
1.214840535110556
1.1970443147288994
1.1846604554929283
1.176448280380266
1.174708804233849
1.1644888184101851
1.162119825366983
1.153676647761385
1.1344174652930303
1.121894939927825
1.1027351167355148
1.0825766770848109
1.0595861513090643
1.0328195710420225
0.8462300697220168
1.2528352032624788
1.2853841294190382
1.3030812815060258
1.2767175895356464
1.2681490260471648
1.2334677438661237
1.2227542694787958
1.2078415980479382
1.204758940002442
1.2030065872989677
1.1787669523289983
1.1767341892623362
1.1725851764862627
1.1623070735662167
1.160329278800254
1.1485557166464928
1.1406463663654787
1.1246705112246618
1.1172826890072574
1.1002288624284744
1.078051609883173
1.0575497618986074
1.0264103748418552
0.969636366108528
1.200319666646292
1.2569230975762684
1.2484114737740781
1.2370446856208634
1.2232102079594789
1.200690710833196
1.203246184664284
1.1837681442255732
1.1726207316110042
1.1699235757516153
1.1675272789675353
1.165620133583977
1.1600882075137988
1.1537512044367098
1.1490421684475252
1.1447122975507724
1.135439948969405
1.122056395082872
1.1078586525063354
1.0917758921566199
1.0716376118030166
1.0488936148580013
1.0242012477724631
1.0788429366821481
1.186469240438382
1.2086899700164515
1.2188753111490018
1.20353039674962
1.196360087990535
1.1611991972590223
1.1633378508971686
1.1596180423393432
1.156623590484247
1.1500876510589582
1.1489351922338689
1.1487100971996893
1.146082241239834
1.1488278343361014
1.1374651704098604
1.1338647639071238
1.1251868023541676
1.1122292778259844
1.0995828036305406
1.0855990337579848
1.065760722160982
1.0436477460910576
1.0181071373870885
0.057370867699780295
0.044372511380319696
0.05556289806330045
0.11593148905572956
0.18304554003323675
0.6598825243477755
0.0457343994821098
0.022342762350706924
0.05769539936831505
0.12980375795407387
0.216025405188
0.4766585034435027
0.038249941583018476
0.029539476126884234
0.07272068699339623
0.13469076805540967
0.23174563620884697
0.4328627124178445
0.03216575056304333
0.03552141321576019
0.08030070181540178
0.14282015121552497
0.24572767977836799
0.40041808232972065
0.030069008254800578
0.037088628972269944
0.08038081625332996
0.1449039652013144
0.23398464249344503
0.3719932610427761
0.028022601001130187
0.04380560671524114
0.07996524409345726
0.13344301421438085
0.2212434332628387
0.34061005302231145
0.021837990409943067
0.043748920220842785
0.08503192254857667
0.12444102871531773
0.19820747934178468
0.30209044567972615
0.019801211631805565
0.03617438249505037
0.07593699342188223
0.1173610212867642
0.18454851079268758
0.2678116140240198
0.01750013949526233
0.03569426686451302
0.07848659831662758
0.10483946927200838
0.17146933989359697
0.2460227195395781
0.014303021749880157
0.041705614104515204
0.06249098163545966
0.10449444325467444
0.15193862149999735
0.21644090170607871
0.018860057294787597
0.034546077885274584
0.05935505360606483
0.09353306569056488
0.13818350132074125
0.20593510278697885
0.017577549459140085
0.0390246880746927
0.05508610137882011
0.07643244536961324
0.1323720777154741
0.196600597342475
0.01459695801054739
0.03359951917526288
0.04937603498788462
0.08063249525220373
0.12912337616295938
0.192181689177229
0.008107809920431086
0.04082390443219397
0.05160501697544498
0.09490895964132598
0.1420036712518629
0.18568236498095952
0.005760213097085909
0.02806641974425017
0.05218519064460811
0.09041300184855328
0.1303693580726941
0.18673736674207236
0.00775215322110534
0.04706390487398274
0.05171031304264223
0.0837463711063633
0.13562863728357624
0.18086781988206252
0.009473876379314738
0.03152562867003636
0.05943033054777708
0.09753873268376362
0.1459517314884953
0.19827969709091486
0.010198363947582723
0.03955556709303065
0.05654142625076311
0.09268562554991053
0.13157297353716446
0.19360726299604883
0.005917159719756759
0.02908454646924119
0.05949686070454563
0.07346867228739151
0.11848700733728079
0.17864824590488046
0.014923372763442272
0.03555303378547234
0.05768045410010794
0.09239770525035357
0.13487297065715026
0.17989721543067833
0.012145989649364988
0.04543937824951266
0.0596774000860415
0.08581367175981808
0.13398978557952795
0.19253928977152454
0.017156754117056597
0.031180321522709803
0.07179303816475444
0.08865020133615054
0.1357619369971936
0.16569236826338946
0.027766863464120252
0.02479116996893864
0.08495544048928386
0.09162528994303829
0.13915046267397266
0.1318876414060457
0.03688151202644645
0.03907513335990863
0.0972505379563754
0.087695100207582
0.16190965822094106
0.1436326998793136
1.1032128904162088
1.111131030085704
1.138239834247047
1.1447418689362774
1.1392627278643475
1.1288227204875267
1.13850767081722
1.1294982975987287
1.1272345886239694
1.1425117090291044
1.1378079134760597
1.1428554655566017
1.1380853049858752
1.130952989249798
1.133584318831618
1.1348746920868622
1.11956642594593
1.1172066733415598
1.1035326852065153
1.0918147554937614
1.0748186090617804
1.0586880121131768
1.03740576560063
1.014411965613617
0.8661005013328715
1.0220989639365443
1.0697451962787128
1.0964195657995257
1.0957700552370442
1.0956509221969672
1.0914620182576453
1.1109360263814776
1.111777536958726
1.1085941591809847
1.121321078048975
1.1242516559148903
1.127920213884404
1.1240527112956094
1.1279796075666098
1.1237841690771608
1.1116638803835226
1.0989810552617794
1.0919793966276645
1.0800772799795337
1.0697209137703432
1.0532226962016646
1.0312595444000878
1.0119845540035974
0.7634272014352428
0.9149974429147061
0.987771467372818
1.0275606205430021
1.0358795199350095
1.0529459885017436
1.0590631373885777
1.07034023466531
1.0769558883540464
1.1008233598383521
1.0988145987199958
1.107116960711766
1.1126350056339531
1.1122240410486568
1.1036726771990188
1.0982339168319448
1.0989492718524034
1.0907922360224973
1.0799358252881777
1.0708727317661313
1.0575237064189111
1.0478958095820774
1.0267317267972413
1.008251732194464
0.6516016220864106
0.8024435537644594
0.8951350200879088
0.943592567776532
0.9740347669334553
0.9930783987227608
1.0204849863043404
1.0364762385803805
1.0541859494503851
1.069361758624183
1.0823489094254006
1.0850315294856847
1.0907529314380513
1.0912886994212327
1.095266121130689
1.0885048965403403
1.0831055227416384
1.077459203610069
1.0677304331907675
1.061464498056353
1.048182748251916
1.0350635750292372
1.0205829391077088
1.0023967943910264
0.5738130208369836
0.7173794905494079
0.8056596147470769
0.8596455880149989
0.9103879247406947
0.9446715738366909
0.9719165866764771
1.0048004273766065
1.0193081750652928
1.0502188914004877
1.0634814076963024
1.0659018299404954
1.0682361083755854
1.0719002305330652
1.072619453684355
1.0712489339233073
1.0631853624224563
1.0627442928861357
1.0564268081933437
1.0455140563480507
1.0366021519627173
1.0266719536232691
1.010387930823166
0.9952264921243483
0.5111092701971606
0.6337727755610336
0.7313446591140682
0.7918899746500995
0.8465595806860552
0.8956850451702688
0.9318879715399031
0.9649471177000277
0.9971834076848329
1.0176255416388904
1.0318737066358858
1.040903202316877
1.047729474535479
1.048847203184128
1.0491071334085929
1.0513484378656832
1.0488049345601296
1.0467020358279155
1.0392303467511366
1.033854213768138
1.0256959042989984
1.0165104580157143
1.003193470460111
0.990481699989343
0.4501552295002627
0.5673747207526135
0.6611204000821105
0.7295937256796761
0.7925050576096756
0.849622432206731
0.895603147240628
0.936392383765688
0.9653843169936197
0.9910280103577694
1.0047168157375923
1.0162637576886098
1.0264630532055738
1.029211592226493
1.0311753269236734
1.033782162712825
1.0324028851927707
1.0286631436125002
1.026072447890707
1.0200548315723506
1.013420026424181
1.0069014931393934
0.9953222468830007
0.9846123390479086
0.3986691131350708
0.5080126914397832
0.6052414134201747
0.6765580140046135
0.7500139409406006
0.8113477240228106
0.8629630840585266
0.9060342367359034
0.9372730474783467
0.9606966928019318
0.9835128912404987
0.9931001834789761
0.99845063895346
1.005244628698493
1.0106123389951007
1.0141393899451399
1.0144948712555781
1.014119140240485
1.0111824067234747
1.0087519845483037
1.0028293556390298
0.9972981619559598
0.9883703553088268
0.9781530025157129
0.35326698706092663
0.4624787377132304
0.5534543535718248
0.6380118804476884
0.7135536071604263
0.7810759637114997
0.8388615680511919
0.8774996411351497
0.9088217614642283
0.9409874141817732
0.955363052419756
0.9675039780206602
0.9799432468638998
0.9865897370990383
0.9920912054706699
0.9967094544426373
0.998604463818204
0.998743834085858
0.9985775913796198
0.9976743186624489
0.9956735988932551
0.9916706770657485
0.9840343506393726
0.9777008034235805
0.32388438976091305
0.42810339280479026
0.5238468122926695
0.6108551185509168
0.689669130880499
0.7604744718097735
0.8156256146400682
0.8620424225375477
0.8882303708666712
0.9141148832363609
0.9326152906305128
0.9490464015938166
0.958928118039084
0.9687348420903703
0.9748505042447642
0.9809651825192001
0.9833073885464464
0.9872871430700237
0.9876469967770287
0.9887533680712923
0.987877884187134
0.9844603439856219
0.9818555540037381
0.9783268887134209
0.3002714638925676
0.4027311795105123
0.5028514002728024
0.5886429467986194
0.6743229743336407
0.7481982663310699
0.8034153475872242
0.8434520429769796
0.8737469795974462
0.8972726463424033
0.914269359931719
0.9308302590062182
0.9429135763416003
0.9531994532708785
0.9600219265653323
0.9669543040608799
0.9720653175797194
0.9744782505988012
0.9776643245234311
0.9816593998782295
0.9850293363252577
0.983977892337562
0.9851272632553947
0.984255665264267
0.2832445582125398
0.3918983106115376
0.4910151018696237
0.5865851456578198
0.6691279827325742
0.7412530603001064
0.7907161153829817
0.8270435206676907
0.8567660778307322
0.8800392252794798
0.9001246614706523
0.9150608002726192
0.9293149697628769
0.9393889462281815
0.9473714648470202
0.9557383727197547
0.9606945591378812
0.9666113282949316
0.9724861833590661
0.9784522119461877
0.9822385410171827
0.9861596918452736
0.9881437878585819
0.9898655715082039
0.2768284830354746
0.3880126161965092
0.49146897729909467
0.585983674950713
0.6691284225497995
0.7397271266186821
0.7807498020356073
0.8194810839388277
0.8488224069171855
0.8690231346314863
0.8906971085513591
0.9072185524635847
0.9188867732762338
0.9300863439541746
0.938500233329103
0.9466002937517582
0.9556599137871256
0.960608072104095
0.969013348590309
0.9771030478184464
0.9848564994904232
0.9891265942796819
0.9935740494020024
0.9960285315456557
0.2821282005387543
0.3866358825314195
0.49295698521272413
0.5983777959423576
0.6769175780670027
0.7367033903121643
0.7795740799067161
0.8170734973900706
0.8416083001574581
0.8680440284543728
0.881653258722368
0.8965504203506013
0.9103042797051725
0.9218831878839061
0.9322598488470228
0.9395074032937646
0.9511267062980531
0.9610341210504624
0.9709855003424807
0.979190062607029
0.9882502828868759
0.9945012012193741
1.0007021661878337
1.0048677474798051
0.275990214002556
0.39446274461147135
0.503462719736142
0.6105216184934626
0.6873311540168876
0.7386096599237053
0.7852533420032197
0.8155643412632587
0.8423842063681897
0.8618515732755372
0.8772848406451871
0.8897716969624255
0.9067690629696077
0.9177935117347694
0.9307307422511413
0.941030670642738
0.9531562752393666
0.9632923458725302
0.9729800947561825
0.983771856396808
0.9935030850056618
1.0028197031394406
1.0075362779569093
1.013287924939521
0.281897691196408
0.4047556494938609
0.5300323334545163
0.6218418739180127
0.6994592146428796
0.7503596798475178
0.7877021970800318
0.818442076085344
0.8384569452054376
0.8566937717207491
0.8751287659574231
0.8917425890896427
0.9062657789256651
0.9150403630962012
0.9277273249777436
0.9404226519108344
0.9550322168761755
0.9697938038806877
0.9798822716102987
0.9907053423687964
0.9999038254415383
1.0068427614928064
1.0147697657935457
1.0175465073870371
0.301004281751079
0.4312167101874252
0.5509969853228375
0.6491370397455117
0.714179363372648
0.7512182348820072
0.7916874295235681
0.8158179827378805
0.8395281914925832
0.8609618392093743
0.8711368569565887
0.8921058088652253
0.9051824436093014
0.9179691203709632
0.9327978043003721
0.9479919647055749
0.9580661125821867
0.9712316270874467
0.9863989161100083
0.9954958821746018
1.0049163758460102
1.0129319355808044
1.0161031978249875
1.020329208732158
0.3329679036973912
0.4669879162120267
0.5825856180449621
0.6742343077938746
0.7305745466376349
0.7643929206807945
0.8020813888488163
0.8252118334876831
0.848416303955021
0.8661659957774651
0.8748989449744107
0.8924102425676776
0.9052239722090782
0.9220022637131647
0.9379168890150639
0.9519948310406385
0.9685612370285659
0.979042142954163
0.9898112114529491
1.002943465826345
1.0138505857149003
1.0148331212127495
1.0192693371581416
1.0260129247089604
0.3250716550580948
0.485674698769319
0.6001895290908901
0.6849533878434177
0.744679473015901
0.7671895606215839
0.8092734336556658
0.8226614723488623
0.844177510860175
0.8623130819406959
0.8844931873524445
0.8899497083585635
0.914256666231024
0.929525027148012
0.9437071227889765
0.9544832515140049
0.9745728503088129
0.982374341585422
0.9966998154509575
1.005121843672452
1.0128678503220565
1.018200224881904
1.0204083489426194
1.0219666738629014
0.3670828547843955
0.5541053800799107
0.6508156750187936
0.7140070365185973
0.7519447800893019
0.7945783603631553
0.814239581366133
0.830149938098269
0.8543895898822971
0.8695169794742985
0.8846045361400858
0.9064129287158219
0.9201903681484759
0.9417851253936655
0.9584167812515118
0.9662901044261671
0.9807124360700115
0.9909429214769937
1.0032694168197935
1.0125578398678023
1.0118386252734106
1.018323244771986
1.017786685234239
1.0194336077863073
0.39573168396705993
0.5928740496913785
0.6819872050546932
0.7338898821345013
0.7697240388991773
0.7988979193369299
0.8212376248024172
0.8348512069299017
0.852882530913802
0.8714361192391528
0.8920440581341599
0.9132158679012226
0.9358156007386037
0.946612994376852
0.9626942059520381
0.97777298788732
0.9914947850380118
0.9936568964013264
1.0024064412161737
1.0086388944035465
1.0144192027589123
1.0139510333752009
1.0148518551171783
1.0182678249483812
0.43891851336852794
0.6465839980241408
0.7106460858171798
0.7466711591696635
0.7723685162822133
0.8093067161478692
0.8193813017687923
0.8370664979011352
0.8694941816226832
0.8837372322646186
0.9004285202113259
0.9267956420660036
0.9452849388819793
0.9594070769617772
0.9705904954270876
0.9805380988672395
0.9949427792651223
1.00082110716201
1.0094116314377937
1.008216844459156
1.0107106418158502
1.0137367911942279
1.0126802156095318
1.009720154479266
0.5478377998165398
0.6921199207385222
0.74103998672767
0.7726280373788921
0.7885123949757177
0.8121604833838477
0.8340488078541036
0.844322998478835
0.8664809956132117
0.8977794832498952
0.9118106953320325
0.9310958893012815
0.9546244548442895
0.9709558053145062
0.9828455631828517
0.9857388892441464
0.9998432681909374
1.0044405917904942
1.0093738567825563
1.0087475661101502
1.0138645476455066
1.0078766885610575
1.009543481999644
1.0043323346270867
0.6503471872405148
0.7489646002885276
0.8040915851535886
0.7746388057092287
0.8159849767992555
0.8113181618954685
0.8409320077142194
0.8590165137595143
0.87859296227235
0.9026344873344017
0.9408534767429764
0.9437054160073592
0.959478578009008
0.9806523221322824
0.9925480597408715
0.992710575303494
1.0083365781757607
1.0042656054238919
1.010029909153533
1.0042940344346174
1.0083255617836602
1.010202893397422
1.0023665320577002
1.0017192326172468
) 
; 
boundaryField
{
    rotor
    {
        type            movingWallVelocity;
        value           uniform 0;
    }
        freestream
    {
        type            freestreamVelocity;
        freestreamValue uniform (1 0 0);
        value           uniform 0;
    }
    frontAndBack
    {
        type            empty;
    }
}    
