/*--------------------------------*- C++ -*----------------------------------*  =========                 |
  \      /  F ield         | OpenFOAM: The Open Source CFD Toolbox
   \    /   O peration     | Website:  https://openfoam.org
    \  /    A nd           | Version:  11
     \/     M anipulation  |
\*---------------------------------------------------------------------------*/
FoamFile
{
    format      ascii;
    class       volScalarField;
    object      U;
}
// * * * * * * * * * * * * * * * * * * * * * * * * * * * * * * * * * * * * * //

dimensions      [0 1 -1 0 0 0 0];

internalField   nonuniform List<scalar> 
2880
( 
0.16436941458506976
0.31692552717791117
0.467120313694246
0.47706532302619475
0.5659362450233143
0.26518617150354806
0.23715079875766915
0.3808749938699112
0.4976228220609285
0.49924910760505675
0.5190006438735981
0.33941136159988444
0.2645096720419581
0.38837351532000675
0.4742080235637462
0.46093441566356697
0.4625883974644868
0.39343709350633815
0.28474713268271135
0.375837269788452
0.438587624805579
0.4100075591957554
0.42085736080957703
0.4424645441797317
0.30365001478472364
0.35995867285882066
0.39346829301514874
0.3608494923309483
0.39171504903547
0.48389400340735633
0.3196961871532643
0.34471331800021376
0.34823212351702454
0.31772143268045433
0.3697941017337585
0.507439941781484
0.3387656864614358
0.3297371509048995
0.30699849530941203
0.28014976886184106
0.35130086070723676
0.5114569957972155
0.35648781850328604
0.31782232038589986
0.2737483032950201
0.25011261761892717
0.33600184976792363
0.5246050967845317
0.3702387987139986
0.3090524848170614
0.24713716824408322
0.22455046546030435
0.3159920437567264
0.5001205643887424
0.38007695323678803
0.3044127505458251
0.22613392632864185
0.20294145854688134
0.3027665728544776
0.47923395874455604
0.38574965637708325
0.30191022379421184
0.21715445117141538
0.18770733925272737
0.2898410631907789
0.4666679688219905
0.38733088997700493
0.3043337488355841
0.2151165994936946
0.1895286135625862
0.27541776467473694
0.44066205516530016
0.3862733346647025
0.30495370965189816
0.2242701644394823
0.19477856936050425
0.27751947147060707
0.43790761972815984
0.3763129367877007
0.30996563019425183
0.2386963780894546
0.21500185076845185
0.29162626954500015
0.4274033703781395
0.36270698822536845
0.31597668534683077
0.255387620207509
0.24711071604783016
0.31744485746613493
0.4384441839296965
0.34306768797552356
0.32194781839157594
0.27588695440386984
0.2771244639273912
0.34480009394060546
0.44010970335266625
0.32325446213438974
0.327331301605048
0.296323880538396
0.30239055849892366
0.3656768068808709
0.4447418694960831
0.2994568826833268
0.3298731262460411
0.3190318549694555
0.32628197909813883
0.3786426742940192
0.4559008665561895
0.27816085973402593
0.3340416743584296
0.3366816331373512
0.352472160690205
0.39403461001720375
0.46220554127091973
0.2509544668932524
0.33555460336252557
0.35562406137369995
0.3701816135991227
0.40647810430490705
0.4637331808287614
0.22464979157559287
0.33734877484434933
0.37484153630094474
0.38516250056528034
0.4126538358485486
0.45935823979904467
0.19778718018261954
0.337299148133406
0.3891165236168843
0.394446488074447
0.4110945624426095
0.44572296075935997
0.16507201874202299
0.3343507307233129
0.39641309609476094
0.39753354894751736
0.3983233254993102
0.4191570544825206
0.10427285858240788
0.2950036534235811
0.39215972595902393
0.3785489348663249
0.358943177278885
0.37053638028528824
1.2853604759903805
1.4189161359221103
1.425294424292343
1.4174253239044396
1.374860566282256
1.342616701262021
1.3039742372937226
1.2820221250637807
1.2587590185520778
1.2365822112086244
1.2200302355946397
1.2050917963492278
1.18964824275918
1.1746146546416756
1.164471652368885
1.1494589466591787
1.1361046255605185
1.1208234514884683
1.1086123257099025
1.090078347570623
1.0750166658622369
1.0558818937093282
1.033028149399847
1.0094862095532078
1.1534216712862704
1.4525512563775025
1.4967461035705178
1.4789950362943527
1.441700749775991
1.3935878031767
1.3567539887315672
1.3235825990515573
1.2946534610438611
1.2690831955334023
1.245037589223473
1.2264604203253557
1.2100978036687255
1.195118328396486
1.1787888661752501
1.166755091033394
1.1487881455286573
1.13426392479628
1.1179697622511655
1.1005788165824837
1.083392971481135
1.0635582346328862
1.0403158374894164
1.0142983295719448
1.0381391947924095
1.465994820630135
1.5357322634544892
1.520281801826382
1.477362914120666
1.440318255243141
1.3902962430534693
1.3589516727259991
1.323309051518734
1.2982660199420575
1.270759239269571
1.251503878481265
1.2305009356227747
1.2144599672568823
1.1978307645369277
1.1837486206273182
1.1643922909688984
1.146275264879538
1.1313056980743097
1.1121820277721188
1.0913478331110686
1.0728921079525078
1.047128152547619
1.019266972162916
0.9652107154524137
1.424628352755778
1.547098293387718
1.5504156049177196
1.5206426408562637
1.4912675783171419
1.4361582953896577
1.3986830628687408
1.3591378935587493
1.3229251588239617
1.295146229235858
1.2765559784801694
1.2544440850327332
1.2335006961577317
1.2162058982458535
1.199867638721778
1.1805441059917923
1.1582139951458572
1.1447263974570798
1.122167784325912
1.1012305013079122
1.080080113438326
1.0537996679782267
1.0250561507574936
0.9596147504676816
1.3755228315035473
1.549621189436252
1.5703437978575845
1.543661489915275
1.518781499912623
1.4662491181625201
1.424589043094242
1.3865686985654937
1.3520156171858801
1.3175132618266217
1.2976395224825552
1.2719277734302619
1.2523149065064256
1.2287122762951876
1.2122715912917195
1.1929224986922355
1.1720771903565803
1.154482665233099
1.1340721318653257
1.1106891911343022
1.0878944260275767
1.0606732193235078
1.0314776215837294
0.9168175759726249
1.325715236287121
1.5178503921462323
1.579456741547077
1.5622857061542168
1.5405957076789534
1.5013055295494186
1.4526476609671508
1.4085561003066545
1.3769039014241353
1.3449830116945516
1.3129848723576127
1.2899344051589416
1.2680576388311142
1.2451685637172498
1.2245702686595552
1.203355998450122
1.1847833496824043
1.1630642575769576
1.1435788631919026
1.1207406573482117
1.0947952646742218
1.0676704724903243
1.0357773511666761
0.8750881373505142
1.282697925399822
1.4902373276379635
1.5800200703577727
1.5877419170119653
1.5460310538337083
1.5076178865627126
1.4751583258290109
1.4323279274097696
1.3915587819056479
1.3576576773124895
1.3313433355766704
1.3045355459147028
1.283284961271572
1.2580425981283798
1.235046500677616
1.2147501968625707
1.1949296188462781
1.175031326081026
1.1523058477293406
1.1288863427548674
1.1032588963664773
1.0758962098230451
1.042537837635438
0.8594161007184615
1.224396174466534
1.447754235455207
1.54930844503218
1.576674938358148
1.5618975647045041
1.5278144561832774
1.487651039173719
1.4491858946773388
1.4127209176289988
1.3785528994999792
1.3484458945639486
1.3211468909802697
1.2953001820123826
1.2707064131700083
1.249025008287584
1.2256688159125462
1.207603651225635
1.185036729380069
1.1616010198170132
1.137205783874682
1.1091691315937944
1.081264608050919
1.0488493303992275
0.8283080702627887
1.1719131763254222
1.3866625685557508
1.4998132384469085
1.5478324769800664
1.5494386790682355
1.532902628278986
1.492118481946724
1.4599048142086208
1.4263076681996436
1.393538737446082
1.3588765060310828
1.3351289115856255
1.3063865234572654
1.284769759162075
1.2588973962804386
1.2389650956500795
1.216251281949771
1.191593400653201
1.1681113843134046
1.14298047433598
1.1166424483433153
1.0885266426485187
1.0552537186981013
0.8043845269879641
1.113652373941577
1.3277631005291721
1.4586525795852512
1.5186568676184562
1.5315446708857685
1.5283937297246242
1.5012456980428597
1.4730353227393693
1.4361244422893864
1.4009840932114634
1.3693859356298597
1.3430144555488999
1.3150652009526218
1.2898175286573685
1.2698377224333286
1.2449231649597554
1.2251814360385653
1.1997029149486664
1.176059780684081
1.1504788774014307
1.1233841845232988
1.0944515993398116
1.0608123899950404
0.7482307607449836
1.0392522702035207
1.2687173506635514
1.3993218340804412
1.4744379054364236
1.506308643617787
1.501729011985285
1.4880026673571858
1.4668075297825856
1.432811869722105
1.4089739923956075
1.3799105701939378
1.352116220299662
1.3268965531886923
1.2997656573326521
1.2793914348932267
1.2535339692983503
1.2276812695715265
1.205536780804751
1.1832409307869036
1.1563221367502299
1.131446822405726
1.1007151959968475
1.0689987767629334
0.7100915727024424
0.9865226703661794
1.1926228022843068
1.336470600127964
1.418453613137431
1.4701438445111579
1.4749997058034199
1.4700866872392255
1.4504760215202182
1.43192800931701
1.4081377154877746
1.3856980766703022
1.3559853778760393
1.3276824870975943
1.3024787219930463
1.2804968721665537
1.2601110314959123
1.2362254693079546
1.2124100759356622
1.187937609249305
1.165328291540326
1.136675805195969
1.1075894081379165
1.075337445836396
0.6647041968340159
0.9195965445575659
1.1250404022152942
1.2690425776217498
1.368204911246144
1.422444390174017
1.4412828673540483
1.4468038574700743
1.4354272698129802
1.4259280300558042
1.4044764977555098
1.3746312062676016
1.3549884116948752
1.3311142974033436
1.3098221393477116
1.285093631840684
1.2620702988759438
1.2401180025214151
1.2206837950554654
1.1917872997090166
1.1689836325443312
1.1430117951178929
1.113151836639903
1.0804086689906363
0.6149126385816965
0.8468677344574216
1.047763297699747
1.1941297451634303
1.2948082830952026
1.3578824116411568
1.3897618289769393
1.4065532855972172
1.413890404484146
1.4017803936528446
1.3846827544784253
1.3651049513706355
1.3496063217310772
1.3265088562170018
1.3069162288385952
1.2864735320043976
1.2637809087706278
1.243493250240581
1.2210847106892904
1.1986711819781664
1.1753110155044484
1.1481156420398366
1.1212079343202488
1.0870539144284157
0.5973144201551721
0.7635010170457129
0.9508183844603737
1.1021281856602534
1.2143269623862842
1.2845348437695403
1.3365133560011662
1.3713424795245073
1.3736668460370576
1.3762104514342424
1.370700633080593
1.3490624159076265
1.3347156678919874
1.3163975571521185
1.299927096325487
1.2814860940730664
1.2652606871140355
1.2430681936166648
1.2261858315164784
1.2010537180196639
1.1780775827684737
1.1543795092591411
1.1269579126600044
1.0963429298293963
0.5834041583905195
0.7279376092673351
0.8784218503401545
1.0177079021321334
1.129751284777562
1.2152327010957162
1.2740190578508188
1.3080611866502594
1.3263524739396202
1.3347054632410509
1.331896210774919
1.327901415525975
1.3186000316257198
1.3030631911870614
1.2893224103688887
1.2730624109556907
1.2568267144437117
1.2382334848057315
1.2213201049399909
1.2035766912672112
1.182549857295626
1.1585535435437013
1.1352617801881144
1.1046085182042282
0.565999349351944
0.6932050524813693
0.8135747358972072
0.9301977304630832
1.054143820109193
1.13353532512034
1.1979620528305395
1.242584667422697
1.273395433088558
1.2841026080625146
1.2963953991533064
1.294320866841352
1.2896742273767112
1.2819073792290017
1.2742794101817296
1.259087048321504
1.2515770352099675
1.2333433885672578
1.2180228398886692
1.2027466609004431
1.1837486827843025
1.1637156712436147
1.1413208864717375
1.1130338616703632
0.5385843267613165
0.6471238101146977
0.7457462546856528
0.8641939132710613
0.9695603807801737
1.0615467305286428
1.1231754168066075
1.1743495654023222
1.207727198021668
1.2337679105433974
1.2460990567678913
1.2553430994216823
1.2529414175880904
1.254876651138505
1.2468551673327317
1.240209517439497
1.2298971511173589
1.2233636232182639
1.2090806993223018
1.1960375839082704
1.1811665821016706
1.1642663364145216
1.1459461018138763
1.1225109369761594
0.5230314226320139
0.5892314782633291
0.6957893647129513
0.7909302864691456
0.8983331639564054
0.9757554475933532
1.049197306995404
1.100535722206859
1.1396014552034306
1.1731020317814058
1.1900616824775176
1.201800342067211
1.2104734037542233
1.2127027478773722
1.2200670835644205
1.2123483500240628
1.2081019925085865
1.2042791377261428
1.1978961197414102
1.1860404755248373
1.1748486534450706
1.1628275037332385
1.146571103760676
1.1288086443284842
0.5051034779298201
0.5518075813530098
0.6316875173817759
0.7212170191137293
0.8248525960862941
0.9077442137982907
0.9683953578767392
1.0246910127717914
1.0624305516743122
1.1068959600372241
1.1255744588477272
1.1437103951806866
1.1609261427728221
1.1632604084762348
1.1781659149265562
1.180176203364431
1.1785382689635662
1.1786986133841502
1.174479138697957
1.1695475882594433
1.1633005841765973
1.1531137583160356
1.1427419460139356
1.1308128994742455
0.47457181227494405
0.5027509318128092
0.5670034711996853
0.6595598528537863
0.7523126083868658
0.8260493490020051
0.9008803384579287
0.9490928240856644
0.9936624974811675
1.0368967769163155
1.0693984931260554
1.0848100709478614
1.1002944449419212
1.112816643211863
1.1269279418309783
1.1334735475200528
1.140476403669226
1.1443284289098152
1.1480995535438518
1.1445983207476664
1.1438371264656457
1.1416812364444824
1.1357319819120297
1.1258156429687092
0.4434052114951341
0.4570819596936579
0.5092439896272702
0.5959404717767243
0.6806268981340525
0.7563881628216447
0.8267133168067277
0.8842814571894163
0.9257546483295802
0.9523843541770393
0.9901257237622695
1.0176364305838397
1.0445010682509517
1.0559597956370008
1.071646421780237
1.0861851059676222
1.0935846818652104
1.1012334337471468
1.1047464726588143
1.1110061692490654
1.112762457921658
1.1178271310285839
1.1136496914239185
1.1122041324345628
0.3852203243276884
0.41247019226851434
0.46309647221904077
0.5373498628173365
0.6233600738129679
0.6913346679390866
0.7458093472821441
0.8003181323121573
0.8462705932507764
0.8864322090792678
0.9225764010715711
0.9441837814060304
0.9692517673316968
0.9844042223079889
1.0021568913439953
1.0211098861191221
1.0416314656334889
1.0526958984226475
1.0584242768854806
1.072067339107209
1.0785265440376135
1.0816809536893428
1.0854180945578638
1.0892817698159234
0.3016851390069981
0.3449511168605711
0.4114431224112214
0.49158613685099684
0.5549095967146787
0.6196135084236689
0.6745564429075868
0.7245337046742892
0.7713136872998354
0.806432498251117
0.8266300118052762
0.8622462266174371
0.8843869058307171
0.9051839403822697
0.9320835857721123
0.9599057731972944
0.9783631823768475
0.9916303448576906
0.9968480610855475
1.0156646379519596
1.0341545744573408
1.0350295283547593
1.0420104494452422
1.0556582000895425
0.042344752555837056
0.08275539298471016
0.13094346524990397
0.157051012480598
0.1721475364453513
0.14416045028352492
0.0586910811026083
0.10517394850327197
0.14096078529004102
0.1569320266065659
0.15507978297919445
0.13276192046861102
0.06852122054997109
0.1116461065711461
0.14136388130132532
0.1473062530157421
0.14150561827669125
0.11514229200153225
0.07712733335375951
0.11882150591763382
0.13799425707199414
0.13901993236016696
0.12724571277647748
0.10623476064547804
0.0847888285295742
0.12248587368035413
0.13783810728827298
0.13857557263673323
0.12627698691362574
0.10910306818352428
0.09292604800495818
0.12647133073329492
0.13985692286289136
0.1339475257681603
0.12420632116318003
0.10756779678872463
0.10001443670718843
0.12886354112287468
0.13918040323174408
0.13487178451655962
0.12702011686827144
0.11347823815305558
0.10831931046812546
0.13469979650451008
0.1415513998434733
0.13695923030947868
0.13070575030189643
0.11197880175511415
0.11393312157984198
0.13415480068187402
0.14368151225923548
0.1421877293738739
0.12982598375805604
0.120478848461537
0.11749125668686072
0.13592259287615732
0.14703298193731903
0.14463219975781555
0.13091178994713382
0.12666851679224134
0.12147175067857939
0.14068401708826989
0.14941921464833824
0.15116488287292856
0.14427910504415947
0.13312668593854965
0.12607474957794956
0.1395462374478947
0.15452996987161405
0.1555788590760239
0.14714480751019413
0.1292603538846965
0.1289647571106884
0.14513527495618167
0.1587017478400973
0.16031608003654552
0.15165920295109667
0.1332324672349555
0.12786613134329633
0.147567212691696
0.16372190104911027
0.1642489838888995
0.15467707425584437
0.1397176659576609
0.1263840750212929
0.14583705134276195
0.16558057127556602
0.1728290643790189
0.15742339533540406
0.13347200770815126
0.12624943164416283
0.1456098551340115
0.17144096086086252
0.1755564202205324
0.17044427195115527
0.14054723544429976
0.1247796085824705
0.146384914081805
0.17156956157512254
0.18213647655643184
0.17290992214095385
0.1427589528120597
0.12107031838494697
0.14467704263871478
0.1731847499255899
0.1882543846490034
0.17800992245516586
0.1458804084502105
0.1130202484485283
0.1409080709233249
0.17786178460193897
0.19536795552275177
0.19153147358830394
0.15206193716876737
0.10295472175081546
0.1401740029138053
0.1800540229213278
0.19802541235763163
0.1963059809338381
0.1619545993663491
0.09378385506541183
0.13262991773766092
0.17622767362314962
0.20228763503992525
0.22019069407131697
0.16942999694283623
0.08241223519569232
0.12429765121576247
0.17558857956261423
0.2078313922554053
0.23834017016887432
0.1833761679382698
0.07220531780567423
0.11463076047805429
0.16951517764459362
0.20708303660438948
0.26599714584839745
0.19449357027556166
0.04849385343558855
0.08746987098131825
0.15008975446314354
0.18245126573493695
0.2840010194470543
0.18834196256141572
0.18220827958428965
0.27759628824946714
0.3630175571214901
0.4150359492282324
0.49416380992735964
0.5506807612296671
0.6011225039832987
0.6498661544866742
0.6907936286320386
0.7220485979751312
0.748159500410077
0.779083475927073
0.8060554804418472
0.8285602299114406
0.8490901213446392
0.8810902202460402
0.9089676889024667
0.9137844243938988
0.9304146602040708
0.9535283443530548
0.9636302623122611
0.9826409824625227
0.9919794977331339
1.0087416898683916
0.14212976021324253
0.22077125759777527
0.3026627830136416
0.3678328623464978
0.42717504665771877
0.4750933087179759
0.5352628333862613
0.5671375344379531
0.6099835125783191
0.6505279029605229
0.6648059955645265
0.6788646372605303
0.7271518754387863
0.7439973620754495
0.7743532551221344
0.8026979920033865
0.8313343912542451
0.8520336116033134
0.8619580245348636
0.8935784045819156
0.9063271370613557
0.9213850479460498
0.9268022112260107
0.9537904302305316
0.11867871645548367
0.1737997054209005
0.23297273321893797
0.2962287641231015
0.34264891590270374
0.40667340520868156
0.43343949138104354
0.48328775343612673
0.5099611881153265
0.5392342230088221
0.5688322156213176
0.5896153456438118
0.6303460362555151
0.6682092604294325
0.6814488389703219
0.7195675529345421
0.7439500772375657
0.771341334376596
0.7909280084539192
0.8247641690161325
0.8405408803401393
0.8432848499000024
0.8712097240196356
0.8969855238088605
0.11270799291154932
0.14533172732485844
0.18029132115892776
0.22027332980625391
0.2659015161970745
0.3070676767197551
0.3333230762881033
0.37092633935335617
0.393690380873438
0.43151019887185116
0.463212953039174
0.4996409232091541
0.5318519502261535
0.5653968204407709
0.6057003813752502
0.626356228795061
0.6622147270010902
0.6933881516575113
0.7275243098629803
0.7507097061914767
0.7730400695621098
0.7867691396119105
0.8103347564899555
0.8308874105500068
0.11392314065412068
0.1323189889723312
0.15061293182667868
0.16634282103289477
0.17802557712788447
0.20890933764105946
0.2494484042739501
0.27170419980879135
0.309755975612223
0.33822002867550394
0.3722231589227024
0.4193386092103696
0.4443368004519881
0.490701887319825
0.5317630565393153
0.5617344133647064
0.5981974892001004
0.6189701804681329
0.6578962915976074
0.6837230941462146
0.7087645752852352
0.7318081796964826
0.7472275487923937
0.7825559688790454
0.11966362716352619
0.13576053102318847
0.11507318030313196
0.12198327978930801
0.13541798846405784
0.13972941015931506
0.17060911717717064
0.18010694731448684
0.2095716904908147
0.2647029787305183
0.29770932810615913
0.34583379181257734
0.397378028339623
0.4254143417583408
0.4667823601095956
0.49871586206635565
0.5328840577177466
0.5613435428632663
0.6076740807887977
0.6337281986978307
0.6565866376275675
0.679713346845219
0.7103332948943626
0.7503167989726706
0.10284923462763573
0.11019888501070896
0.09814131348661248
0.09727156201739973
0.08202803279817705
0.06923495365803589
0.09418632408392336
0.1363573431914319
0.16951125037545123
0.22329756512387422
0.24807031913672184
0.30496967440715217
0.3427057507877812
0.3893024895925551
0.4208202584515587
0.46334602760097143
0.490100829736939
0.5336048358712144
0.5750490552679812
0.5942445121061042
0.6306651290565378
0.6655864347630636
0.693037783391035
0.7280631975384104
0.11680791318785327
0.09675417039271861
0.07470042979200353
0.05541458097836649
0.035659769918314765
0.037364532427464736
0.06812301209340554
0.10469091397843922
0.16963766205317832
0.20196630157012274
0.23645072196704187
0.29524843693613134
0.3286655705985704
0.36617127554140727
0.41266519019901404
0.4490375194606079
0.4906184366270001
0.5194082164691924
0.5619744658087861
0.5929742112756816
0.6356020101853781
0.6659283223203646
0.6982675840825228
0.7362361230330366
0.10295131962671794
0.09688369009774628
0.05537859440176496
0.027906305413510468
0.012028594504587153
0.03250177530411802
0.0918735896970928
0.1308031815046642
0.1705341566706845
0.22546390476140366
0.26719514903092034
0.30941514274203286
0.35586454554512503
0.39221349017192775
0.4337211208552313
0.4689095063598919
0.5094315887053942
0.5458321705073297
0.5887428455637655
0.620826894413167
0.6574181592165615
0.6912170965138608
0.7220963079106458
0.7628547909503515
0.10524552785885449
0.08698215216111149
0.03585371302793594
0.0024528189051443716
0.025654785736361374
0.07132079030421623
0.12272478517623364
0.1819098248886878
0.2241420251057138
0.26370254585761643
0.3055602907178362
0.3494162183536522
0.40191071901073794
0.43794983974119606
0.4639043586258077
0.5116292538687821
0.5505890845752444
0.5912824085945628
0.6315651038497155
0.667425463457086
0.7028601298158856
0.7411740506809952
0.7733943409387214
0.8131874502846812
0.1148883660064497
0.06819904865896242
0.032828404844516434
0.020878897313682532
0.07726769725429972
0.1456750376538467
0.19342607570728954
0.2540293683792455
0.2901153118490847
0.344253865040283
0.37796212872611634
0.4319857117725523
0.46008090067131513
0.5077386776380275
0.5616733579663759
0.5781561552241314
0.6253327549344307
0.6641538924790944
0.7046936639863679
0.7355705059731497
0.7712490505918185
0.8072848788853414
0.8372904253613517
0.8638573333201713
0.10937823046917666
0.060076656340178114
0.023084491641619964
0.05715160070304692
0.14101760790379037
0.24027960397111736
0.2831746240303933
0.3368146532512931
0.3852186054668537
0.4228064694872907
0.47140984934081875
0.5075604388638972
0.5522005169555363
0.5951128032704144
0.6282378150039366
0.6788528726287157
0.7084350496110041
0.7481012646530449
0.7879115577471861
0.8242960200479204
0.8557438228631422
0.8787032047024594
0.9047624023851035
0.9317937031823915
0.10410459861371663
0.047827438959493984
0.051254875933625765
0.14235002908307115
0.23757720885555078
0.33961307259697643
0.3774194609935282
0.44672800772742594
0.48653935176494695
0.5385153614781185
0.5791381987417372
0.6059162652073965
0.6469100219262267
0.6932551181183435
0.7310047615257111
0.781373558915868
0.8122413042092713
0.8467234271200496
0.8776474413468599
0.909431634042156
0.9313031469878077
0.9599548928187263
0.9795910964653879
0.9999513066975206
0.10263982440007574
0.03675791657807176
0.0908802203296758
0.2138726917064846
0.3314138176844992
0.4346173560898538
0.49349188059088495
0.547202648197865
0.5958586387485254
0.62977139539996
0.6762460572009434
0.7115173361530767
0.7558124448085679
0.804626775509042
0.8326814474456912
0.8756033655218409
0.9020896972930453
0.9377376308336405
0.9642621109153813
1.0068584673042027
1.0201836707012013
1.027344685431539
1.048116987538577
1.0627892327609811
0.08927223181057131
0.04268657125186215
0.15477221287131893
0.31873277710697195
0.4647559385008981
0.5346130358702779
0.5989452819275651
0.6611145620404968
0.6987010597335913
0.7423523865790626
0.7837012517024204
0.8213407111448647
0.8686255543422585
0.9118373458157726
0.9399836262741609
0.9730771829317696
0.9947809224289853
1.0444832163357516
1.0596433577940128
1.0792312798862573
1.0897712280560836
1.0996845055660285
1.1057737896110689
1.1154186766851035
0.08166456477589251
0.07852101460324995
0.2548644509047147
0.4374722433748719
0.56023109852405
0.6410744945273178
0.7223966651918952
0.7638981384004148
0.8075925563882017
0.8487795114672443
0.8958955084527473
0.9359377488659059
0.9783454374425096
1.0090521724261452
1.038362518804007
1.0678917759087
1.1070057762732533
1.1227546223687597
1.132642647935535
1.147194705921237
1.1601389972391145
1.1628052987394188
1.1536351503002873
1.1557682538906338
0.07000804004222316
0.13106252174686783
0.37063604800181876
0.5458043769824035
0.6685725092502491
0.76209041072084
0.7983224317712622
0.848108870995348
0.8995635124111203
0.9296619639730094
0.9909997693158192
1.032627550207657
1.0676469863060367
1.0943639483661485
1.1322438513056015
1.1553070825536236
1.1755205646890081
1.1875047073695153
1.2035706735620413
1.20165782901825
1.203384515726236
1.2037109398050487
1.1928693291306727
1.1878601777215723
0.06217002965101831
0.2016258407969072
0.475222351470611
0.6649956241229511
0.7749288533421625
0.821672119913629
0.9082683531290695
0.9581776108975543
0.9924172777832048
1.0401593078560771
1.0755340269661788
1.1315055083100924
1.1588256755218074
1.1792711198988841
1.2182562206653833
1.2223645188338765
1.235145641086158
1.2427923576588351
1.239484463177973
1.2457603097109513
1.2402251555873993
1.2298265424388604
1.2128477045512815
1.2004595875301307
0.08198731101989648
0.314256537593608
0.5975983623611554
0.7406791547141148
0.8529426493670016
0.9489181859934973
1.0027971996325564
1.0470865773532796
1.1053761983511086
1.1384733409998669
1.1659311367766405
1.2013285000039766
1.2280601744515476
1.2587142868146515
1.2716705383125468
1.2723962357881156
1.2856653673013034
1.2798400044700597
1.2757214231622473
1.2715284393858193
1.263604424634004
1.2406071223743675
1.2290728598383294
1.211547110502704
0.09916610302257128
0.4484917901018523
0.7246615776444272
0.8418531018042892
0.954546999887708
1.0120606482219805
1.0789720744401974
1.137729208430199
1.1784114005327746
1.2058242676558861
1.2388818071355314
1.2703115637514721
1.2862441367632833
1.3039014207027761
1.3074811560694652
1.3176935026812868
1.3083039663636342
1.3127764312017118
1.2942240222380588
1.2873278123007228
1.2746649514137156
1.2536325212544395
1.2308412556064738
1.2058666357114352
0.15631933725569758
0.5942400237960621
0.8291003749867395
0.93282970595926
1.012654615046222
1.0821911322345432
1.1364884328791094
1.176708133529728
1.2203949558324212
1.2673505899625257
1.2944615229225023
1.3260348521278293
1.3277296354192791
1.3421734842535435
1.3440288501819475
1.340887345457244
1.3298972117651928
1.3232864327808638
1.3033642487085062
1.291125173204015
1.2732317341018153
1.2495737037353023
1.227999867715257
1.196298615455711
0.28116177050862146
0.7317076752497599
0.8738829626921094
0.9892151009840636
1.0772944860871367
1.136987047653007
1.210417325595148
1.2466388431784652
1.295540255940745
1.3192416185736702
1.355467779866537
1.3530494177684425
1.359405953084441
1.35813501218304
1.3517939097125853
1.3469237645122893
1.3363064095545232
1.3228115476502227
1.3024465294677041
1.283401526390189
1.2601825159421656
1.237400754818186
1.2112482853868598
1.1826618983071797
0.485694919815846
0.8124843758181571
0.9784578443251587
1.0297053679469028
1.1334416282708857
1.2066904346718572
1.2511155989009706
1.3076484150451526
1.330530111815095
1.363394822027924
1.373347864059625
1.3820776145859472
1.375027990144511
1.3710640066173203
1.3639205560508576
1.3457161774192083
1.3319366174761251
1.3123881628155032
1.2963492580693872
1.2733584288270319
1.2539515652311668
1.225850584750231
1.1961055704549604
1.164499583279641
0.6820408876128887
0.8903288542630643
0.9934914384741422
1.1048675016904568
1.179463232236731
1.2360333871681917
1.3053652962033615
1.338078367242212
1.3686845974301087
1.380010532878985
1.3938042855658375
1.3935215773272158
1.379368945683236
1.3702024032524978
1.3546350208960831
1.3399337553527888
1.3227069814980394
1.3001901863166654
1.2812129460244748
1.259218382660868
1.2367158027254648
1.2085825240068253
1.1793097984581813
1.145270879486484
0.09558728137176843
0.2103630625246468
0.238357969535508
0.22337602686134134
0.2353171052193206
0.4869719721462815
0.14918858431743762
0.22304613884385632
0.21510232505221696
0.20704532549026972
0.2584531163832841
0.4539273070662606
0.17279768058305714
0.21220962127608828
0.19571673263647563
0.20686185162481435
0.29340572333726345
0.48320475439864585
0.1911114149813706
0.20359752807358472
0.18378740065052562
0.21159254165970792
0.33028446159499947
0.5226435847550094
0.20751958651895602
0.1966668981338209
0.17744765079775376
0.22598312689778766
0.360026122613426
0.5508040392798363
0.2200954389170691
0.18805185761763063
0.17554375825825436
0.240162911526849
0.3859369824635796
0.5859376330286001
0.22897178582808703
0.17762352344796042
0.1726972883746219
0.25100373596783027
0.4073603248135456
0.6105631101694915
0.2386018318058714
0.17669974172171476
0.17357801549398996
0.2617405554748812
0.42972232850819664
0.6410171239144635
0.24248234835075982
0.17148436572570128
0.17248098364203857
0.2699978470123651
0.44708628340458945
0.660830317976598
0.25472701139567727
0.16803332885448632
0.169501520550985
0.2732752795611854
0.45832709630290197
0.6784613771074544
0.25715269560658843
0.17000752347956777
0.16664333486635374
0.275050385131387
0.461609884323219
0.6860934258229556
0.25801823968260573
0.16582760433794863
0.16476646975556913
0.27085442669368043
0.4631345542305271
0.7075726754269425
0.26415684482137425
0.16295517947278793
0.16039268648369803
0.2660501966513034
0.4615407232726497
0.7140124297369687
0.2569837430316255
0.16195252588884274
0.15415137600415524
0.25711572306959396
0.4563648798349841
0.7131832144610379
0.2520877071539363
0.16592114828903448
0.15278910734498882
0.2452777819452941
0.4486694981660452
0.7018060284801318
0.25138687458812353
0.16885550773587277
0.14932683379394868
0.22946973656335934
0.42149838678342627
0.683317911042738
0.2455026198584373
0.17201559862137855
0.14998659957317162
0.21249301850844496
0.398182425045421
0.6579143963473302
0.2386258322039589
0.18596194039338004
0.15189804981475546
0.19482936763348954
0.3669628706886089
0.6334753451514623
0.2260341613046868
0.1895491023668977
0.15964887797173977
0.1762726904150308
0.3249162575244656
0.5873013075938345
0.21727455211121824
0.20129298585246866
0.173548453609356
0.16434216036764057
0.2824172933142527
0.5390760890479093
0.19619000849699275
0.20524690987178024
0.1937363864651372
0.16144872781474298
0.2406698114640593
0.4677251658909087
0.17884340948323005
0.20581941222778385
0.21428765507617248
0.1769050489566258
0.20683992258724948
0.38187788026846986
0.1596264879827905
0.20118686048983705
0.23189730783535223
0.19929017132068427
0.22324620144936835
0.2911318994713208
0.09609373508281593
0.15799850238276042
0.22321221998355859
0.18689378271488868
0.3214730682506217
0.2490761874059738
0.8082937861544145
0.9160637425489725
1.0186704351264653
1.1197283936428988
1.2071923909589588
1.2837004389644215
1.3314266097660217
1.373375945938473
1.3889591754757638
1.3944008855079515
1.394579336255689
1.382461590753966
1.3696767997148143
1.3611730482512645
1.3467948746888305
1.3249979929843836
1.3063796744011416
1.2846829582232009
1.2653838832319644
1.2446280323709364
1.2179810835387437
1.191018064851545
1.1605766530362143
1.1258240973356393
0.7717846130750108
0.933737529457013
1.070364950531767
1.1667194047939875
1.2681311470884444
1.319005179354059
1.3551607629667615
1.3796003833113701
1.3935779268668003
1.3961076659592337
1.3858993883148143
1.3709313547226782
1.3594457441280734
1.340669996726089
1.3233843147470237
1.3042052239668909
1.2879083160894915
1.2721547292078879
1.2481490073389467
1.2238436577324494
1.2001172425586075
1.1717173858416565
1.1424724518137817
1.1088479354754752
0.7831641724807593
0.9631887101141129
1.0851150231645617
1.1985997122172123
1.2827900940500907
1.3460370581229053
1.36927203242493
1.3891727017130002
1.3909750364180304
1.3859031548244227
1.369552349634382
1.3626723752204206
1.341259035921817
1.3273239277772444
1.305856590690913
1.2874267738629608
1.2701349727191278
1.2532578466757216
1.2273182110604028
1.2054436005336135
1.181411732852439
1.1547358120429507
1.127360544379622
1.090833575788356
0.7947415817092062
0.9719711803770329
1.1047165107000776
1.2318142270427932
1.3034373258602991
1.3448878859870739
1.3787104124812424
1.3835112150452435
1.3776933938848912
1.365396388875852
1.3565919066917849
1.338607298710213
1.323035212299908
1.3042243397761981
1.2844027180625646
1.26411298717043
1.249999345055048
1.2306654110872535
1.2113350506306348
1.1898757798475341
1.1674934430993533
1.1374131827350948
1.1138377963683899
1.0772912023020298
0.8033954221192686
1.000834245911381
1.1441073662832497
1.2539971967610706
1.3228517219343734
1.3553425480516557
1.3805849424657417
1.369017258971323
1.3610500253829656
1.352576368322198
1.334646318109957
1.3192239299458925
1.3016260380566307
1.2855270900215776
1.267882939948569
1.2466950360820248
1.2279758651212744
1.2140720955536226
1.1945105953134185
1.1718986736147927
1.1492572024522523
1.1200871026777717
1.0944275234294578
1.0626220800028776
0.8221206500761211
1.0352611909660816
1.1801470546223787
1.2626503427439826
1.3265376118681185
1.3580966886248103
1.3582298025479722
1.3549350332029193
1.3459671953865264
1.3291449652401357
1.3084826858566245
1.2968626398553016
1.2775162541439542
1.2580333735761369
1.24688029737741
1.2289704415259046
1.2129472950384668
1.1930044638478938
1.1727919877807191
1.1584165389537702
1.1326105330978795
1.111362141119077
1.083178078844736
1.0499104942250619
0.8492156162230096
1.0526845800559532
1.1941535805803891
1.2838052882040212
1.3308812992643815
1.3407878333637104
1.348604578094788
1.336071374081449
1.3286002997586526
1.304730283943611
1.291414683741974
1.2751807186269146
1.255887843484336
1.2395158414154677
1.2263960055278138
1.2047375641611882
1.1946276670835443
1.1701167766691611
1.1574099162475233
1.1387909079868608
1.1187289232123818
1.0947494545021943
1.069481753397631
1.0399584858942297
0.8698405352996891
1.0761531964616573
1.211508054664582
1.2946020482809732
1.314112078541037
1.3335556561722832
1.3225781489231867
1.3137492070304821
1.300170572812238
1.286595928001091
1.2699809517293945
1.2500806007718492
1.237263025221539
1.2217103254937105
1.2043821925884324
1.1899099384119358
1.178289757407722
1.1581906782504428
1.143703596482963
1.1282077294856292
1.1047966737531358
1.0854944628076795
1.05948453046115
1.0320560130458232
0.9060648767304633
1.109147926118127
1.2265741527646625
1.2889146826421527
1.303584310380888
1.3061436597877971
1.3050448338820348
1.2885401512356705
1.2736895711262983
1.2640983650162132
1.2461029271193824
1.2260447979064535
1.2109556296007036
1.202661739703162
1.1888007003523655
1.173380791988314
1.1622014926591604
1.1484620529467946
1.1298169281222474
1.1159113842842288
1.0930227684443525
1.0721079514914211
1.0509691950997122
1.0227715087005116
0.9299649985667324
1.1184553044223509
1.230005595600546
1.2766020606705597
1.2885039772573808
1.291819329121788
1.2773738011097127
1.2643442553382207
1.252744625536464
1.2379283030876516
1.2233010403425548
1.2093722119591637
1.1983184282879087
1.1903763220428227
1.1752052794691807
1.159748676315829
1.1482034734465225
1.1329698505095154
1.1187135891947833
1.1030430220191207
1.0860204383088043
1.0647660329851374
1.0433259802295252
1.0187828221908444
0.9425066128864231
1.131050548290647
1.234666365189161
1.2709400137041982
1.2699074209687005
1.2706965822603187
1.2564108280319026
1.2440797137958048
1.2257176043761728
1.214977541709813
1.2069721817792955
1.1912998967949964
1.178640426930114
1.172479585132381
1.1587942866966932
1.1422274538287442
1.129463919638621
1.1190406196771425
1.1075301294050306
1.0921130789078661
1.0753551136470736
1.0567901477791506
1.0362034410868093
1.0119108913433288
0.9640635148408907
1.1333242743140661
1.2186900899919733
1.2502439310537528
1.2503615959967758
1.2492445889426964
1.2367406224338056
1.2198980479374193
1.209620824466282
1.1887028649259477
1.1844356184536424
1.1759952695951807
1.165331162914716
1.151213715202041
1.142898146274278
1.1356253805481382
1.1190825647663356
1.1097654276312203
1.096298458151281
1.0809401457718568
1.0686544204429276
1.051419312182498
1.0296674549801677
1.0063651853077282
0.9712913367572793
1.1440425433065633
1.2172436403637106
1.229501957651768
1.2270773692301131
1.2134386057376598
1.1992180354303843
1.1976299766485385
1.1794120073550547
1.1731700462941559
1.1655719745701971
1.1579913038353187
1.14550955620639
1.135389205972563
1.1221494866709274
1.1189899662936111
1.1102600252285137
1.0969013874101097
1.0866694654294755
1.072728905212375
1.0569029780767352
1.0435656791493553
1.0240946996604263
1.0023305719294364
0.9711446630759417
1.133764500525368
1.1988048799791133
1.218492784651767
1.2093893773756712
1.1893335266737117
1.1769678626371007
1.1762506247853663
1.169416289025199
1.147522403961381
1.1464300238429521
1.137970255643141
1.1361550335503943
1.124334034976923
1.1156136341673852
1.1087273772947424
1.094225588121575
1.0877082966533902
1.0762144233244249
1.0647126623809773
1.0513597921341633
1.0361701814759348
1.0189272456483043
0.9987546144727818
0.9782957333940119
1.1358854058548737
1.1832836333288763
1.1882263072197543
1.177344398845703
1.165838068229819
1.1641089549011805
1.14950726684491
1.1485561784826135
1.1344743223779767
1.1254908901956766
1.123396495001545
1.117583927616418
1.109274010635235
1.105169226216257
1.0974163491117364
1.0890707148267966
1.076126471626167
1.0689955518094636
1.0554089581104995
1.0444576580374516
1.0310582025819122
1.0131095316115788
0.9957103965906922
0.9763171451084426
1.1161133315618414
1.16801533820249
1.1609283697204602
1.1717939253498926
1.145374742381697
1.1325692392501685
1.1303432795516306
1.1195060056970014
1.1171579933457716
1.1109065650336019
1.1074364748374903
1.10115938179729
1.0949290727498175
1.093481408787982
1.0861518239862922
1.0755176886460511
1.0690485710771647
1.0600836609035362
1.0488244686226555
1.0378847141332532
1.024480831772312
1.0103656850423777
0.9935362535402826
0.9683534128522522
1.0997985362979155
1.1415277894601503
1.1335703255296554
1.131068245156622
1.1267030811393681
1.1183532479182752
1.1055824302408437
1.0964725632191783
1.091840897912469
1.0937764849937641
1.0926038663472446
1.087467347432052
1.0839529756515618
1.0758587998139126
1.070769619517135
1.0654104630101058
1.0582105716415997
1.0494143487998024
1.040972661333336
1.0322935403671485
1.0200005315682354
1.0077308882537388
0.9924289053376616
0.9548428661916102
1.0890010954671234
1.112980736972056
1.1061384995157004
1.0986940874014588
1.0944141155295397
1.0891090612642784
1.0906791966123037
1.0856643279248277
1.0805143160913688
1.0766059707568898
1.0773093053155303
1.07437596648346
1.0750075799122374
1.0699350393448956
1.0627740578185978
1.0590752034100528
1.0503687833884634
1.0419019024647809
1.0358688091002783
1.0257305688347496
1.0177375654899439
1.0040878086016725
0.991506090892492
0.9405899274926874
1.0691418944728848
1.0769039716917561
1.0788161176944016
1.0758882340842122
1.0686062970036692
1.0622841260558595
1.0590446024381
1.0611189232013152
1.0593536853160184
1.061951258108033
1.065217622316999
1.0596414558820682
1.0583563521171429
1.057166201633374
1.051734341654173
1.0470135549162807
1.0419348873166239
1.0348137438095995
1.0272322927347033
1.0222005449790377
1.013298128167643
1.0017207550661698
0.991525256148275
0.9119445732301614
1.0290333139528067
1.0581094141165477
1.0547086367698433
1.049532143401266
1.040863831674628
1.042877154793381
1.0398037634921729
1.0406095813118914
1.0430795692923869
1.046527023091772
1.0478673021937284
1.0485233959468379
1.0454533217814186
1.0463226552663039
1.0413345701391301
1.0390962829629087
1.0358884271542501
1.0278249831351287
1.0233576106417428
1.016713979534445
1.0098188499269016
1.0001635353099303
0.9904299136186339
0.8859876486820706
1.011122942740194
1.018685639850223
1.0171326608894669
1.0163223830097006
1.0216291496110088
1.009876294106023
1.0138861257710867
1.0180551626092496
1.027336122739314
1.028045824050857
1.0335417011194836
1.0363132929060337
1.0366714427263244
1.0344864344970068
1.0339149362478661
1.0293090020294127
1.0252547726211196
1.0229093916870338
1.017618544694935
1.013381548629115
1.0076357296529563
0.99950862684703
0.9906417178981747
0.8579193317460041
0.9589672454209527
0.9759911329911007
0.9767752433089504
0.9806927011679029
0.9799358497000711
0.9906703581672134
0.9959089343765011
1.0011491857236392
1.0063984697191284
1.0101215788305105
1.0199961312221408
1.0220476990269625
1.0226369969583036
1.024979900336011
1.0220718132805338
1.022076281712066
1.0195482805808738
1.0175473735217362
1.0121823261327418
1.0085440576466331
1.0049227085259376
0.9973804960892358
0.9916931042720728
0.822926994805267
0.928066203279299
0.9303083988217141
0.9400442705255145
0.9455345425079772
0.9531221546895483
0.96444863870811
0.9704986157848903
0.9830370219959269
0.9930854016437447
0.9992710746015522
1.0050957925519313
1.0079381548331885
1.011584280899695
1.013836065531462
1.0140518168281913
1.013170497614803
1.0116975592996966
1.0109325638346993
1.0085665801122405
1.0057110620549523
1.0030133862476525
0.997733971038869
0.9918796018880445
0.7700666571644448
0.8520917414494976
0.8755797847212005
0.8903523673219536
0.9065720870397181
0.9198951734652426
0.94076404151895
0.9507161993377413
0.9630928584950589
0.9733926263827442
0.984491174058721
0.99187233707324
0.9973237321442477
1.0019454852717637
1.0023136469217706
1.0058342994746565
1.0060043844916284
1.0058286398326375
1.0064890012800565
1.0045653868196411
1.002994693936876
1.0010970365415905
0.9973723476935895
0.9932435278660906
0.0595998626466223
0.16409633848137867
0.26608587070763984
0.29848915197494347
0.30682478591658113
0.3360292320346715
0.09685373002270412
0.2119078355470019
0.2791412019352809
0.2922943498252083
0.2794111905792597
0.26112829002520216
0.12130620381593392
0.22527321764972283
0.27287366248147904
0.27895341232761856
0.2706488924029256
0.2717961953053081
0.14505487604546646
0.23392324491519495
0.2681131354779494
0.2671513075107607
0.2610776895685934
0.28480260448104494
0.1662639774910667
0.24213425886763318
0.26657687437474636
0.2609545949519803
0.26146206739778083
0.29176418087767403
0.1841399004461809
0.24593953035205762
0.2669257357122365
0.26231397662132694
0.2634659007660751
0.29838816180379424
0.20126240090941303
0.25049897971094176
0.2649094269275027
0.26462387135239585
0.27151061104452745
0.30836619931539355
0.21374026380379887
0.25654189635209074
0.2682136748006714
0.26959643583147264
0.279864144770505
0.3189704289161135
0.2238865172077296
0.25956635819070073
0.26867179045240597
0.27778111730229366
0.291100038805358
0.33110881838630113
0.23142236137013478
0.260005879585069
0.27777267951792156
0.2853817607042733
0.3078029578690226
0.3508582624959726
0.23528433639285382
0.2633001733394485
0.28326719502794206
0.2992156717708948
0.32777657309119745
0.37054559694616457
0.2378630807243046
0.26381988056039657
0.2909361876331409
0.3185077329606292
0.3484858170316639
0.39598147914919746
0.23903812297731017
0.26693441536876206
0.3010129916382991
0.3298720795236806
0.3706055865559354
0.4243515978162782
0.23950686991233977
0.2646549783646128
0.3059923968841086
0.3415139665604306
0.39042505504079483
0.4566344791352016
0.2343978925412821
0.26894516554264664
0.3127766113488227
0.3580833917761804
0.4200431629625397
0.49163738737118884
0.22596276345128283
0.26224791310494594
0.3195367324150578
0.3750720189490784
0.4445149593952671
0.5296761005542343
0.21545393887154804
0.2652953519224153
0.32112341699726854
0.3830423804328354
0.46550887970746024
0.5624068736774851
0.20224453792676833
0.25934427365958
0.32545830374458806
0.39493083344667024
0.49406466750056205
0.6025214351897652
0.1882892596551377
0.25708926962914597
0.3247866607841825
0.40858995747148336
0.5182404994718084
0.6460715234935137
0.16709631473732134
0.24571841087827864
0.32144050289065973
0.4038515054721057
0.5276518064275149
0.6805026235898737
0.14610661567050595
0.22793519430323794
0.3119673436390287
0.4020159206333397
0.5325961092026725
0.7057778232071965
0.1197076099142349
0.21393834110767226
0.2935979401094427
0.38884256965603525
0.5255341693222051
0.7359309572920367
0.09055317689886432
0.18982629540237453
0.26758282776275083
0.369264453477101
0.4947603210224335
0.7764211951096225
0.05731101890992655
0.13540946131185694
0.21844044429419185
0.3348850114030364
0.4293999980232343
0.9241519378103222
0.6645904671506964
0.7679651318736469
0.8177928589704712
0.851899454080178
0.875602548030026
0.8981249923885051
0.9119693539971251
0.9313099120186888
0.9465504058652661
0.955304211185631
0.9683412450974908
0.9764598921697503
0.9845021039048162
0.9919950783900241
0.994989558087703
0.9963301301638202
1.0011014748609008
0.9996576133195582
1.001558663702948
1.0012574046444809
1.001615855352949
1.0001341786830436
0.9972411711045827
0.9940374788072158
0.5693975746026716
0.6912319865774152
0.7607937919758012
0.8043542300747424
0.8392090938054558
0.8665917541394847
0.8919864765509167
0.9079259013278715
0.9268021121290855
0.9443452544742198
0.9547671976670441
0.9653228510021505
0.9729143915784995
0.9810942203091083
0.98466558773158
0.9889881084462988
0.9939104105225207
0.9976462952200934
0.9983587372326883
0.9989196651109246
0.9992100225375488
0.9985918757801161
0.9975374679690979
0.9947663182368852
0.5035095925107944
0.6349380554532917
0.7118090953658109
0.7656821381161361
0.8092730028218802
0.840635961050979
0.8696853615405588
0.8929295390274322
0.9149117860259967
0.9265667863839562
0.9440248319624648
0.9551529462665547
0.963570110719648
0.9723612286624082
0.981092794038799
0.9872154565938009
0.9895923597295059
0.9929165892472817
0.9954152814539339
0.9972010800530007
0.9982007109554439
0.9972828504478871
0.9972501454144221
0.9958482102184972
0.46555070744528154
0.5950951342024953
0.6740028276271008
0.7364792754004491
0.7838687964092506
0.8218257024836201
0.8506614441386174
0.8788823623436561
0.9000495263378873
0.9184720752246618
0.9334006600434552
0.9474241222496688
0.9576261256788863
0.9672451006504696
0.9733820971491837
0.9805974067459357
0.9861159360803189
0.989997164042529
0.9933451887569937
0.9946795894719608
0.9972864021064997
0.9980823297155106
0.9973697312767216
0.9966089240162695
0.4353575075066394
0.5604939649909277
0.6467369230235511
0.7147431539714546
0.7637349900888227
0.8042245968400559
0.8392359518800121
0.8652077723069025
0.891160388818992
0.9074060674608382
0.9238035526403169
0.939462405863011
0.9523890971251313
0.9619554007556974
0.9700250107654332
0.9777943451003345
0.9844839051132959
0.9876499950851301
0.9911503858441243
0.9947924225433619
0.996625785677172
0.9977030727847326
0.9982453593783807
0.9979147848788935
0.4156383575183412
0.5387141950736687
0.624817957257427
0.6963746322010356
0.7508104801399461
0.7920130066972142
0.8284565190764468
0.8578517943606062
0.8810911686450104
0.9017297136309594
0.9193462047164184
0.9354203704892436
0.94766369086773
0.9591979830044607
0.9688972133248378
0.9762112581645614
0.9819830620144606
0.9865265677269639
0.9911246289129533
0.9939419354590964
0.9967181704046209
0.9981823348155918
0.9988586027816908
0.9987642125978053
0.40707535372490766
0.5231309972815741
0.6123093967315878
0.6854391962179701
0.7404860116944787
0.7842539990419339
0.8216042305903432
0.8508044065173188
0.8768108192360109
0.8974149716634586
0.9168890052881038
0.9324457024709484
0.9447921199953714
0.9574329205098616
0.9672466546091206
0.9743292922145272
0.9811135897682473
0.986799373238977
0.9908924737270075
0.9943483882793881
0.9971084165472293
0.998711462469079
0.9995115516153462
0.9995244531871007
0.4058884552504644
0.5179617547071143
0.6057826752558509
0.6799688032483945
0.7354159315518394
0.7807434952638508
0.818226692310181
0.8483569632260963
0.8745494664975372
0.8973719313233861
0.9142778745322007
0.9313934739090952
0.9464666317595778
0.9579668757252108
0.9672235881006004
0.9751517990543646
0.9818479333364482
0.9874149259687619
0.992030149131927
0.9950512936303049
0.9977722974926477
0.9994281389137426
1.0001647275534697
1.0005303337323437
0.4132717452059735
0.5190939125904743
0.6083158258196416
0.6789516660437369
0.7357197151998978
0.7814160943651978
0.8180648949258664
0.850059439122856
0.8767831429658655
0.8968336664472399
0.9173781388280606
0.9340954800067421
0.9476340553600782
0.9593545013283707
0.969276867668089
0.9769538770008499
0.9838710627674766
0.9893105529805559
0.9932577773347161
0.996268406439687
0.9986244192116898
0.9998553732111476
1.0005228053548452
1.0004685797094348
0.42620607300175173
0.5276004400100867
0.6135421418168225
0.6835722116442836
0.7402984136608726
0.7847569698040833
0.8223259925533613
0.852397530472355
0.8804349722859219
0.9026771046009521
0.9216601830406352
0.9375691470773166
0.9517949694312847
0.9628572301930648
0.9722394077834938
0.9798827895881778
0.9865597675358742
0.9915197605743108
0.9952435262713263
0.9980371367383805
0.9996997574131681
1.0013109455155966
1.0009130586948962
1.0000921540562213
0.4458825586294869
0.5434032128113865
0.6254632335827279
0.6950802530668249
0.7493681095011132
0.7926481932953962
0.8290964629890755
0.8603877901010539
0.886816079812135
0.9091605409677965
0.9282743166294097
0.9432999680740322
0.9569673265891901
0.9677396389241684
0.9770901096278432
0.984230253868991
0.9901827854180243
0.9949931035695951
0.9980905975196895
1.0000596025121264
1.0009809145907824
1.0018218032754302
1.0002759870103641
0.9985521239262581
0.47249123528493375
0.5644261139276573
0.64374474309171
0.70958778629816
0.7629503346930495
0.8045990359361724
0.841415599518947
0.8723816498900357
0.8976615953667714
0.9191154783737757
0.9368024802357862
0.9519659788743329
0.9642396478585274
0.9745275720402137
0.9831195453094191
0.9896422104652753
0.9948917082925023
0.9985616795279139
1.0009462601985513
1.0021550127218979
1.0028358127251975
1.0022278762842483
1.0002768564605886
0.9976194766066987
0.5035639026599599
0.5908630203787977
0.666817244306225
0.7303043900008266
0.7814083807197874
0.8212636127380047
0.8578609686038613
0.8861087204164024
0.9099150514199877
0.9314220223203609
0.9476612402832187
0.9612116456797384
0.9732826437316584
0.9827111242361171
0.9906781687212707
0.9964408367787486
1.0001333783674935
1.0034781952524547
1.0049934169292376
1.0052541752138646
1.0045143196904056
1.0033411622410675
1.0001182988566601
0.9963832691220827
0.5368074349805323
0.6258922845852043
0.6981928251844662
0.7550196318181136
0.8045217175392364
0.8434584716740353
0.8767897912516716
0.9030745277273448
0.9268571531813622
0.9439135443232598
0.9612311257069989
0.9743343674309426
0.9846366900167899
0.9931987298591182
0.9992629922662557
1.0042949907526444
1.007142655361855
1.0088262797085752
1.0089440735045385
1.0085328817238108
1.006932143855639
1.0045706446866618
1.0000146421864666
0.9948959690613762
0.5818494785263466
0.665326425190516
0.7352640477573535
0.7878416193002719
0.8322009652319038
0.8695725672557024
0.8983813600107128
0.9235883684042976
0.9442878138909091
0.9617158883532753
0.9769477734824479
0.9893320953188891
0.9968205037998024
1.004270544487039
1.0088558425200125
1.0128125559003245
1.0140316839749943
1.014878318526345
1.0143018941645763
1.0124180593880105
1.009579522239403
1.005736255434112
0.999934643949406
0.9933766580519175
0.6281953569947438
0.7124993442071935
0.7746940266131435
0.8269215434346283
0.8648753219160681
0.8976359004146085
0.9247030116918994
0.946792654032459
0.9674400955277491
0.9828084641930277
0.9949634337003328
1.0042133313349175
1.0110950984797549
1.017858651545461
1.0210404091870837
1.0229672310255669
1.0228122020753339
1.0213067236953168
1.0196511676733193
1.016410594905806
1.0127626700145853
1.008064454544764
1.0002825039223842
0.9925711296817095
0.6774443989084479
0.7639344948893428
0.8249403661867132
0.8682998653749562
0.9025889916340546
0.9339013750848499
0.9558761895934609
0.9758404367470493
0.9920380752982549
1.0041391541736602
1.0160162525987464
1.021715410950168
1.027101222960379
1.0313732056825062
1.0333422381556823
1.0331308790354403
1.032984208544479
1.0301245667967616
1.0256487218064232
1.02204227574615
1.0165991730163595
1.0100774970633224
1.0018218448051988
0.9923781423873528
0.7299794021272656
0.8217598159144235
0.8791601657926783
0.9161741335782129
0.9453992064994061
0.9709247507168771
0.9884592237930871
1.0050677644763861
1.016521628083866
1.027102454779838
1.0371868654725953
1.0417553174707554
1.0455731400761163
1.0472744081060834
1.0467414833285371
1.0458466492470904
1.0421726171329273
1.0385083373914803
1.034156937327198
1.0272679219369083
1.0201499871909456
1.014209728524096
1.0036501760637848
0.9913486406691145
0.8043754196884252
0.8933459573043557
0.9470052494239745
0.9765147235009299
0.9958957793215183
1.016606246753041
1.025806894536021
1.0407124873132265
1.049035464453395
1.0555728449589072
1.058846997570796
1.0652849395437047
1.0640202661508553
1.0639048319077946
1.0618834871051255
1.0601301505458574
1.0537570831371905
1.0495087323646712
1.0420123893827442
1.0351162633496913
1.0265707080754332
1.017490770123318
1.005693323633236
0.9929550452498734
0.8716077345868891
0.9590580660067752
1.0107596038865663
1.0369555822604792
1.0522317732186748
1.0588306907182554
1.0677861854095103
1.0757589491729238
1.0791638897120985
1.0832736061900694
1.0858984836936556
1.0848914914289296
1.0844025769595753
1.0799623461809693
1.0758274340569791
1.0727623722480335
1.0661184925935423
1.0596425940885554
1.0507898051222104
1.0409658415436416
1.0336503574265936
1.0222906465403956
1.0094110091238304
0.9942156370144993
0.9537446240701171
1.0454335110488384
1.0873800936644875
1.105330170091428
1.1110327366080732
1.1116297170391989
1.1118213797602525
1.114935529349252
1.1148134072244202
1.113827204893322
1.1117702176350268
1.1086705663660155
1.1034178552608576
1.0997513485521697
1.093217679340638
1.0867788147941362
1.0781371027152136
1.071744826198099
1.0616987679495762
1.051229893927967
1.0397795679823918
1.029029569017336
1.0132689341508097
0.9949275507320974
1.053218905165593
1.1340241361619001
1.1733038202979564
1.1834115303888915
1.1789846118101694
1.1658058235531383
1.1617286369446536
1.1565612183728073
1.146783945733373
1.1439553292028333
1.1389551865035756
1.1314959266292846
1.1244012244624668
1.1182352086794562
1.1110106372916264
1.1025791140719707
1.0926912589712552
1.0825177244619542
1.070752037442878
1.0608358105237288
1.0488311786855102
1.034186163750211
1.0171457210959938
0.9986091913654221
1.1535395388469363
1.2304789816218136
1.2604385929046815
1.258241329066327
1.2437095044436726
1.224660709791526
1.207525232102409
1.1975702282054972
1.1864796545566691
1.173554309055536
1.1660251952919094
1.1579347272237066
1.1462098307244082
1.1370109193395421
1.1274541988561564
1.1195642880797383
1.1060088861785407
1.0951191677856738
1.082247351698353
1.0704005837789925
1.0549510817540306
1.041483174757464
1.0220848950005572
1.0021443286837421
1.3268259885614695
1.3347052675935622
1.3383499374158292
1.341889210564132
1.3065057568051477
1.285603650380286
1.25733510393435
1.2365479365420744
1.2218622461554163
1.2072522438896496
1.1897364479159152
1.1822761193058944
1.1703938139691255
1.1565008921792628
1.1441707105185426
1.13477616590055
1.1193321171877728
1.1092235137371689
1.0937538196597303
1.081768275193887
1.0646738849938167
1.0471322145778725
1.0286377940484714
1.0047882302263116
) 
; 
boundaryField
{
    rotor
    {
        type            movingWallVelocity;
        value           uniform 0;
    }
        freestream
    {
        type            freestreamVelocity;
        freestreamValue uniform (1 0 0);
        value           uniform 0;
    }
    frontAndBack
    {
        type            empty;
    }
}    
