/*--------------------------------*- C++ -*----------------------------------*  =========                 |
  \      /  F ield         | OpenFOAM: The Open Source CFD Toolbox
   \    /   O peration     | Website:  https://openfoam.org
    \  /    A nd           | Version:  11
     \/     M anipulation  |
\*---------------------------------------------------------------------------*/
FoamFile
{
    format      ascii;
    class       volScalarField;
    object      U;
}
// * * * * * * * * * * * * * * * * * * * * * * * * * * * * * * * * * * * * * //

dimensions      [0 1 -1 0 0 0 0];

internalField   nonuniform List<scalar> 
2880
( 
0.07857051331977032
0.15681565952254278
0.23883715561231747
0.2791700668147751
0.35092737022830284
0.44171774881500986
0.11223454871653192
0.1898880860350621
0.26237492171574045
0.29985182339446986
0.36270282734494647
0.43000727335849975
0.12741104655915503
0.1996231636196796
0.26463218550473006
0.302548922610037
0.36832514307882824
0.44889066345701073
0.14075199710928527
0.2060792381954588
0.2639794776058982
0.30310435371428696
0.3757529217114092
0.4656990892881327
0.1548387730014371
0.21137267158516865
0.2620313482004443
0.3043391860110072
0.3807120058066788
0.47753011170743687
0.16827616325616618
0.2150649001673245
0.2595295180139052
0.3049887639844338
0.38375216829220476
0.48169046764981166
0.18092985311948342
0.21826645816282797
0.2576159637920348
0.30461454315174763
0.384784178605899
0.4821391184264139
0.1915447714573687
0.22081219800517576
0.25595656224679325
0.3042261733374898
0.3840807953886331
0.47986448653737035
0.20007368126716213
0.22197945383825532
0.2538862400671196
0.3033979136956273
0.3826738933903103
0.47609423845470106
0.20672265087255806
0.22303441005650712
0.2525956919515597
0.30207853412575403
0.381201806502562
0.47238885991787666
0.21183613256610115
0.2243753666906956
0.25274608119563957
0.3025131485976581
0.3791784897131847
0.46777919453802297
0.21356463167867917
0.22526469252832704
0.2546071799236423
0.3025771347627082
0.3777343350753572
0.4645282622006137
0.21434035702102155
0.2265017475415845
0.25638804750887545
0.3049887668461018
0.3784829792827973
0.4631044040004456
0.2117601517545521
0.22662072931858596
0.2585946638549547
0.30915194939427587
0.38172517842369674
0.4645635715251995
0.20754328140286102
0.22708739886133342
0.2609590438843659
0.3129980443572671
0.38591118851681294
0.468190124772605
0.20118259019653256
0.22621452832692207
0.26378265813801766
0.3158902553961061
0.38840361299707354
0.47138509679044827
0.19262114733978009
0.22595798964785765
0.2660573883712227
0.31869054214209863
0.39087930027572343
0.47350828443983906
0.18299615381094567
0.22459096227664385
0.2681762447201069
0.3191171502597935
0.39160401070538514
0.47473804864300095
0.17017467475648287
0.22053218308066863
0.27007363742161405
0.319223302730453
0.3909540412502512
0.4740122625115193
0.15529913545005666
0.21505623129785786
0.2703600226433556
0.3170062794298037
0.3876361908085789
0.4698951802810495
0.13884648280913478
0.2061327264420456
0.2696322068786516
0.3161930291092974
0.382905227469159
0.4619409439039044
0.12229115877556852
0.19526131381483636
0.2671142491552201
0.3129446380052385
0.37791073079188203
0.44900141012769307
0.10399708111956073
0.18031953501985704
0.25904713101561466
0.3067893080385842
0.37635088629463437
0.4313579132547047
0.06859925184069604
0.14441212761386946
0.23420044658682027
0.2799288285458825
0.3744856779162253
0.4186953731290031
0.8382679613422714
0.9153103783466912
0.9475678389335132
0.9657498142878009
0.9798714727004211
0.989461941198834
0.9953317920876409
1.011887894819201
1.0308670451252409
1.0482865448825547
1.067985141727261
1.0834465593686016
1.095416474954511
1.10094623483032
1.1021488102505135
1.1029185336859268
1.1002325386109642
1.0947984997300102
1.0875469947522962
1.0783688512750282
1.0652992485922284
1.0548496466703912
1.0398862249010057
1.0206045956461773
0.7609247806097467
0.9005081338988129
0.9465805412298163
0.9715018324183153
0.9855272384408651
0.9973310809458317
1.0120030838946457
1.0286976810924826
1.0504670048243505
1.0709121033517375
1.0900516509175557
1.1026588832005784
1.1098196512208318
1.1137043454396172
1.1151935801527515
1.1106944669805947
1.1074586417190533
1.1005756675544753
1.091376621877723
1.0812328021401323
1.0668282187846585
1.0538766305182907
1.0381370157234049
1.0187988777463755
0.7047896258929415
0.8682626535394371
0.9317318538191329
0.9681576711519239
0.989081410171563
1.0058530689241862
1.025770706338381
1.048554791049854
1.0748446305646127
1.0939295478014381
1.1093969296029416
1.1203983871017607
1.1246085023021284
1.1253522255865847
1.1226062184400456
1.1174450556620055
1.11123758378429
1.1009187311785311
1.0935776814702027
1.079642273421879
1.0698885504769176
1.0561423625148527
1.038151925880331
1.0192742025658752
0.6734722642583342
0.8326154715262918
0.9112683976201801
0.9556108589116447
0.9850272397546633
1.0096264045958787
1.0405316064922665
1.0675117286422349
1.0912853936301443
1.1132221845048411
1.1252523793278997
1.1327858266320583
1.134955536695557
1.1333449526335373
1.128364731623147
1.119679996184796
1.1146138259125495
1.1031837165026965
1.092499739540169
1.083509000256511
1.0691264709258208
1.0561949714109014
1.0370644994634595
1.0182612802707627
0.6511191333736155
0.7992650454325028
0.8851168527132041
0.9390634735839187
0.9800231878963672
1.013646001644612
1.0481756381206433
1.0805928403993856
1.1091846906458536
1.1289139151396554
1.1371377467748862
1.1421173958286082
1.1419456339409852
1.1378192878706106
1.1316804384410315
1.1244254712006658
1.116410984360054
1.1044919393610662
1.0944557545092617
1.0834357980151708
1.0709665739186276
1.055411817841655
1.036743742844582
1.0170764742416052
0.63305719398904
0.7709975086888528
0.861887535049309
0.9250311351811698
0.9725179063355216
1.0162206022130171
1.0579784241748058
1.09501758000097
1.119739619155656
1.1375750487033862
1.1444081967997541
1.145471173014305
1.142573144177938
1.1406167742943212
1.1314642239503958
1.1247277688029718
1.1123427185087438
1.1065692065368673
1.0947515457409898
1.0830018288734105
1.06809382825457
1.051672495453042
1.0348412986782576
1.017337527245531
0.6198101323577545
0.746945192121531
0.8399583277127645
0.9102559717358933
0.968716806636309
1.0189505734370383
1.0658340029660307
1.1015709700060945
1.131109469994608
1.1425516358215315
1.1477128182877634
1.1487806836771337
1.1453483602534347
1.1394270719420059
1.1308061200491966
1.1220854077416582
1.1141215088450798
1.104325750815057
1.093399141108854
1.08167907968396
1.0687161663703517
1.0535640126074832
1.0351544290855297
1.0177178361767314
0.6048853727651645
0.7272804780682185
0.8237982853525843
0.8990094939223039
0.965858841089854
1.024983763435961
1.0759105126319362
1.1120608809592731
1.1332764131942754
1.1462339103266028
1.1486041849736641
1.1477825476411432
1.142703162929847
1.1378986669799835
1.129485592723802
1.1215312987590185
1.1159008208807557
1.1049909830880662
1.094517554147348
1.0818484133825819
1.0672432321093457
1.0521930173671263
1.0365817921521652
1.0200624199850599
0.5935016943448717
0.7135776712262859
0.811766987088019
0.8941107345687314
0.9666340292761624
1.0339313375626142
1.0827130645159042
1.111551156033506
1.1320835184673272
1.1425558134849467
1.1444667666959638
1.1423051360868415
1.1383475422888583
1.1325078221816347
1.1278937364477906
1.1207943027767335
1.1099353620902996
1.0987108211399303
1.091098585640057
1.0791117788304558
1.068880950542907
1.0545099640893567
1.0372774943601688
1.0177130226327749
0.585352847583995
0.7037501461287257
0.804126740900404
0.8921719818511796
0.9712749942545791
1.0382222515645076
1.0867254183683037
1.1148335975481112
1.1304723477249594
1.1390658506047493
1.1392746300939305
1.1383011864183354
1.1340877716901392
1.1291263455417995
1.122853253804599
1.1144438040738174
1.106734229591172
1.1007065361419712
1.087825083547307
1.079565482346636
1.067295729678565
1.0535400868066136
1.0379450756662114
1.0195691154122932
0.5774952126333057
0.6965366664390692
0.8012969429589268
0.8974325843891175
0.9801346033483391
1.0459236305638964
1.0872263986664232
1.111397469937114
1.125453135097496
1.1322096514292088
1.133252052323876
1.1308114854193139
1.1277492848299235
1.124290462121845
1.1173738272139764
1.1122759172320473
1.1043792594813013
1.0979307883518241
1.0875255278534648
1.0774883487773403
1.067346342477916
1.0550759661382436
1.0398413331284122
1.022820002617265
0.5725857755462511
0.6947246676670912
0.8032433941046652
0.9044491860432895
0.9890051168360272
1.0493962956339131
1.0887354832093803
1.1101835948135068
1.1193907669665737
1.123271214000032
1.125354998957975
1.123628941287365
1.1215632221616023
1.1162260795386303
1.1130466843957996
1.1055451480051064
1.0997962886949113
1.0938884553560606
1.0863774430707582
1.0781560031895367
1.0653009654281789
1.055498936056194
1.0413494452339065
1.0248474100716556
0.5715081323330795
0.6968180122265296
0.8093533198397068
0.9159143799387044
0.9988226048337554
1.051895997111363
1.0865169276065447
1.1031565996311277
1.1133585669775514
1.1148270522365742
1.118011504723955
1.115661581302241
1.1143112296703526
1.110444795794442
1.1072578616480158
1.10116741312429
1.09563583875614
1.0908788735778274
1.0849484107617102
1.0765497086816231
1.0686506337632748
1.0560777648652622
1.0427282269369826
1.0261419768428557
0.5746944284495471
0.7016131164087268
0.8231260249590229
0.9300196567753573
1.0062316453592346
1.0560181577788017
1.0797634588629175
1.0977425209895362
1.1048799828072353
1.1079118753074746
1.1114738507384585
1.1089302759069701
1.107595113727098
1.1036594371746813
1.1013349763736704
1.0982280659349222
1.0920519125238084
1.086491646249432
1.083218074723678
1.0746839137194097
1.0662661724894034
1.0568876779361818
1.0421019935338214
1.029698054663682
0.5794942417195373
0.7090464036416257
0.837477913725273
0.9429165501760339
1.0104128427272459
1.050698232815694
1.074738234600683
1.0895250718715812
1.0953102157981325
1.0974605372229955
1.1001635087618675
1.1012084946895395
1.1002374872001799
1.1003771018972062
1.096031081837464
1.0946473180965222
1.088647496309538
1.0863603171047447
1.08211373617022
1.07591705518753
1.0692603977187944
1.0585545550679045
1.0463236434037242
1.0319592581889963
0.5860373308069866
0.7246548088360927
0.8596045445800631
0.9558629107258373
1.016253885653803
1.05006571401547
1.069963842241971
1.079966897926541
1.0897764550321014
1.0921773907916152
1.0942665206784055
1.094258568426253
1.0946878834045206
1.0915882502235656
1.0921140276810837
1.0908596056890745
1.0874967048958735
1.0828274642839408
1.0812168790247139
1.0735751106410945
1.06720374485335
1.0580443345113368
1.0442511906508265
1.0315296018809512
0.5951597945668157
0.7470655411529457
0.8812829595710953
0.9678020455527139
1.0163768841247602
1.0445631619787652
1.0628942867451554
1.0754121432582973
1.0815281466129718
1.0834220730259179
1.0857973175708953
1.087352401865264
1.0897373995417645
1.0872662759284986
1.0860960786167873
1.0869612371216755
1.0854989140382572
1.0820013839852163
1.0782901330501804
1.0732172770024562
1.0654036258932866
1.0566866431689759
1.0441772666968423
1.0290446624824308
0.6059527670392116
0.7726286700246459
0.903079767539097
0.9781691878590398
1.0181543269696824
1.0432731442934198
1.0574271788040541
1.0647880735785347
1.0721026018109097
1.0754251527627159
1.077723176934564
1.082866784379016
1.082092304443278
1.0821298933675136
1.0830526359027322
1.0843709978580172
1.0818943722440906
1.0795245449630262
1.0755775793759483
1.0739194175777054
1.066797720175822
1.056058721089837
1.0433869318278617
1.030039837838389
0.6186081092075785
0.8036406307946563
0.9226290755990056
0.9814057715990284
1.0149361483286272
1.0332884533240285
1.047098795228005
1.0576012511824882
1.0653779894662387
1.066516499213928
1.0714793366992839
1.0749397431917038
1.0759982909254826
1.0778657706905719
1.0822825207739437
1.0812527429495817
1.0796818884486394
1.0787404594492531
1.0768835891597341
1.0720729998737415
1.0663604461538414
1.05610969021202
1.041797759504224
1.0265824410863778
0.6355777631438906
0.836201187601545
0.9349095217752027
0.9845450241155389
1.0128019950657097
1.0276664625228138
1.0390505343678653
1.0475122562512074
1.0538632787056392
1.0581918009653501
1.0648967746702487
1.0660274428611962
1.072375696905536
1.0756956789330785
1.0775156323528403
1.0810483067401053
1.0778997276060134
1.075041174044169
1.0751719447983383
1.0678709337187893
1.0629963813175476
1.0541586207399642
1.0411381665341715
1.0249540412815692
0.6627415951800032
0.866804206245905
0.9430672358386792
0.9790252309064165
1.0039983648917368
1.019808433216137
1.0307620980347876
1.0369737124628828
1.0451465943271587
1.0511195756284193
1.0584978154523348
1.0634232923938862
1.0675684124107567
1.0721880343794188
1.0739341430277962
1.0734752876932836
1.075353116303704
1.0743421442140146
1.0738113247624215
1.065431878619023
1.0616133234232308
1.0512647484009312
1.0384676973705007
1.023017830162974
0.7031137351287303
0.8872931583779097
0.9467723410939963
0.976893359326591
0.996855219471265
1.0097775863664382
1.0202183287279023
1.0278756492973165
1.0358690093754794
1.0435030643815715
1.052505350441832
1.0573531158710572
1.0627905454531577
1.0686555816455383
1.0701600344105926
1.0722315640128368
1.0754582577969813
1.0722695066635675
1.0708216339950978
1.0651289951056728
1.0579528551248456
1.0487220021658674
1.036953830586452
1.0220264508472625
0.7601810789654891
0.8974309471517432
0.9422825712575209
0.9684303995489086
0.9876308792343608
0.9972360051509345
1.010138693868977
1.0177274456418657
1.02476314368496
1.0363417837201174
1.0448723921433265
1.0535754226804646
1.0624848993840368
1.0652277299142843
1.0662255821705005
1.0710940316050372
1.0692631588744617
1.0694697513749079
1.0662736867361662
1.0616278738033098
1.0533141723229242
1.0438298538947768
1.0320129815702856
1.020276721552346
0.8162894141712336
0.8942031615802463
0.9298881347551473
0.9564414691709138
0.974896412408004
0.9871323133818269
0.9968781922749387
1.0098793266657455
1.019731359793226
1.0309635956381238
1.0418581198735661
1.0488344723284133
1.058136488110524
1.0638471109378875
1.0648454734945645
1.0683506426075633
1.0694395598108577
1.066066613237071
1.0631983936659033
1.0576204075002764
1.0511940698797921
1.042261634661222
1.0316104609359689
1.0167707201785159
0.06398117699193509
0.12627647921513135
0.20258768126141777
0.25812492904109746
0.3234087651252947
0.4454853547367807
0.08945143201438818
0.15372692443310307
0.2245902913752237
0.2739954939402472
0.33276760881993167
0.40131641663550843
0.1018991667255313
0.16519897428512853
0.22986013668491476
0.2759873366698615
0.33366511170614027
0.3978927627335939
0.11319423092747369
0.1741231737941753
0.2325902680715105
0.275515358014263
0.33102012550948934
0.3977679981989588
0.12479772470857733
0.181278504667388
0.2330533792304152
0.27390935943726624
0.3280726721768372
0.3920948691629682
0.13582076049662808
0.18677997259537396
0.2335619608469619
0.2727886160710297
0.32419850516182175
0.3850028283525579
0.14586977228796089
0.19078783927775564
0.23375774678194708
0.2708713898837678
0.319980697535028
0.3763902127595472
0.15405467692143576
0.19358800242700205
0.2324347195395782
0.26854890376248086
0.31506576026502414
0.36789588591895744
0.16031729254215435
0.19562437595643867
0.2321949800993612
0.2677754322290709
0.3118289037046498
0.3614560891526353
0.1656766986040368
0.19684665940723822
0.2323951055123459
0.26719371234789635
0.3098856192774154
0.35775244458016214
0.16889290736792398
0.19808335897687604
0.23372696507914298
0.26822135065850067
0.3104079009157186
0.35703924666089304
0.17101176448896446
0.1991204650183653
0.234714928373161
0.27088991822000624
0.3139726800028786
0.3593898143433806
0.17129673617218924
0.19984511480744993
0.23701419804476045
0.27519112476490953
0.3183395565768754
0.36445612336469135
0.16944875522445862
0.20029703244772348
0.23904255413462427
0.27932384673040395
0.3248481486788923
0.37230485915676953
0.16663348761359847
0.19932373004628534
0.24119666773149123
0.2835573312612422
0.3321035074803385
0.3802205262777631
0.16164608602793518
0.19826021310239822
0.242746986245799
0.2883623548564684
0.3392517127615974
0.3892439401504847
0.15523816127531298
0.19603068010568392
0.24367293123947978
0.2924424404756684
0.3465452526615031
0.39936584737111985
0.14729559696836345
0.19319150743501307
0.24456112748227093
0.2945403430731486
0.3521498999871297
0.40855836015715474
0.1370532185938474
0.18870682168374428
0.24394095538970134
0.29620965331781396
0.3572283255573548
0.4160269089560152
0.12516765632598878
0.18168933649025526
0.24126767795724519
0.2949512946000624
0.35921161298893095
0.42312588934623996
0.11141364493957065
0.17140888760353817
0.23784754576045555
0.2924429773758082
0.36051813688341033
0.427234065953342
0.09772430453278734
0.15942256989823023
0.2307884309669954
0.2874022065111038
0.35860946120481746
0.4284581653395399
0.08316308554506409
0.14435024941029892
0.22048494291230347
0.27830683598955885
0.35417267235842864
0.4271152999623433
0.057583434454699135
0.11392807855474076
0.19332189316672824
0.252717148324632
0.3402713132750503
0.4388486447265883
0.7782256835069123
0.8665412587079294
0.9111522682622927
0.9400812800634989
0.9576762118423078
0.9742341561085808
0.9852116565078637
0.9979017753108522
1.0115959917205741
1.0255177928674584
1.038997943487784
1.046354027250757
1.053037410246296
1.0583716743881963
1.066828615608098
1.0662615512542608
1.0648738877734818
1.0618863912458874
1.0599073679968807
1.054202163079094
1.048751597712819
1.0388835692716223
1.0284418068316685
1.0173233393201782
0.6638802735379342
0.8122203375185817
0.8785259221205928
0.9161767032901504
0.9395342575934523
0.9563952847377838
0.9717480729269439
0.9883990220335399
1.0051152670192123
1.0211409916486576
1.0332960393063713
1.0427231221743145
1.0501337998260252
1.0571783685222003
1.0597914282471361
1.0622981036759058
1.0605404539857002
1.0598765268252666
1.055208440747059
1.0504191137687566
1.043201330958271
1.0338378094910665
1.023940051525467
1.012349470705684
0.591626510056296
0.7475999757962306
0.8318264346192549
0.8803140223761566
0.9130828403013789
0.9353858186288813
0.9569902124644808
0.9772440352154552
0.9980179047088471
1.0138028202947946
1.0271077630458216
1.0377317390711804
1.0465678711400164
1.0521040258358767
1.0562122854387757
1.0565485712938254
1.0550607453874665
1.0535672838318297
1.049031490365304
1.0439531793569994
1.0373197196209052
1.0292889926646063
1.0188051300865306
1.0115250757401857
0.5461553304111495
0.6872082205196332
0.7766470219585957
0.8358149254329167
0.8769401340163441
0.9067675729250577
0.9360717557051228
0.9621431917701004
0.9867802773566426
1.0058259629476014
1.0206577567135096
1.0336488033806117
1.0401875390057755
1.0455323482921604
1.0499671109090916
1.0490262991084995
1.0473413738576491
1.0452427162488704
1.042845453353217
1.0393182127392888
1.03121098171779
1.023079136838504
1.0144599650234074
1.0023131037230033
0.5122482669854374
0.6369165639029407
0.7249498908904324
0.7905625583722158
0.8360160237689085
0.8766242419829547
0.9139936081892558
0.9459477418521423
0.970574069869003
0.9933745672094497
1.0092679202267074
1.0211266799328762
1.0297218629903764
1.0341712319300196
1.0351715782482007
1.0375693493035465
1.0371716616491058
1.0356219135658833
1.031059551731861
1.0291137369561125
1.0246584325404455
1.0171709799865842
1.0065468681597491
0.9979763646394243
0.4849600405898397
0.5930883182096097
0.6815175117534984
0.7480807014372598
0.7990901243208672
0.8462035566081085
0.8869504910189239
0.9250030380062453
0.9529001631608417
0.9792531369989355
0.9947662958998258
1.007438928367559
1.016877441482015
1.0208964495118704
1.024126779668947
1.02590349532216
1.0268479500522953
1.0257398779772249
1.0219229023860643
1.0182964395286216
1.0144995207227625
1.006824750221814
1.0001855452994517
0.9900392521289916
0.46361942126947947
0.5590490552024776
0.6417509662307624
0.7101924499359712
0.76760821425426
0.8196134460076779
0.866623887743853
0.9074135036621546
0.9407900919948677
0.9636186989427445
0.9809148296806868
0.9919136122504643
1.0009739670013367
1.00620985391638
1.0112222747108837
1.014369599319839
1.0123134867282324
1.0143815177129665
1.0121381990351146
1.0082433151364147
1.0049389438358798
0.9989059644834131
0.9927189695221136
0.9847825531524405
0.44484290951091204
0.5321849897672862
0.6105870294469246
0.6785976466420078
0.7410321406949095
0.7996434860453712
0.8509529617694708
0.8949513743078041
0.9236727897714916
0.9469857779308452
0.9662578728507946
0.9776285406720537
0.9837773082257861
0.992792738607679
0.997033579653558
1.0014899557900558
1.0017263866884962
1.0035517830318252
1.0033436142357495
1.0003314557622918
0.9954104268510706
0.9917882437720664
0.9843323357936705
0.9802595322939248
0.42890438228284017
0.5097393872477846
0.586856525795094
0.6547870521767096
0.7229111591154669
0.7879123544119382
0.8417996409642974
0.8832100513469291
0.9141796047851684
0.9365993063900625
0.9514217688913654
0.9636579567974918
0.9717937122245792
0.9815107831690514
0.9845853992829927
0.9890961035615158
0.9904995081726051
0.9937477825984123
0.9925872436812329
0.9934251930721407
0.9924556045010201
0.9865550946359566
0.9795819736419883
0.9749676533623746
0.4212189735175579
0.4962123774725041
0.5691393870973375
0.6394770242898928
0.7152758140394028
0.7828660263065224
0.8364421998153745
0.8764181383270266
0.9058183554881987
0.9268421157998451
0.9425768995846504
0.9518763792447174
0.9656545249122283
0.9725688988495718
0.9751252331896649
0.9793780927623078
0.9831280083129702
0.983953762940637
0.9860789446652012
0.9879323193573183
0.9869357667137132
0.9843042739581217
0.9782990944226109
0.974591504249445
0.41879179309804176
0.4899184030234611
0.5631871573240819
0.6394604908849558
0.7156075088838003
0.7843978120863249
0.836185302968739
0.874551683735243
0.8999214032104879
0.9203799194125755
0.9347831582179933
0.946760875784665
0.9565710547667259
0.9651494064374295
0.9702282713067006
0.9752511204041762
0.9773664383539556
0.9823744501244829
0.9838637400301949
0.9832186953259734
0.9840112177195466
0.9845682989091298
0.9805569611125546
0.9757539566638137
0.4196833415646586
0.49157070195693175
0.5649054815543767
0.647716461029728
0.7287017796110346
0.7938037505107787
0.8424168236078865
0.8736343950601162
0.8985149712191338
0.9174801264818826
0.9313299919599715
0.9423231052796339
0.9540713135899958
0.9617047429992174
0.9685451139078417
0.9737169198918552
0.9768345872976362
0.9798739548826948
0.9830445706345998
0.9855165597694766
0.9866026901738696
0.9881925393892553
0.9852406655867368
0.9826855139163856
0.42338365998612065
0.4960221850824644
0.5750687584848206
0.6663256414143324
0.7452236888464984
0.8052326402113613
0.8490612540129799
0.8782043160035846
0.9003151591461017
0.918354927625694
0.9337112033354978
0.9431707250255821
0.9536728086358749
0.9603681226458634
0.9689038282821848
0.9741020338472184
0.9787119309333949
0.982132477019952
0.9840636054328867
0.9899612907356119
0.9909459836778634
0.9946007198402435
0.992097937718341
0.989379566599417
0.43146350923589105
0.5046399997629376
0.5932426247520786
0.6882196538802194
0.7661776875741438
0.819170440372143
0.8579478698758594
0.8876036365672513
0.9063406604515194
0.9216553562170753
0.9355414684095423
0.9464385381580499
0.9574539778714298
0.9656978870671149
0.9723332776728597
0.9758333045901981
0.9826688249363688
0.9904721490700926
0.9938442726482377
0.999758256590064
1.0023572961326068
1.0015329033084275
0.9984321005913998
0.9963803882777521
0.44266831837679305
0.5207309486138488
0.6181914564708846
0.7157827108120131
0.7876100502411674
0.8344184316880856
0.866946599191804
0.892796920589304
0.9111132444069618
0.9277642146577806
0.9438646443695621
0.9535823683120345
0.9642535316637854
0.9697541055806888
0.9789478464188476
0.9881439771516678
0.9916436966635406
0.9982427126430938
1.003793761222992
1.0088485858937528
1.010740549815774
1.0125549133434921
1.0089743558849746
1.0042891701666063
0.4546086462890154
0.542863731454293
0.6509761872001827
0.7455010648682376
0.8071661117484531
0.84834427133796
0.8783718486719205
0.9019470267957858
0.9217685002527307
0.9366901192016492
0.947853490758897
0.9616736053070966
0.9714950919249302
0.9797374705108663
0.9886245907111314
0.9956595763147041
1.0046087415510707
1.01072334595281
1.0158319646479799
1.0206386065293724
1.0239786975236478
1.023692483984115
1.0177262999209122
1.0121408700737786
0.4689711900071692
0.5741762647065611
0.6901646843688873
0.7745616961883979
0.82673639584534
0.8619630740806781
0.8885995797578008
0.9087041859269973
0.9278817773429535
0.9459894917435951
0.9596903759364422
0.9697839823944333
0.9808671472762835
0.9916503565305753
1.0015188539544893
1.008512582693942
1.0153691045183528
1.0221555450153705
1.0289147065048905
1.0301305805576746
1.0338768732856223
1.0328251249943112
1.0248506595333509
1.0212164504596315
0.4866368056600668
0.6123914481944036
0.7322932530424585
0.8046666210030549
0.848770191724594
0.8781156438396508
0.9013691960636858
0.9214096875376353
0.9393384620525931
0.9531848371757377
0.9678721155226369
0.9791866711429966
0.9907918441573027
1.0036014787022556
1.0132487453681998
1.022251002223378
1.0307921152792732
1.0358382474827732
1.0400239531428845
1.0434940159098662
1.0427715604682846
1.04002719438949
1.0313767598065915
1.027272855715982
0.5084790669824858
0.6596658562001079
0.7726417299775893
0.8342059883280223
0.8695570245606011
0.893854415933265
0.914834188982745
0.9327182989389364
0.9492953887721017
0.9666883589984385
0.9792940492474719
0.9924320836319845
1.0047347439586674
1.0167709892871948
1.0273651534992296
1.0356387743165625
1.0433984989191976
1.048413300135214
1.0524397400149241
1.0524659658701014
1.0519995207784072
1.0451126131407413
1.0385704375513745
1.0305683281600866
0.5364231358666446
0.7134959126698626
0.8116606762770795
0.8596554820185824
0.8895502969490701
0.9128437900918306
0.9291283661320318
0.9478658989900113
0.9621746475406449
0.9782969105121657
0.9908581738552471
1.0068272833504401
1.0195516260230189
1.0301399831797657
1.0409498649660183
1.050093862885509
1.056861318239863
1.0590824172211315
1.0617398487891763
1.0587870648037583
1.056963310641012
1.0504045778643565
1.0423642829198756
1.0307551669740325
0.5786780459243558
0.7693491118072907
0.8473293675407153
0.8860122443394204
0.9094789934784812
0.9304260610435683
0.9463693112340615
0.9625842843085084
0.9767240363581601
0.9906412646971253
1.006644012534971
1.02189364592761
1.0344641688428664
1.0466764428066262
1.05392270156995
1.0608091067912002
1.066496718773081
1.0688696575275722
1.0693121538315784
1.067469572964234
1.0623984886006086
1.053523936709485
1.0421746713277287
1.0317646258538151
0.6385821035430437
0.8186775065347195
0.880818674444896
0.9092152368615884
0.9332748431409889
0.9469382018294549
0.9654782081610007
0.978993344013347
0.9943413124845705
1.0075953434034022
1.0211282433101505
1.0365370776467449
1.048991123493765
1.0597608045758924
1.067850080518328
1.074861574924811
1.0759528283045523
1.0769219660829823
1.0739303318270172
1.0717199217518683
1.0646638527973307
1.0567141354473515
1.0422560726469958
1.0299301271195103
0.724112623427079
0.860886182875089
0.9064125157669193
0.9319045761577739
0.9517699120886421
0.9652454342388794
0.9830421480300612
0.9982697617674398
1.010779462200264
1.0263174121079064
1.0417524918392662
1.053146125195738
1.0625711627125374
1.0726202025181515
1.079237337350938
1.0833082342499993
1.0857609070452583
1.081610699755802
1.0788762507473284
1.0759995989451112
1.0652480513853053
1.0558797688905373
1.0410831229071225
1.0272098521269613
0.8214206212648233
0.8938619901544972
0.9276594893869264
0.9512979286155537
0.9701869574734029
0.9859240317534306
1.0002233134775749
1.014046506372779
1.0267580358797361
1.0428009025882437
1.0574364797691616
1.0703578397716613
1.0778070836761182
1.0845920224923224
1.0888985339024837
1.0906339491011439
1.0916383867291861
1.0861100785570215
1.0829820117948126
1.0741393738321552
1.0655909093093026
1.0534958089925326
1.0400108289413843
1.0236847487292053
0.08341027340365581
0.1720564109146288
0.2598604177396516
0.3010462093744379
0.3707728168850691
0.44966164222133387
0.12026780987267097
0.2070584143067271
0.2820957738455837
0.31884586098703693
0.3789641712043639
0.4387555675331246
0.1382801943129802
0.21730222110017716
0.2830649886101497
0.31982244333083043
0.3818118369462235
0.4553824062019373
0.15345752736995255
0.22334521475688615
0.28015519540024186
0.3183788212329959
0.38588944501077943
0.471137927908272
0.1693960305843687
0.22751929144004485
0.2772154471775436
0.31700931209480293
0.3892132198181869
0.4819875992604778
0.18350255535542928
0.2315960798475162
0.27315526329003037
0.31470341240291594
0.38984563840478653
0.48395585737898045
0.19712523121253514
0.2338275517752105
0.2696056344803233
0.3130991605984742
0.38891030093994755
0.4837188923207584
0.2085444098281917
0.2354504407489361
0.2670370123523975
0.31163658109792686
0.38628008182631873
0.48115148627708487
0.21745722350102778
0.23654657074557808
0.26455032771259523
0.30986634748236325
0.3837651043244926
0.4740406743999896
0.22494731573488716
0.23781952800802666
0.26256664513980105
0.307220085009741
0.3811333515383458
0.47002225434669304
0.23065447571532988
0.23859095945939005
0.2624754543301451
0.3056639082089223
0.3776753878145576
0.46596571469733555
0.23337624365017873
0.23897427918203604
0.26331711619636217
0.3062198987103827
0.37663051953994253
0.4637149022988362
0.2331572235323924
0.24054945428911287
0.26546628677907597
0.30903837204672097
0.37849061805380246
0.4645471946252365
0.23087234272789742
0.24073654680435963
0.2677399320204861
0.31260107274388416
0.383504920429079
0.4681949920349958
0.22580563272944618
0.23995440347247962
0.2700334993938458
0.3167372322071387
0.38784496157532133
0.47298396026422174
0.21865736292492224
0.24010998063550834
0.27365197451902
0.3213146919804177
0.3925761467673265
0.4769640997680434
0.2094699783596794
0.2396963112564418
0.2773103651170576
0.324552360223312
0.3950383968992798
0.4816211147881429
0.19837208582126306
0.23818392025243232
0.2794458850226162
0.32749471185141965
0.39798911329597
0.4826484138054495
0.1851169093165471
0.2348815415100022
0.2817998080639849
0.32905885969037935
0.39817226180802423
0.48167742204225666
0.1696738903036977
0.22993424089898803
0.2843944323509989
0.3286892845989828
0.3969804394974619
0.47830003617734035
0.15153943494471953
0.22249335075040694
0.284472436351325
0.32839257823354173
0.39375324296308234
0.47160919056250955
0.1339723856818743
0.21064190397176016
0.2825933148459394
0.327900348703351
0.3893158437380559
0.45799556244039524
0.11423174386146955
0.19589395360280773
0.2760844748558264
0.32258578756020595
0.3871876412258596
0.44025903788825815
0.07584647755650431
0.15648508912121603
0.24918619216951163
0.29646653796227784
0.3832626923947743
0.427808939831581
0.8335292457151006
0.9077067259756015
0.9442245660282562
0.9686538241680142
0.9887174044530201
1.0036851700151619
1.0193727416901894
1.0332069557023225
1.0488592316771124
1.062124213895333
1.0755812486993197
1.0855885499997728
1.0923460031925996
1.096348883294919
1.098331091290922
1.096921342039975
1.094060345130667
1.0880308627747508
1.0837725997682357
1.074499920200707
1.0647950750648956
1.0515739736846548
1.0385125143129066
1.019660006883382
0.7579089622690848
0.8944361479185577
0.9472365776766167
0.9763846332699658
1.0006811688377926
1.0190573427679837
1.035902194099585
1.0526499002676653
1.066468972344779
1.0810229362904045
1.092955486286961
1.1002947686668694
1.1035349953112321
1.1069712378565792
1.1043554682220231
1.1034378176285105
1.0989373533293365
1.0920512675654743
1.0841865403645723
1.0757492599232814
1.0626320768266537
1.0507834443373847
1.0336469257967635
1.0175373592994164
0.704529321831339
0.8662876318959154
0.9356085653476446
0.9786042321059336
1.0079041363411034
1.0307347553710853
1.0504869405878041
1.0683244612858098
1.0836244176861778
1.0982603894979182
1.1082208122218797
1.1110631616150917
1.1170236114944314
1.1153932533179431
1.1120473317386423
1.108628918324288
1.1004412290104388
1.0929504690866896
1.0833030419989473
1.0744280036937945
1.0648162187343109
1.049815512189136
1.0324039147999537
1.0140192880417427
0.6713147158033675
0.8338243080383475
0.9181491171983964
0.9731826992953893
1.00881366351464
1.0382887185842995
1.0616342801008345
1.0820949722183635
1.0989568290531062
1.1096614842934434
1.1194899530799303
1.1221809737564872
1.1228184301441984
1.1207829221650092
1.1175266029722877
1.1119378995203786
1.1041503674285527
1.0948081084392696
1.087352707204797
1.0738947909437877
1.060997843261896
1.0480688577250845
1.0316001208441137
1.0135922406209232
0.6510703405386721
0.8024337257539776
0.898938740613103
0.9641286310424306
1.0073991748208364
1.0408836532750343
1.0672022892711681
1.0910837370789679
1.108664303055835
1.121249295943009
1.128950677425834
1.1283499808637922
1.1286893395818896
1.1256669541548867
1.1188760127384638
1.112408261600882
1.1051379306943556
1.0953653358896165
1.085003940754684
1.0746880729132786
1.0612528663676377
1.0498494425782465
1.031172835258909
1.0097819868150733
0.6343079591392091
0.7772462553619602
0.8794600024308482
0.9501145841578177
1.0007807060371186
1.040432657990504
1.0735759136432643
1.0985105217850852
1.1169370193650832
1.126522277457946
1.1337811474854187
1.1338639360126999
1.1318299903086253
1.125315614967846
1.1203949963900908
1.1126107320321958
1.1060281898249726
1.0958859125684193
1.0845088757339874
1.0732563281186815
1.0617743376471065
1.0476642665749363
1.0293895970179439
1.0092153514298898
0.6207564126089518
0.7579838366783254
0.8620489492495533
0.9387097777383249
0.9955360668839327
1.0407527339592944
1.0766644131992993
1.1036641191361474
1.1184529895462343
1.1289945510820507
1.1323851390847695
1.1333515966050927
1.131409697147028
1.1261708203701486
1.1183460187994396
1.1117838321852889
1.1048623156558277
1.0958489715258037
1.083664073695644
1.0741814154176195
1.0609835139109591
1.0483722369962116
1.028839088514014
1.0116296725696285
0.6084252673974364
0.7406639286333558
0.8480120627024422
0.9279605131927663
0.9898023687249395
1.0385919120510294
1.0778458805817688
1.1025903371720371
1.1208233821308933
1.1311296910244788
1.1332183694005231
1.133207759282152
1.1321977879717726
1.1258377920208855
1.1196203996586958
1.1121754373388768
1.1038196382556376
1.0943451658216912
1.084740158534266
1.0731363466834454
1.0584995790682583
1.045769637874407
1.0293180778952011
1.0116758748773753
0.5966760558688288
0.7285511947030847
0.8360788717834032
0.9175813943874331
0.9858571663961205
1.0394740167968417
1.0810398148661386
1.1066588999984277
1.12197682506025
1.1293342136134732
1.1322758109642161
1.1296512875408153
1.1280930712033013
1.1233563432462927
1.117626552937625
1.1083773437813065
1.102469263858431
1.0938252221282372
1.085375999278329
1.072072287676451
1.0625989122148238
1.0448428117163717
1.0292453150047278
1.0129143217980958
0.5889180170671509
0.7205161873708632
0.8305004198304122
0.9150139330416507
0.9848417154020652
1.042787140972491
1.0804175472078572
1.104572283921427
1.1192608971285198
1.1240576386084773
1.1272842078422878
1.1251784306512849
1.123991970327866
1.118342947018025
1.1151901926515184
1.108289380783405
1.1012105212899466
1.090019718870175
1.0832042744889965
1.072676714895114
1.06146711797302
1.0467278144937995
1.0321841895121755
1.015854278181682
0.5837610743498242
0.7159025557165344
0.8242221721081641
0.9157047896116027
0.9906357092738554
1.0439120659498846
1.082490092683102
1.1046674907138923
1.1163636336230358
1.1221825324453492
1.1212689369974622
1.1211013534851544
1.1187008936760867
1.1145591303594056
1.1097604593219967
1.1052462233711142
1.0972176458967053
1.0880556685411202
1.0785037387731224
1.0696366140779268
1.0583626188590145
1.0480491759499087
1.0318059280177365
1.0177969384958205
0.5819186309971429
0.7144661956682319
0.8254631105469192
0.9200607109642219
0.9926803366592432
1.0485310520848818
1.0806233623807588
1.0990041743933756
1.1097944351681077
1.1148979953815958
1.1171847751133368
1.1166844467547983
1.1138395295208363
1.1101713409413216
1.1062576818735144
1.1008343938072145
1.094864409961495
1.0864156944066754
1.0772939780414328
1.0690888943325219
1.061206386048369
1.0495409338618995
1.0346397896827313
1.0200446732337052
0.5826986968904566
0.7167981054195414
0.8299653138017964
0.9266986891967092
0.9999916665312418
1.0463580082183828
1.0773384567238806
1.0955667429195648
1.1042972768332227
1.1080945957803146
1.110809337957021
1.1100502184180296
1.1081000153275926
1.1032383622548354
1.101017931792279
1.0956468187035557
1.09111768806016
1.0836791230393525
1.0777612085404764
1.0703587303706823
1.0603673570982415
1.0492858385563522
1.0375127478345239
1.024999384861528
0.5868658297595466
0.7202454026231192
0.8374620768433098
0.9347610131900017
1.004185508475812
1.0492145941212436
1.0759191347137753
1.0904894017857671
1.0987973949436485
1.1035789972203214
1.1015204288504912
1.1035701533119595
1.1022731611064027
1.0993899558489624
1.097029909039296
1.0922992938268075
1.08688888182601
1.0810601827849955
1.0743254091315442
1.0692842555819493
1.0625344874319065
1.0519198741153903
1.0398652467827616
1.0254886442957734
0.5939454204966143
0.7287013041480889
0.8511953835915739
0.9473170755876958
1.0117881020742896
1.0502293167669543
1.067970656692702
1.0825850011087275
1.0907934598791056
1.096563458960175
1.0965420486488913
1.0977455568076138
1.0958226401196558
1.092180502350951
1.0893557153459996
1.0883935886855918
1.083335407197181
1.0815719406369382
1.0767525227666948
1.0699936333391002
1.0628829195390137
1.0543101857271036
1.0412350763270029
1.027077753886107
0.6021733584554952
0.744156887301805
0.866315016110048
0.9598661301505806
1.0138666564118983
1.0470230010319197
1.064594976902235
1.0756339785013882
1.0832799837776994
1.089678991559011
1.0916251731738489
1.0891721503976861
1.0888140752975313
1.087171276363836
1.0853558968120056
1.0861765868961115
1.0831205744321681
1.0791810008436147
1.0778480989367945
1.0720196632880534
1.0649625994851613
1.0556799860986834
1.0441423803848677
1.028431753769937
0.610491886265981
0.7625229326038072
0.8875029944170797
0.9688524689913174
1.0143312239620355
1.0423752779032152
1.0595840461439339
1.0699108096844212
1.0782433878775892
1.0819386897596146
1.0834283742971758
1.0842906645591137
1.083846506217806
1.083778679404633
1.0829626775681553
1.0842191128223575
1.0858360818285606
1.080871369899126
1.0768051468082147
1.0728958434730425
1.0669846677277235
1.0571795012852636
1.0439835868975604
1.030560119644862
0.6212865767462203
0.7839056281989066
0.9065423341796237
0.9751452374953141
1.0133799749927201
1.0388162515535448
1.0528635867914027
1.062038479776361
1.068886404540431
1.0740385136863093
1.078380236766832
1.0782842446057548
1.0803346308020623
1.0810709131808223
1.0819478982798083
1.0826307448320964
1.081709436995879
1.0801340625013525
1.0781403164878505
1.0742933729550899
1.0682328193778614
1.0577589359784327
1.0443884310336
1.032170439559094
0.6342295870920399
0.8118783140209692
0.923575854437648
0.9786026842547638
1.0126661098536032
1.0333040170056924
1.0462615462765512
1.0529317782711474
1.0615103011852915
1.066153862885105
1.0675464635696996
1.0723148045452109
1.0750756644653054
1.0756887833386708
1.078238845496473
1.080935905041705
1.0790863012445895
1.0799520662848427
1.0769021674342472
1.073011574543186
1.0649964123959328
1.0565136903104118
1.0449232684334278
1.0298221539790873
0.6513792696621684
0.8399462952857301
0.9340629672428401
0.9809457298350912
1.0075073824422598
1.0242112043991158
1.036535029561782
1.0470066279421135
1.0526922430217396
1.0568124396294887
1.0616545258839818
1.0660058841922535
1.0718109345740694
1.0753867758586355
1.075391621201312
1.0797666607898175
1.0799711203612514
1.0800924948988047
1.079227242494885
1.0757455785568784
1.0672091842452835
1.0586835336976668
1.0448815781026775
1.0289985800330108
0.6735608286285638
0.867940755615686
0.9436023373703816
0.9822724640613243
1.0023306838486874
1.0192934752093563
1.0288291794195827
1.0368863976492082
1.045072053893732
1.0497648624870268
1.0575323027780712
1.063169450628077
1.0680678998448039
1.0719954663270397
1.0772266141401046
1.0797376213816885
1.0819747532557769
1.079944814288634
1.0784804469211418
1.0721964856403188
1.0645199492181314
1.054406253788206
1.0447635565176572
1.028092916647763
0.7115372161832985
0.888277523287319
0.9458142282377413
0.9782089856937586
0.995960654096945
1.0101291514412798
1.020462869596639
1.0287443088280095
1.034634279520591
1.042876695492825
1.0515396318916117
1.05840735228563
1.0663577747394082
1.071108153769743
1.077062184692517
1.075703155129396
1.079672695389666
1.0790969316661456
1.0758547622601522
1.0722487737332855
1.063758068823867
1.055005365887853
1.0432237017627932
1.0270319407885506
0.7643238958295492
0.8987828322197517
0.9441413634468067
0.9695878734492923
0.9865637809791462
1.000144483958793
1.0098354613288483
1.0201176427507537
1.0290870813090862
1.0364928762162209
1.0477508290026472
1.0578704153236593
1.0648572923672321
1.07094230491825
1.0737384573067679
1.0771696263746133
1.080170480190365
1.0765473096824698
1.075495130225617
1.0702950177471333
1.0605763928838725
1.0524541106062084
1.0413389895066656
1.0269765109345057
0.8158195879967399
0.8957838610600259
0.9330712637310854
0.9581435840677301
0.9771762010039642
0.9905438018637754
1.000202861237224
1.009201076093219
1.0239896142984597
1.0330496685839883
1.0446258974381706
1.0548710913712884
1.0642755625479472
1.0717264349807099
1.074494002713293
1.076134784336072
1.0772141376055508
1.075788988883518
1.0741804152867003
1.0671017314304934
1.0605203750427858
1.0500413284109935
1.0394991423970996
1.0235877798207693
0.06252190933465791
0.12272401936196456
0.2008114991130984
0.25469735588027337
0.322609141337744
0.44449016312349393
0.08656182651109368
0.1513708812594489
0.22379162306016373
0.2718681488417485
0.3312621250913786
0.40136108672947707
0.09868615773899493
0.1631635661239876
0.22917437408925262
0.27398301758290045
0.33252319478504533
0.39748330344079386
0.10972142159563426
0.17238948578802726
0.2311307889500703
0.2744310403461366
0.33037476014980066
0.39491158605701754
0.12200729009127328
0.17989457128988987
0.2321663939286622
0.27272378549780446
0.3268971377572578
0.3907414514230124
0.13356909539350373
0.18516137637332916
0.23259105565910973
0.2715458926604197
0.32128989850277717
0.38231748425512396
0.143814551455078
0.1896671811996194
0.23173203733949263
0.26860236303124185
0.31710091406355273
0.37358554632468893
0.15187356034381624
0.192532155889207
0.22993021504877786
0.26638780666987544
0.3124307473727696
0.3641996569631835
0.15781706683259442
0.19354756761613753
0.22953547276236075
0.2639005041973639
0.30814132749434703
0.3571075507548288
0.1633364726274561
0.19510152931904481
0.22919260097205468
0.2634395258435369
0.30526752456352496
0.3533053260257664
0.1670865847237572
0.1962311974549948
0.22991994203952631
0.2633912501407938
0.3061366424445421
0.35397053948798707
0.16938525725339357
0.1973106044151054
0.23156705656286858
0.2663569142843648
0.31058573000390266
0.35664195064797144
0.1698964984083783
0.19764722201028845
0.23342887007853672
0.26985394932005735
0.31561831137242685
0.3627807187582728
0.16816576435976824
0.19829361928842612
0.23610735056851986
0.27597703380220806
0.322761855743314
0.3707648904325305
0.1648340478283842
0.19825516629246775
0.23836662796322242
0.28028552415755537
0.3302057177044973
0.3802320967549595
0.1603353178743269
0.19729752170218157
0.24040361604061775
0.2856677857387926
0.33757405618205205
0.39071725213552433
0.15388366972947012
0.1957461323345286
0.24169181560220607
0.28978842720795384
0.3446756017715569
0.4004749339930388
0.145558981193064
0.19264736400720292
0.2428158371584576
0.29334372067550646
0.3521138888221954
0.41045961202289494
0.13556939711949476
0.18829891265623327
0.24215895482840516
0.2938634301377531
0.3567271415242641
0.41963513564813254
0.12349394343638266
0.18179831020196943
0.24104384978342316
0.29419712171085205
0.360469461793714
0.42746858840025453
0.10939926073803878
0.1719849574847527
0.23791755881027166
0.29203004257280624
0.3610644057084832
0.4300953662007829
0.096001136290932
0.1603148553916931
0.23246277075818528
0.28853432417999364
0.35971546591326653
0.43057259892058597
0.08201312513799541
0.14526440099166196
0.22315150714717322
0.28040656212553683
0.3551705623223479
0.42787100099719044
0.057260599105890035
0.11372715016511115
0.1970127358546025
0.2573359972325904
0.34375527405008705
0.44046555464052606
0.7810945744847204
0.8688613335484376
0.9151853308916419
0.9450905650134664
0.9613129508072698
0.9774811753255745
0.9912098353972457
1.0008152906727754
1.0156507892846987
1.0320571047086253
1.0443050774166198
1.056246351012586
1.0632031525488324
1.0676423883613229
1.07377907127895
1.0776815202501027
1.076617629234867
1.0720996746311977
1.0702194214490408
1.0634770725405498
1.0565701374897687
1.0471309786691754
1.0338472570710224
1.0206041360357372
0.6672317798777075
0.8158408972119361
0.88276337132884
0.9227601722599583
0.9465131926763135
0.9635122974175044
0.9767935633893532
0.9959628950234538
1.0127373938575142
1.0274398905589266
1.0433304966319488
1.0550033588720427
1.0623165053110557
1.068141018987084
1.073404768364001
1.072897621588582
1.0709969886973998
1.067787800922816
1.0649591331605242
1.0584386991457142
1.0541669942962495
1.0422173082223076
1.030946607417161
1.019475982434564
0.5923641312213863
0.7491696130982767
0.8346118907141246
0.8860664010557924
0.919612825373914
0.9431510823053172
0.9642292957105516
0.9865778072338376
1.0092568533101454
1.0254752188126737
1.0409698557507148
1.0536474970579404
1.059987939067012
1.0655777782096487
1.065993830936811
1.0675804828958815
1.066762443526829
1.063488393203355
1.0573712902317243
1.0543801189540856
1.0452438549933536
1.0381863624726406
1.0246683586586973
1.0147316699458122
0.5456309729537141
0.6860677825711765
0.776989726754539
0.8390080431838414
0.8831386488951807
0.9140396899798946
0.9422309028030839
0.9746190751361516
0.9993261428240686
1.020969663437551
1.035975375866131
1.048118645574336
1.0529209715824357
1.0582923944351252
1.0603569393288264
1.0575041775330134
1.057780040782127
1.0540599424215045
1.0493208972031232
1.0457130630997142
1.0386041140032012
1.0274275832460324
1.01767313665038
1.004322400413537
0.5103925626701937
0.6335046363224449
0.7246479195144016
0.7886701318479215
0.8397469940938252
0.8811821296336693
0.9199262704927352
0.9562386944685448
0.9846673438294274
1.010509243342872
1.0275792233358034
1.0359166305298873
1.0419741531114037
1.0454089630916998
1.0464311581592007
1.0491120984127842
1.044495082525413
1.0425759165043382
1.0385855206930745
1.0321389541391262
1.0256498678311525
1.0176430131595078
1.0058640463253758
0.9946832942794549
0.48310936816245104
0.58995029598849
0.6767434086534052
0.7449462667158736
0.8006401674939367
0.848846682124518
0.8952778680204361
0.9345772127068469
0.9686342620616635
0.9911756887787885
1.0076844967361627
1.0214849614193768
1.0272093745035453
1.0302224186992568
1.0337312000955483
1.0351421764053006
1.0313021646298886
1.0297529642173566
1.0250114340369036
1.0209992734748803
1.0155800215036428
1.007952065279066
0.9968767912934653
0.9873237825319862
0.4599308947191317
0.552957445508461
0.6367726632858541
0.7064051928754562
0.76400780611473
0.8198998012617091
0.874648415059983
0.9177195768664058
0.9505969062023456
0.9747427414863145
0.9920998508971403
1.0016815423234788
1.0095965731862115
1.01469196153622
1.018465947860995
1.0180681691134894
1.0177698648282594
1.0153587314857162
1.0126715971229219
1.007290540937693
1.0019481514204835
0.9968976998142874
0.9863542722572802
0.9774045887093571
0.44154571432634016
0.5265058320905055
0.6048643004696572
0.6718702666060847
0.7384874365424081
0.8001077449007217
0.8568639603993038
0.8995239304013607
0.9311133303055824
0.9571038636390036
0.973073846168999
0.9848399915951379
0.9925079076113608
0.9975476586405804
0.9993201480219938
1.0031221120965454
1.0024403112697753
1.0020327399977025
0.9999552605277484
0.9969795339792088
0.9908851585046026
0.9857585226737972
0.9772343685877873
0.9694260886131814
0.4259296084969912
0.5036131722220842
0.5801586988128066
0.6490656936752505
0.7187041078161391
0.7883220116403098
0.8445955128354626
0.8871309431160977
0.9169168979388934
0.9413738889248248
0.9564289938687838
0.9683065707183486
0.9776791311249283
0.9823457251881103
0.9878930115123906
0.9888747456574426
0.9907468092377651
0.9899917864557823
0.9884029922176871
0.9867187064965045
0.9846635778910057
0.9793944116895273
0.9717555304474416
0.96733897312189
0.4174832906788412
0.4913828479091831
0.5659964507441221
0.6362856195630401
0.7128277795978343
0.7797888454649915
0.8368951794274966
0.8783102225072347
0.9077564707514978
0.9280397598443025
0.9408912174586557
0.9558375489952744
0.9642025141629824
0.9709245101949443
0.9725156841469983
0.9761795954278067
0.9775129074072869
0.9814837753276267
0.9788034629058945
0.979648029045402
0.975894384354511
0.973388813033365
0.9699330101684557
0.966345655950676
0.41576434552839414
0.488323876005015
0.5598300482702973
0.6344897116606225
0.7139496678809373
0.7837185257164512
0.8345393567060335
0.8723685631464597
0.8989247178776445
0.9191637306927807
0.932305370197303
0.9415032838647427
0.9526393535511886
0.9586160459855243
0.963245030192623
0.9667418258288891
0.970363511945713
0.970937341722412
0.9710642560278702
0.9743213194098275
0.9749970425513648
0.9741246716051775
0.971643817477489
0.9704876290964928
0.4172490154353875
0.4897680997582232
0.5624943478903053
0.6468079845810877
0.725488405721756
0.7894352551251618
0.8375023166771528
0.8698607021792134
0.8940975011873723
0.9108050908967293
0.9248383848201622
0.9348211710758024
0.9446807553126786
0.9500707159117433
0.9542811553376559
0.9595259888767628
0.9606484348829119
0.964398230601769
0.9684004757030983
0.9728135297982302
0.9752732322707758
0.9773481591589313
0.9778329469387368
0.9781002065468192
0.42307502258412755
0.4957090444731377
0.5763185312487477
0.6631646709259604
0.7440113241155786
0.8018048791711039
0.8434562186873064
0.8718418264950555
0.8927141468127531
0.9101861756283613
0.9233893468464046
0.9320518790049083
0.9402832941291466
0.9463789242752341
0.9523010799361821
0.9562537607897713
0.9601355324611633
0.9633559136040616
0.9706624302333796
0.9770367203501619
0.9823500031114619
0.9849022167820074
0.9870210611046181
0.986578927822791
0.4324257227489763
0.5080838210301019
0.5957738757159727
0.6886408234978563
0.7648231910373506
0.8170997371808068
0.8536925153352231
0.8783918814104019
0.8986601332069205
0.9107562237595684
0.9224570269974482
0.9310767141121494
0.9391692772053419
0.9472763452278659
0.9503383105206227
0.9536850795071395
0.9629482055077244
0.9708641501649469
0.9780169365523521
0.984581414092585
0.9920211488129999
0.9960193354914018
0.9991404590624339
0.9990248642095281
0.445379739204104
0.5262653753866494
0.6241145310589963
0.7195894054893774
0.7882575459556754
0.8328312804100091
0.8655757073337033
0.8851496710517558
0.902436732235231
0.914322677177657
0.9259636613522426
0.9342315690917031
0.9407138119558313
0.9473044216795936
0.9554444500867593
0.9638390944197702
0.9703410160772005
0.9799671705745878
0.9880183256650088
0.9966494684445865
1.0035796515074005
1.0103188605849556
1.0094447652533876
1.0106913519255147
0.45926107266739924
0.5489992338371947
0.6575634183261916
0.7510342697263984
0.8108975898810844
0.8507809896988475
0.877093672902658
0.8962454566795042
0.9110231129822473
0.9204494736308446
0.9313063056588892
0.9403841068491511
0.9473375691487124
0.9551363152966156
0.9619870163126155
0.9715990640205987
0.9824171161375068
0.9933733015072891
1.0023285578990269
1.0095675269268745
1.016392186588705
1.0196768079007907
1.0211494298168913
1.0173307753380458
0.4748484868950377
0.5806391773893358
0.6983272750705025
0.7816506149037563
0.8346868270388298
0.865604970991319
0.8902650145657743
0.9046465343858517
0.9192260863923177
0.9319393307897913
0.9384509292460931
0.9463401546643809
0.9521129595116522
0.9635224737093275
0.9752777915635914
0.9851848250352288
0.9964239675568998
1.005471581361452
1.0152679198687937
1.023685715794813
1.026982173507724
1.0295624502595877
1.0270043359581829
1.0241205971136498
0.49359103327251197
0.6206054409743914
0.7409866765197891
0.8148089964453723
0.8559481370179806
0.8818793031382058
0.9032138479698505
0.9187271516115509
0.9273884811629313
0.9377969162053978
0.9465915134946461
0.9548043236223783
0.9640725878204891
0.9765919754531367
0.988145224561901
1.001742449663564
1.0127250403985346
1.0196421787911722
1.0301219089306786
1.0364360914207027
1.0408739533533415
1.0394679786513703
1.0348379460199622
1.0290388285121495
0.5155073667841713
0.668449527272014
0.7825201034420016
0.8443603738858688
0.8783114754003685
0.8996817597002645
0.9163676214045637
0.9289629001075557
0.9406949229676093
0.9482982884840415
0.9583866709663538
0.9688171364230176
0.9814449759083764
0.9954374701032777
1.004775937275446
1.016335016467517
1.0272318169523567
1.0358364701485283
1.0442872721942447
1.0479480353164619
1.0464894606629997
1.0455858946873748
1.0378953163350455
1.0314356275297678
0.5448268519268304
0.7218173179784717
0.8232331186850329
0.870751460487629
0.8985994916844517
0.917609135269522
0.9294094821882979
0.9394165867585463
0.9515299139645844
0.9592682263216618
0.971093877309957
0.9839192161468627
0.9970829493135009
1.0114958857766239
1.0238705869599247
1.0332250342693032
1.044854989235198
1.0519582264287008
1.0571839529334248
1.0563210371980636
1.0551081870236958
1.0499730372844607
1.0421977597273022
1.0307022092576577
0.5848124517819956
0.779089447295462
0.8575290923018899
0.8950331389956308
0.917191540985196
0.9333650374151297
0.9430084858630001
0.9551912993410028
0.9623281345756127
0.9707124794574616
0.9853588632341087
1.001588329827384
1.017262472196531
1.0294609903239715
1.03984141855855
1.0540194624776715
1.059886312464244
1.0634264015824009
1.0639897639475944
1.0629017296849033
1.058675729423694
1.0539661732060746
1.0419998572772224
1.0286956899087027
0.645518338627416
0.8290436602181689
0.8896227446842937
0.91733169874329
0.9364425678011045
0.9476251275090939
0.9557450301320297
0.966304141842857
0.9763450910498428
0.9906575161651361
1.0048961920990425
1.0207207204292892
1.036721434507144
1.0495182819930486
1.058481750272673
1.0627139371989818
1.0731825271778503
1.0731589804144508
1.0730187186237867
1.0700850442277747
1.0637716239329116
1.0546316097143724
1.0414230710413783
1.0266392912767046
0.7306530568817509
0.8699176255602601
0.9147521506921648
0.9394042061490264
0.9507077180362653
0.9623864660470438
0.9704573595296164
0.9796705354979489
0.9911741216877097
1.0089727767886139
1.0240103568371661
1.0406360901909484
1.0558889564389795
1.0688782881246326
1.0760746945417243
1.0816410152346565
1.0830594376979732
1.0828024709444177
1.078349145817413
1.0731164908726707
1.063496002400978
1.0529503121913386
1.0416037818930284
1.0257894947230766
0.82891476307423
0.9036700868080519
0.9365843984827743
0.9561821176797408
0.9668687952466387
0.9732576203547635
0.9841630204769581
0.9920928235968495
1.0105482835113597
1.0285324548225396
1.0479594311566751
1.0607474576979228
1.0740747050059292
1.0842314527335741
1.0895523708164092
1.0922501004609717
1.0919635349976116
1.091163515695101
1.082845066744596
1.0763728280284859
1.066862987482937
1.0549749949439147
1.0395656625787943
1.0217749234205753
) 
; 
boundaryField
{
    rotor
    {
        type            movingWallVelocity;
        value           uniform 0;
    }
        freestream
    {
        type            freestreamVelocity;
        freestreamValue uniform (1 0 0);
        value           uniform 0;
    }
    frontAndBack
    {
        type            empty;
    }
}    
