/*--------------------------------*- C++ -*----------------------------------*\
  =========                 |
  \\      /  F ield         | OpenFOAM: The Open Source CFD Toolbox
   \\    /   O peration     | Website:  https://openfoam.org
    \\  /    A nd           | Version:  11
     \\/     M anipulation  |
\*---------------------------------------------------------------------------*/
FoamFile
{
    format      ascii;
    class       surfaceScalarField;
    location    "0.22";
    object      phi;
}
// * * * * * * * * * * * * * * * * * * * * * * * * * * * * * * * * * * * * * //

dimensions      [0 3 -1 0 0 0 0];

internalField   nonuniform List<scalar> 
5640
(
8.01609e-07
-8.01609e-07
2.09921e-06
-1.2976e-06
3.56726e-06
-1.46806e-06
5.04113e-06
-1.47387e-06
5.96763e-06
-9.26498e-07
-7.66758e-07
6.73439e-06
1.09453e-06
-1.89613e-06
2.41581e-06
-2.61888e-06
3.83035e-06
-2.8826e-06
5.12036e-06
-2.76387e-06
5.98843e-06
-1.79457e-06
-1.02749e-06
6.24916e-06
1.15059e-06
-3.04672e-06
2.38633e-06
-3.85463e-06
3.67451e-06
-4.17077e-06
4.8084e-06
-3.89776e-06
5.58266e-06
-2.56883e-06
-1.05638e-06
5.61155e-06
1.11097e-06
-4.15769e-06
2.23237e-06
-4.97603e-06
3.38172e-06
-5.32012e-06
4.41171e-06
-4.92775e-06
5.17515e-06
-3.33227e-06
-1.15498e-06
5.27375e-06
1.01079e-06
-5.16848e-06
2.00315e-06
-5.96839e-06
3.01545e-06
-6.33242e-06
3.95303e-06
-5.86533e-06
4.75283e-06
-4.13208e-06
-1.55937e-06
5.15723e-06
8.73986e-07
-6.04247e-06
1.72646e-06
-6.82086e-06
2.60189e-06
-7.20785e-06
3.45507e-06
-6.7185e-06
4.2929e-06
-4.96991e-06
-2.229e-06
4.96252e-06
7.15255e-07
-6.75773e-06
1.42001e-06
-7.52562e-06
2.15575e-06
-7.94359e-06
2.92132e-06
-7.48407e-06
3.76691e-06
-5.81549e-06
-3.06411e-06
4.60202e-06
5.43317e-07
-7.30104e-06
1.09519e-06
-8.07749e-06
1.68635e-06
-8.53475e-06
2.3522e-06
-8.14993e-06
3.16824e-06
-6.63153e-06
-3.99168e-06
4.09581e-06
3.64266e-07
-7.66531e-06
7.60169e-07
-8.47339e-06
1.20083e-06
-8.97541e-06
1.75042e-06
-8.69952e-06
2.50167e-06
-7.38278e-06
-4.94734e-06
3.45732e-06
1.82989e-07
-7.8483e-06
4.21598e-07
-8.712e-06
7.05868e-07
-9.25968e-06
1.12136e-06
-9.11501e-06
1.77535e-06
-8.03676e-06
-5.87525e-06
2.70326e-06
-5.02701e-10
-7.84779e-06
8.52326e-08
-8.79774e-06
2.08229e-07
-9.38268e-06
4.73292e-07
-9.38007e-06
1.00083e-06
-8.5643e-06
-6.72876e-06
1.85434e-06
-1.68413e-07
-7.67938e-06
-2.42472e-07
-8.72368e-06
-2.84421e-07
-9.34073e-06
-1.83825e-07
-9.48067e-06
1.92442e-07
-8.94056e-06
-7.46816e-06
9.31839e-07
-3.29869e-07
-7.34951e-06
-5.55835e-07
-8.49771e-06
-7.63214e-07
-9.13335e-06
-8.37583e-07
-9.4063e-06
-6.33752e-07
-9.14439e-06
-8.05557e-06
-4.63452e-08
-4.76403e-07
-6.87311e-06
-8.48418e-07
-8.1257e-06
-1.21921e-06
-8.76256e-06
-1.4738e-06
-9.15171e-06
-1.45685e-06
-9.16135e-06
-8.47837e-06
-1.03405e-06
-6.04423e-07
-6.26869e-06
-1.1128e-06
-7.61732e-06
-1.6423e-06
-8.23306e-06
-2.0779e-06
-8.71612e-06
-2.25722e-06
-8.98203e-06
-8.71274e-06
-2.02284e-06
-7.10431e-07
-5.55826e-06
-1.34143e-06
-6.98632e-06
-2.0215e-06
-7.55299e-06
-2.6355e-06
-8.10212e-06
-3.01257e-06
-8.60496e-06
-8.74893e-06
-2.97639e-06
-7.90511e-07
-4.76774e-06
-1.5277e-06
-6.24913e-06
-2.34399e-06
-6.7367e-06
-3.13054e-06
-7.31557e-06
-3.70241e-06
-8.03308e-06
-8.58419e-06
-3.86714e-06
-8.41143e-07
-3.9266e-06
-1.66611e-06
-5.42416e-06
-2.59554e-06
-5.80727e-06
-3.54268e-06
-6.36843e-06
-4.30816e-06
-7.26761e-06
-8.2263e-06
-4.66604e-06
-8.58932e-07
-3.06767e-06
-1.752e-06
-4.53109e-06
-2.76272e-06
-4.79655e-06
-3.84629e-06
-5.28486e-06
-4.8082e-06
-6.3057e-06
-7.68853e-06
-5.34598e-06
-8.40265e-07
-2.2274e-06
-1.77963e-06
-3.59172e-06
-2.83629e-06
-3.7399e-06
-4.01286e-06
-4.10829e-06
-5.15541e-06
-5.16315e-06
-6.94594e-06
-5.898e-06
-7.8129e-07
-1.44611e-06
-1.7431e-06
-2.62991e-06
-2.80406e-06
-2.67895e-06
-4.01973e-06
-2.89262e-06
-5.31499e-06
-3.86789e-06
-5.94758e-06
-6.31335e-06
-6.7774e-07
-7.68374e-07
-1.63372e-06
-1.67393e-06
-2.64695e-06
-1.66571e-06
-3.82716e-06
-1.7124e-06
-5.23329e-06
-2.46176e-06
-4.63591e-06
-6.54496e-06
-5.18594e-07
-2.49779e-07
-1.42645e-06
-7.66078e-07
-2.33133e-06
-7.60831e-07
-3.35286e-06
-6.90876e-07
-4.78555e-06
-1.02907e-06
-2.89828e-06
-6.52317e-06
-2.49779e-07
-1.01586e-06
-1.77669e-06
-2.46756e-06
-3.49663e-06
-6.39492e-06
1.28159e-05
2.22513e-05
-2.83328e-05
1.20945e-05
3.62537e-05
-3.55323e-05
1.07735e-05
3.99737e-05
-3.86527e-05
9.38365e-06
4.09252e-05
-3.95353e-05
7.91327e-06
4.05867e-05
-3.91163e-05
6.43717e-06
3.94384e-05
-3.79623e-05
5.0367e-06
3.78932e-05
-3.64927e-05
3.75758e-06
3.62455e-05
-3.49664e-05
2.60782e-06
3.46495e-05
-3.34997e-05
1.57249e-06
3.31508e-05
-3.21155e-05
6.30653e-07
3.17405e-05
-3.07987e-05
-2.37585e-07
3.03933e-05
-2.9525e-05
-1.04791e-06
2.90856e-05
-2.82753e-05
-1.81198e-06
2.78e-05
-2.70359e-05
-2.5384e-06
2.65234e-05
-2.57969e-05
-3.2336e-06
2.52455e-05
-2.45503e-05
-3.90244e-06
2.39576e-05
-2.32888e-05
-4.54857e-06
2.2651e-05
-2.20048e-05
-5.17461e-06
2.13165e-05
-2.06904e-05
-5.78222e-06
1.99437e-05
-1.93361e-05
-6.37271e-06
1.85207e-05
-1.79302e-05
-6.94728e-06
1.70289e-05
-1.64543e-05
-7.49553e-06
1.54177e-05
-1.48694e-05
1.35751e-05
-1.31268e-05
1.10167e-05
1.74838e-05
1.21639e-05
3.51064e-05
1.16692e-05
4.04684e-05
1.07042e-05
4.18902e-05
9.5329e-06
4.1758e-05
8.2789e-06
4.06924e-05
7.0459e-06
3.91262e-05
5.90163e-06
3.73898e-05
4.87425e-06
3.56769e-05
3.96148e-06
3.40636e-05
3.1468e-06
3.25552e-05
2.41103e-06
3.1129e-05
1.73759e-06
2.97591e-05
1.11358e-06
2.8424e-05
5.29323e-07
2.71076e-05
-2.23162e-08
2.57972e-05
-5.46469e-07
2.44818e-05
-1.04659e-06
2.31511e-05
-1.52461e-06
2.17945e-05
-1.98063e-06
2.03997e-05
-2.41275e-06
1.89528e-05
-2.8202e-06
1.74364e-05
-3.21444e-06
1.58119e-05
1.39119e-05
9.68531e-06
1.341e-05
1.19802e-05
3.28115e-05
1.23133e-05
4.01353e-05
1.18306e-05
4.23728e-05
1.10105e-05
4.25781e-05
1.0023e-05
4.16799e-05
8.99191e-06
4.01572e-05
8.00557e-06
3.83762e-05
7.11294e-06
3.65695e-05
6.32733e-06
3.48492e-05
5.64031e-06
3.32422e-05
5.0353e-06
3.1734e-05
4.49556e-06
3.02988e-05
4.00701e-06
2.89126e-05
3.55861e-06
2.7556e-05
3.14194e-06
2.62138e-05
2.75096e-06
2.48727e-05
2.38183e-06
2.35202e-05
2.03307e-06
2.21432e-05
1.70602e-06
2.07268e-05
1.40834e-06
1.92505e-05
1.16316e-06
1.76815e-05
9.96953e-07
1.59781e-05
1.41991e-05
8.67013e-06
1.00137e-05
1.1711e-05
2.97707e-05
1.27741e-05
3.90722e-05
1.27898e-05
4.23571e-05
1.23505e-05
4.30175e-05
1.16626e-05
4.23678e-05
1.08628e-05
4.0957e-05
1.00571e-05
3.91818e-05
9.31314e-06
3.73135e-05
8.66082e-06
3.55015e-05
8.10253e-06
3.38005e-05
7.62649e-06
3.22101e-05
7.21696e-06
3.07083e-05
6.8591e-06
2.92704e-05
6.54047e-06
2.78747e-05
6.25125e-06
2.65031e-05
5.98406e-06
2.51399e-05
5.73422e-06
2.37701e-05
5.50034e-06
2.23771e-05
5.28558e-06
2.09415e-05
5.09769e-06
1.94383e-05
4.94271e-06
1.78365e-05
4.81539e-06
1.61054e-05
1.42159e-05
7.89775e-06
7.27313e-06
1.13649e-05
2.63035e-05
1.30706e-05
3.73666e-05
1.35958e-05
4.18318e-05
1.35485e-05
4.30648e-05
1.3183e-05
4.27333e-05
1.26421e-05
4.14978e-05
1.20415e-05
3.97824e-05
1.14631e-05
3.78919e-05
1.09531e-05
3.60115e-05
1.05268e-05
3.42269e-05
1.01796e-05
3.25573e-05
9.89878e-06
3.09892e-05
9.66994e-06
2.94993e-05
9.48051e-06
2.80641e-05
9.32062e-06
2.6663e-05
9.18353e-06
2.5277e-05
9.06584e-06
2.38878e-05
8.96773e-06
2.24752e-05
8.89278e-06
2.10165e-05
8.8464e-06
1.94847e-05
8.83351e-06
1.78494e-05
8.86141e-06
1.60775e-05
1.41303e-05
7.23626e-06
4.9994e-06
1.09165e-05
2.26233e-05
1.31906e-05
3.50924e-05
1.42357e-05
4.07868e-05
1.45942e-05
4.27063e-05
1.45717e-05
4.27557e-05
1.43149e-05
4.17547e-05
1.39433e-05
4.0154e-05
1.35498e-05
3.82855e-05
1.31946e-05
3.63666e-05
1.29067e-05
3.45148e-05
1.2691e-05
3.2773e-05
1.25396e-05
3.11405e-05
1.24407e-05
2.95982e-05
1.23825e-05
2.81223e-05
1.23562e-05
2.66892e-05
1.23562e-05
2.5277e-05
1.23802e-05
2.38638e-05
1.24284e-05
2.2427e-05
1.25024e-05
2.09425e-05
1.26036e-05
1.93835e-05
1.27328e-05
1.77202e-05
1.28926e-05
1.59177e-05
1.3932e-05
6.62772e-06
2.97369e-06
1.03443e-05
1.89067e-05
1.31197e-05
3.2317e-05
1.469e-05
3.92165e-05
1.5472e-05
4.19243e-05
1.58096e-05
4.24182e-05
1.5861e-05
4.17033e-05
1.57436e-05
4.02713e-05
1.55569e-05
3.84722e-05
1.53731e-05
3.65504e-05
1.5234e-05
3.46539e-05
1.51555e-05
3.28515e-05
1.51371e-05
3.11589e-05
1.51707e-05
2.95646e-05
1.52468e-05
2.80461e-05
1.53578e-05
2.65782e-05
1.5499e-05
2.51358e-05
1.5668e-05
2.36948e-05
1.58636e-05
2.22314e-05
1.60845e-05
2.07216e-05
1.63283e-05
1.91397e-05
1.65928e-05
1.74558e-05
1.68783e-05
1.56322e-05
1.36189e-05
5.99903e-06
1.07048e-06
9.63062e-06
1.52752e-05
1.28366e-05
2.91111e-05
1.49266e-05
3.71264e-05
1.61554e-05
4.06955e-05
1.68714e-05
4.17021e-05
1.72547e-05
4.13201e-05
1.74176e-05
4.01083e-05
1.7463e-05
3.84268e-05
1.74717e-05
3.65418e-05
1.74965e-05
3.46291e-05
1.75651e-05
3.27829e-05
1.76858e-05
3.10382e-05
1.78562e-05
2.93942e-05
1.80699e-05
2.78324e-05
1.83208e-05
2.63273e-05
1.86046e-05
2.48521e-05
1.8918e-05
2.33814e-05
1.92582e-05
2.18913e-05
1.96209e-05
2.03588e-05
2.00013e-05
1.87593e-05
2.03949e-05
1.70621e-05
2.08012e-05
1.5226e-05
1.31939e-05
5.29502e-06
-7.67219e-07
8.76908e-06
1.18011e-05
1.23229e-05
2.55573e-05
1.49138e-05
3.45355e-05
1.66112e-05
3.89982e-05
1.77294e-05
4.05839e-05
1.84704e-05
4.0579e-05
1.894e-05
3.96387e-05
1.92415e-05
3.81253e-05
1.94674e-05
3.63158e-05
1.96764e-05
3.44202e-05
1.99065e-05
3.25528e-05
2.01759e-05
3.07687e-05
2.04893e-05
2.90809e-05
2.08444e-05
2.74773e-05
2.1237e-05
2.59347e-05
2.16629e-05
2.44261e-05
2.21183e-05
2.2926e-05
2.25984e-05
2.14111e-05
2.30973e-05
1.98599e-05
2.36082e-05
1.82485e-05
2.41254e-05
1.65449e-05
2.4647e-05
1.47044e-05
1.26618e-05
4.49179e-06
-2.55576e-06
7.76641e-06
8.52648e-06
1.15577e-05
2.1766e-05
1.46183e-05
3.14749e-05
1.68019e-05
3.68145e-05
1.83398e-05
3.9046e-05
1.94636e-05
3.94553e-05
2.02953e-05
3.8807e-05
2.08728e-05
3.75479e-05
2.13372e-05
3.58514e-05
2.17517e-05
3.40057e-05
2.21613e-05
3.21432e-05
2.25927e-05
3.03374e-05
2.30578e-05
2.86157e-05
2.35594e-05
2.69757e-05
2.40957e-05
2.53984e-05
2.46631e-05
2.38587e-05
2.52573e-05
2.23318e-05
2.58726e-05
2.07958e-05
2.65021e-05
1.92304e-05
2.71377e-05
1.76128e-05
2.77726e-05
1.591e-05
2.84036e-05
1.40734e-05
1.20292e-05
3.57654e-06
-4.27795e-06
6.62455e-06
5.47847e-06
1.05299e-05
1.78607e-05
1.40117e-05
2.79931e-05
1.66898e-05
3.41363e-05
1.86808e-05
3.7055e-05
2.01904e-05
3.79457e-05
2.13967e-05
3.76007e-05
2.23328e-05
3.66118e-05
2.30543e-05
3.51299e-05
2.36964e-05
3.33636e-05
2.4306e-05
3.15336e-05
2.49157e-05
2.97277e-05
2.55444e-05
2.79871e-05
2.62001e-05
2.632e-05
2.6884e-05
2.47145e-05
2.75936e-05
2.31491e-05
2.83246e-05
2.16008e-05
2.90714e-05
2.00491e-05
2.98266e-05
1.84752e-05
3.05816e-05
1.68578e-05
3.13284e-05
1.51632e-05
3.20625e-05
1.33394e-05
1.13034e-05
2.54936e-06
-5.89547e-06
5.35936e-06
2.66847e-06
9.24507e-06
1.39749e-05
1.3072e-05
2.41661e-05
1.62334e-05
3.09749e-05
1.8702e-05
3.45864e-05
2.06391e-05
3.60086e-05
2.22021e-05
3.60377e-05
2.35294e-05
3.52845e-05
2.45781e-05
3.40812e-05
2.54742e-05
3.24675e-05
2.63083e-05
3.06994e-05
2.71168e-05
2.89192e-05
2.79249e-05
2.7179e-05
2.87461e-05
2.54987e-05
2.95851e-05
2.38755e-05
3.0441e-05
2.22932e-05
3.131e-05
2.07318e-05
3.21869e-05
1.91723e-05
3.30647e-05
1.75974e-05
3.39352e-05
1.59873e-05
3.47889e-05
1.43095e-05
3.56195e-05
1.25088e-05
1.04925e-05
1.42981e-06
-7.37163e-06
3.99513e-06
1.03153e-07
7.73074e-06
1.02393e-05
1.17885e-05
2.01083e-05
1.53959e-05
2.73676e-05
1.83547e-05
3.16276e-05
2.07542e-05
3.36091e-05
2.27157e-05
3.40762e-05
2.43896e-05
3.36106e-05
2.58224e-05
3.26484e-05
2.70281e-05
3.12618e-05
2.81214e-05
2.96061e-05
2.91556e-05
2.78851e-05
3.01646e-05
2.617e-05
3.11682e-05
2.44951e-05
3.21751e-05
2.28685e-05
3.31868e-05
2.12816e-05
3.42002e-05
1.97184e-05
3.52105e-05
1.81619e-05
3.62119e-05
1.65961e-05
3.71965e-05
1.50026e-05
3.81543e-05
1.33517e-05
3.90764e-05
1.15868e-05
9.60436e-06
2.46456e-07
-8.65213e-06
2.56126e-06
-2.21165e-06
6.05304e-06
6.74755e-06
1.01826e-05
1.59788e-05
1.41563e-05
2.33939e-05
1.75898e-05
2.81941e-05
2.04634e-05
3.07354e-05
2.28717e-05
3.16679e-05
2.49177e-05
3.15646e-05
2.67178e-05
3.08484e-05
2.82816e-05
2.9698e-05
2.96793e-05
2.82085e-05
3.09756e-05
2.65887e-05
3.22149e-05
2.49307e-05
3.34245e-05
2.32855e-05
3.46189e-05
2.16741e-05
3.58027e-05
2.00978e-05
3.69743e-05
1.85468e-05
3.81291e-05
1.7007e-05
3.92615e-05
1.54636e-05
4.03646e-05
1.38995e-05
4.14283e-05
1.22881e-05
4.24407e-05
1.05744e-05
8.64488e-06
-9.48156e-07
-9.72682e-06
1.1034e-06
-4.26321e-06
4.29615e-06
3.55481e-06
8.32276e-06
1.19522e-05
1.2518e-05
1.91986e-05
1.63694e-05
2.43428e-05
1.97126e-05
2.73922e-05
2.25779e-05
2.88026e-05
2.50498e-05
2.90927e-05
2.72254e-05
2.86728e-05
2.91695e-05
2.77539e-05
3.09072e-05
2.64707e-05
3.2504e-05
2.49919e-05
3.40086e-05
2.34262e-05
3.54551e-05
2.1839e-05
3.68641e-05
2.02651e-05
3.82445e-05
1.87174e-05
3.95969e-05
1.71944e-05
4.09172e-05
1.56868e-05
4.21989e-05
1.41818e-05
4.34347e-05
1.26637e-05
4.46145e-05
1.11083e-05
4.57237e-05
9.46516e-06
7.61338e-06
-2.12196e-06
-1.05813e-05
-3.28225e-07
-6.05695e-06
2.53773e-06
6.88852e-07
6.32058e-06
8.16934e-06
1.05425e-05
1.49767e-05
1.46803e-05
2.0205e-05
1.84454e-05
2.36272e-05
2.1766e-05
2.5482e-05
2.46823e-05
2.61763e-05
2.72752e-05
2.60799e-05
2.96077e-05
2.54213e-05
3.17147e-05
2.43637e-05
3.36483e-05
2.30584e-05
3.54563e-05
2.16182e-05
3.71763e-05
2.01189e-05
3.88342e-05
1.86073e-05
4.04437e-05
1.71078e-05
4.2009e-05
1.56291e-05
4.35268e-05
1.41691e-05
4.49897e-05
1.27189e-05
4.63883e-05
1.12652e-05
4.77101e-05
9.78644e-06
4.89369e-05
8.23841e-06
6.49691e-06
-3.23057e-06
-1.12178e-05
-1.68821e-06
-7.59931e-06
8.42675e-07
-1.84203e-06
4.29339e-06
4.71863e-06
8.35497e-06
1.09151e-05
1.25873e-05
1.59727e-05
1.66484e-05
1.9566e-05
2.03704e-05
2.176e-05
2.3723e-05
2.28237e-05
2.67474e-05
2.30554e-05
2.94907e-05
2.2678e-05
3.19915e-05
2.1863e-05
3.42942e-05
2.07556e-05
3.64431e-05
1.94693e-05
3.84759e-05
1.8086e-05
4.04218e-05
1.66615e-05
4.22992e-05
1.52304e-05
4.41166e-05
1.38116e-05
4.58738e-05
1.24119e-05
4.75634e-05
1.10293e-05
4.91733e-05
9.65528e-06
5.06867e-05
8.27301e-06
5.20774e-05
6.84776e-06
5.25856e-06
-4.23689e-06
-1.1647e-05
-2.93196e-06
-8.90424e-06
-7.35216e-07
-4.03878e-06
2.3367e-06
1.64671e-06
6.09698e-06
7.15484e-06
1.02231e-05
1.18466e-05
1.43933e-05
1.53959e-05
1.83877e-05
1.77655e-05
2.21066e-05
1.91049e-05
2.55348e-05
1.96272e-05
2.86894e-05
1.95235e-05
3.15971e-05
1.89552e-05
3.42932e-05
1.80595e-05
3.68155e-05
1.69471e-05
3.91993e-05
1.57023e-05
4.14742e-05
1.43866e-05
4.3662e-05
1.30426e-05
4.57759e-05
1.16978e-05
4.78199e-05
1.03678e-05
4.97899e-05
9.0593e-06
5.16737e-05
7.77153e-06
5.34517e-05
6.49504e-06
5.50879e-05
5.21152e-06
3.81913e-06
-5.10794e-06
-1.1885e-05
-4.02169e-06
-9.99049e-06
-2.1548e-06
-5.90566e-06
5.17985e-07
-1.02607e-06
3.89095e-06
3.78188e-06
7.74673e-06
7.9908e-06
1.18255e-05
1.13171e-05
1.59062e-05
1.36849e-05
1.9848e-05
1.5163e-05
2.35855e-05
1.58897e-05
2.70973e-05
1.60117e-05
3.03866e-05
1.56659e-05
3.34719e-05
1.49742e-05
3.63798e-05
1.40391e-05
3.91392e-05
1.29429e-05
4.17768e-05
1.1749e-05
4.43148e-05
1.05046e-05
4.67691e-05
9.24342e-06
4.91484e-05
7.98855e-06
5.14534e-05
6.75437e-06
5.36756e-05
5.54928e-06
5.57987e-05
4.37193e-06
5.77887e-05
3.22153e-06
2.04499e-06
-5.80884e-06
-1.19742e-05
-4.9202e-06
-1.08791e-05
-3.38173e-06
-7.44413e-06
-1.11806e-06
-3.28974e-06
1.82453e-06
8.3929e-07
5.30279e-06
4.51254e-06
9.12156e-06
7.49832e-06
1.30922e-05
9.71424e-06
1.70672e-05
1.1188e-05
2.09523e-05
1.20046e-05
2.46952e-05
1.22689e-05
2.8273e-05
1.20881e-05
3.1684e-05
1.15633e-05
3.49393e-05
1.07838e-05
3.8057e-05
9.82519e-06
4.10574e-05
8.74855e-06
4.39599e-05
7.60214e-06
4.67804e-05
6.4229e-06
4.95302e-05
5.23871e-06
5.22149e-05
4.06967e-06
5.48331e-05
2.93105e-06
5.7375e-05
1.83011e-06
5.98187e-05
7.77752e-07
-2.2159e-07
-6.27832e-06
-1.20092e-05
-5.59186e-06
-1.15656e-05
-4.38623e-06
-8.64977e-06
-2.53781e-06
-5.13816e-06
-4.5577e-08
-1.65294e-06
2.99496e-06
1.472e-06
6.44104e-06
4.05224e-06
1.01393e-05
6.01601e-06
1.39582e-05
7.36909e-06
1.7798e-05
8.16478e-06
2.15905e-05
8.47638e-06
2.52947e-05
8.38387e-06
2.88915e-05
7.96647e-06
3.23774e-05
7.29791e-06
3.57591e-05
6.44347e-06
3.90489e-05
5.45883e-06
4.22611e-05
4.38991e-06
4.54101e-05
3.27392e-06
4.8508e-05
2.14081e-06
5.15633e-05
1.01435e-06
5.45807e-05
-8.64002e-08
5.75576e-05
-1.14674e-06
6.04915e-05
-2.15614e-06
-3.08512e-06
-6.47788e-06
-1.20763e-05
-6.00807e-06
-1.20354e-05
-5.14531e-06
-9.51252e-06
-3.71665e-06
-6.56683e-06
-1.68756e-06
-3.68203e-06
8.87685e-07
-1.10324e-06
3.89813e-06
1.0418e-06
7.21799e-06
2.69614e-06
1.07322e-05
3.85483e-06
1.43491e-05
4.54792e-06
1.79987e-05
4.82675e-06
2.16321e-05
4.75046e-06
2.52196e-05
4.37904e-06
2.87471e-05
3.77041e-06
3.22123e-05
2.9783e-06
3.56205e-05
2.05055e-06
3.89821e-05
1.02836e-06
4.23094e-05
-5.33762e-08
4.56154e-05
-1.1652e-06
4.89117e-05
-2.28194e-06
5.22088e-05
-3.38348e-06
5.55108e-05
-4.44879e-06
5.88285e-05
-5.47389e-06
-6.44579e-06
-6.33841e-06
-1.2261e-05
-6.13995e-06
-1.22339e-05
-5.64962e-06
-1.00029e-05
-4.64105e-06
-7.57541e-06
-3.06525e-06
-5.25783e-06
-9.61727e-07
-3.20676e-06
1.58106e-06
-1.50099e-06
4.46106e-06
-1.83856e-07
7.57807e-06
7.37828e-07
1.08449e-05
1.28104e-06
1.4194e-05
1.47771e-06
1.75756e-05
1.36886e-06
2.0955e-05
9.99574e-07
2.43113e-05
4.14205e-07
2.76351e-05
-3.45565e-07
3.09271e-05
-1.24139e-06
3.41941e-05
-2.23864e-06
3.74473e-05
-3.30661e-06
4.07007e-05
-4.41859e-06
4.39698e-05
-5.55106e-06
4.72708e-05
-6.68443e-06
5.06194e-05
-7.79743e-06
5.40319e-05
-8.88642e-06
-9.9386e-06
-5.61373e-06
-1.30422e-05
-5.99012e-06
-1.18575e-05
-5.92238e-06
-1.00706e-05
-5.31482e-06
-8.18297e-06
-4.1612e-06
-6.41145e-06
-2.50474e-06
-4.86322e-06
-4.20344e-07
-3.58539e-06
2.00198e-06
-2.60618e-06
4.6759e-06
-1.93609e-06
7.52287e-06
-1.56594e-06
1.04773e-05
-1.47674e-06
1.34877e-05
-1.64152e-06
1.65164e-05
-2.02913e-06
1.9538e-05
-2.60742e-06
2.2538e-05
-3.34552e-06
2.55114e-05
-4.21475e-06
2.84614e-05
-5.18867e-06
3.13979e-05
-6.24307e-06
3.43354e-05
-7.35613e-06
3.72927e-05
-8.50842e-06
4.0291e-05
-9.68267e-06
4.33536e-05
-1.08601e-05
4.6491e-05
-1.20238e-05
-1.31204e-05
-3.65521e-07
3.65521e-07
-1.17298e-06
8.07457e-07
-2.09446e-06
9.21479e-07
-2.80966e-06
7.15204e-07
-3.08881e-06
2.79148e-07
-8.65192e-07
-2.22362e-06
-5.50337e-07
9.15858e-07
-1.36249e-06
1.61961e-06
-2.11979e-06
1.67878e-06
-2.68893e-06
1.28435e-06
-2.85866e-06
4.48877e-07
-1.33607e-06
-2.38778e-06
-5.81148e-07
1.49701e-06
-1.31725e-06
2.35571e-06
-1.97452e-06
2.33605e-06
-2.45878e-06
1.76861e-06
-2.65741e-06
6.47506e-07
-1.37942e-06
-2.61406e-06
-5.81562e-07
2.07857e-06
-1.23098e-06
3.00513e-06
-1.81475e-06
2.91982e-06
-2.25765e-06
2.21151e-06
-2.52427e-06
9.14124e-07
-1.13396e-06
-2.76974e-06
-5.71517e-07
2.65009e-06
-1.13379e-06
3.5674e-06
-1.65467e-06
3.44069e-06
-2.07918e-06
2.63602e-06
-2.42178e-06
1.25673e-06
-7.09595e-07
-2.84614e-06
-5.5753e-07
3.20761e-06
-1.03004e-06
4.03991e-06
-1.49289e-06
3.90354e-06
-1.90846e-06
3.05159e-06
-2.31322e-06
1.6615e-06
-1.81968e-07
-2.84085e-06
-5.32559e-07
3.74017e-06
-9.19536e-07
4.42689e-06
-1.32537e-06
4.30937e-06
-1.7318e-06
3.45801e-06
-2.17781e-06
2.10751e-06
3.96816e-07
-2.7566e-06
-4.67924e-07
4.2081e-06
-7.94191e-07
4.75316e-06
-1.14734e-06
4.66253e-06
-1.53895e-06
3.84961e-06
-2.00381e-06
2.57237e-06
9.89724e-07
-2.59672e-06
-3.88944e-07
4.59704e-06
-6.5389e-07
5.01811e-06
-9.55333e-07
4.96397e-06
-1.32268e-06
4.21696e-06
-1.78324e-06
3.03293e-06
1.56718e-06
-2.36069e-06
-3.00253e-07
4.89729e-06
-5.00328e-07
5.21818e-06
-7.47319e-07
5.21096e-06
-1.07865e-06
4.54829e-06
-1.51254e-06
3.46683e-06
2.1028e-06
-2.04817e-06
-2.0424e-07
5.10153e-06
-3.34677e-07
5.34862e-06
-5.22443e-07
5.39872e-06
-8.05047e-07
4.83089e-06
-1.19136e-06
3.85315e-06
2.57228e-06
-1.66083e-06
-1.02218e-07
5.20375e-06
-1.58484e-07
5.40488e-06
-2.8086e-07
5.5211e-06
-5.02342e-07
5.05237e-06
-8.22265e-07
4.17307e-06
2.95327e-06
-1.20326e-06
6.23112e-09
5.19752e-06
2.57179e-08
5.3854e-06
-2.3829e-08
5.57065e-06
-1.7312e-07
5.20166e-06
-4.1085e-07
4.4108e-06
3.22678e-06
-6.84357e-07
1.13225e-07
5.0843e-06
2.17712e-07
5.28091e-06
2.4587e-07
5.54249e-06
1.78068e-07
5.26947e-06
3.46708e-08
4.5542e-06
3.38055e-06
-1.19093e-07
2.24393e-07
4.8599e-06
4.13055e-07
5.09225e-06
5.24758e-07
5.43079e-06
5.44687e-07
5.24954e-06
5.01552e-07
4.59733e-06
3.40725e-06
4.74846e-07
3.43559e-07
4.51634e-06
6.08973e-07
4.82684e-06
8.08165e-07
5.23159e-06
9.19275e-07
5.13843e-06
9.76255e-07
4.54035e-06
3.31515e-06
1.06836e-06
4.88784e-07
4.02756e-06
7.98431e-07
4.51719e-06
1.08997e-06
4.94006e-06
1.29435e-06
4.93404e-06
1.44319e-06
4.39152e-06
3.12765e-06
1.63068e-06
5.72365e-07
3.45519e-06
9.66811e-07
4.12274e-06
1.36262e-06
4.54425e-06
1.66329e-06
4.63337e-06
1.88986e-06
4.16495e-06
2.88427e-06
2.13324e-06
6.16764e-07
2.83843e-06
1.11135e-06
3.62816e-06
1.6193e-06
4.0363e-06
2.02159e-06
4.23107e-06
2.30837e-06
3.87817e-06
2.64257e-06
2.55007e-06
6.42314e-07
2.19612e-06
1.22924e-06
3.04123e-06
1.85341e-06
3.41213e-06
2.368e-06
3.71648e-06
2.70361e-06
3.54257e-06
2.50814e-06
2.83804e-06
6.45781e-07
1.55034e-06
1.31685e-06
2.37017e-06
2.05767e-06
2.6713e-06
2.7054e-06
3.06876e-06
3.12215e-06
3.12581e-06
2.56652e-06
3.06377e-06
6.25755e-07
9.2458e-07
1.36964e-06
1.62628e-06
2.21823e-06
1.82271e-06
3.03269e-06
2.2543e-06
3.66357e-06
2.49493e-06
2.41361e-06
3.81649e-06
5.68374e-07
3.56206e-07
1.37491e-06
8.19748e-07
2.29563e-06
9.01987e-07
3.31318e-06
1.23675e-06
4.35134e-06
1.45677e-06
1.54648e-06
5.21847e-06
3.56206e-07
1.17595e-06
2.07794e-06
3.31469e-06
4.77146e-06
6.31794e-06
-4.7499e-06
-1.0516e-05
-5.71955e-06
-1.08878e-05
-6.02651e-06
-9.76363e-06
-5.76157e-06
-8.44791e-06
-4.96541e-06
-7.20761e-06
-3.69503e-06
-6.1336e-06
-2.02075e-06
-5.25967e-06
-2.15548e-08
-4.60537e-06
2.22416e-06
-4.18181e-06
4.64589e-06
-3.98767e-06
7.18217e-06
-4.01302e-06
9.78278e-06
-4.24213e-06
1.24093e-05
-4.65567e-06
1.50345e-05
-5.23258e-06
1.76408e-05
-5.95179e-06
2.02192e-05
-6.79317e-06
2.27689e-05
-7.73844e-06
2.52965e-05
-8.77066e-06
2.78141e-05
-9.87368e-06
3.03392e-05
-1.10336e-05
3.28931e-05
-1.22366e-05
3.54978e-05
-1.34647e-05
3.81569e-05
-1.46829e-05
-1.57887e-05
-4.24919e-06
-8.65454e-06
-5.49737e-06
-9.63963e-06
-6.04816e-06
-9.21284e-06
-6.02023e-06
-8.47585e-06
-5.48412e-06
-7.74372e-06
-4.50472e-06
-7.113e-06
-3.14978e-06
-6.61461e-06
-1.49107e-06
-6.26409e-06
4.01138e-07
-6.07401e-06
2.46257e-06
-6.0491e-06
4.63719e-06
-6.18764e-06
6.87828e-06
-6.48322e-06
9.14877e-06
-6.92616e-06
1.1421e-05
-7.50486e-06
1.36761e-05
-8.20685e-06
1.59023e-05
-9.01938e-06
1.80943e-05
-9.93045e-06
2.02538e-05
-1.09302e-05
2.23885e-05
-1.20084e-05
2.45094e-05
-1.31544e-05
2.66288e-05
-1.43561e-05
2.87586e-05
-1.55945e-05
3.0903e-05
-1.68273e-05
-1.79314e-05
-4.14296e-06
-7.12564e-06
-5.36721e-06
-8.41538e-06
-6.01649e-06
-8.56356e-06
-6.11927e-06
-8.37307e-06
-5.73749e-06
-8.1255e-06
-4.93704e-06
-7.91345e-06
-3.7842e-06
-7.76745e-06
-2.34597e-06
-7.70231e-06
-6.87042e-07
-7.73295e-06
1.13426e-06
-7.8704e-06
3.06765e-06
-8.12102e-06
5.07123e-06
-8.48681e-06
7.11158e-06
-8.96651e-06
9.1635e-06
-9.55678e-06
1.12097e-05
-1.02531e-05
1.32408e-05
-1.10504e-05
1.52534e-05
-1.19431e-05
1.72476e-05
-1.29243e-05
1.92258e-05
-1.39866e-05
2.11908e-05
-1.51194e-05
2.31422e-05
-1.63075e-05
2.50729e-05
-1.75252e-05
2.69646e-05
-1.8719e-05
-1.97683e-05
-4.12354e-06
-5.77183e-06
-5.26508e-06
-7.27384e-06
-5.92516e-06
-7.90349e-06
-6.07259e-06
-8.22563e-06
-5.74842e-06
-8.44967e-06
-5.01698e-06
-8.64488e-06
-3.94425e-06
-8.84018e-06
-2.59521e-06
-9.05135e-06
-1.03108e-06
-9.29708e-06
6.93985e-07
-9.59547e-06
2.53447e-06
-9.96151e-06
4.45309e-06
-1.04054e-05
6.42029e-06
-1.09337e-05
8.41417e-06
-1.15507e-05
1.04196e-05
-1.22585e-05
1.24266e-05
-1.30574e-05
1.44287e-05
-1.39452e-05
1.64223e-05
-1.4918e-05
1.8406e-05
-1.59702e-05
2.03787e-05
-1.70922e-05
2.23373e-05
-1.82661e-05
2.42718e-05
-1.94597e-05
2.61772e-05
-2.06244e-05
-2.16576e-05
-4.08902e-06
-4.52895e-06
-5.14136e-06
-6.22151e-06
-5.76151e-06
-7.28334e-06
-5.88002e-06
-8.10712e-06
-5.52558e-06
-8.80412e-06
-4.75885e-06
-9.41161e-06
-3.64847e-06
-9.95055e-06
-2.25948e-06
-1.04403e-05
-6.51934e-07
-1.09046e-05
1.12205e-06
-1.13695e-05
3.02002e-06
-1.18595e-05
5.00774e-06
-1.23931e-05
7.05773e-06
-1.29837e-05
9.1489e-06
-1.36418e-05
1.12659e-05
-1.43755e-05
1.33978e-05
-1.51893e-05
1.55378e-05
-1.60852e-05
1.76822e-05
-1.70623e-05
1.98294e-05
-1.81174e-05
2.19806e-05
-1.92434e-05
2.41412e-05
-2.04267e-05
2.63223e-05
-2.16408e-05
2.85334e-05
-2.28354e-05
-2.39237e-05
-4.00221e-06
-3.36759e-06
-4.96728e-06
-5.25643e-06
-5.50426e-06
-6.74637e-06
-5.53183e-06
-8.07954e-06
-5.06386e-06
-9.27209e-06
-4.16096e-06
-1.03145e-05
-2.89742e-06
-1.12141e-05
-1.34277e-06
-1.1995e-05
4.42096e-07
-1.26895e-05
2.40561e-06
-1.3333e-05
4.50696e-06
-1.39608e-05
6.71419e-06
-1.46004e-05
9.00246e-06
-1.5272e-05
1.13533e-05
-1.59927e-05
1.37537e-05
-1.67759e-05
1.61946e-05
-1.76302e-05
1.86701e-05
-1.85607e-05
2.1177e-05
-1.95693e-05
2.37144e-05
-2.06548e-05
2.62842e-05
-2.18132e-05
2.88921e-05
-2.30345e-05
3.15516e-05
-2.43003e-05
3.42793e-05
-2.55631e-05
-2.67329e-05
-3.84265e-06
-2.28154e-06
-4.71544e-06
-4.38364e-06
-5.13471e-06
-6.32709e-06
-5.00713e-06
-8.20713e-06
-4.33785e-06
-9.94137e-06
-3.19294e-06
-1.14594e-05
-1.65773e-06
-1.27493e-05
1.88923e-07
-1.38417e-05
2.28121e-06
-1.47818e-05
4.56772e-06
-1.56195e-05
7.00787e-06
-1.6401e-05
9.57126e-06
-1.71638e-05
1.22364e-05
-1.79371e-05
1.49883e-05
-1.87446e-05
1.78162e-05
-1.96038e-05
2.07122e-05
-2.05262e-05
2.36707e-05
-2.15192e-05
2.66872e-05
-2.25857e-05
2.97569e-05
-2.37245e-05
3.28754e-05
-2.49317e-05
3.60396e-05
-2.61987e-05
3.92558e-05
-2.75165e-05
4.25305e-05
-2.88378e-05
-3.01057e-05
-3.59927e-06
-1.27898e-06
-4.36317e-06
-3.61975e-06
-4.62859e-06
-6.06167e-06
-4.27454e-06
-8.56117e-06
-3.30458e-06
-1.09113e-05
-1.80039e-06
-1.29636e-05
1.34057e-07
-1.46837e-05
2.40237e-06
-1.611e-05
4.93198e-06
-1.73114e-05
7.66701e-06
-1.83545e-05
1.05639e-05
-1.92979e-05
1.3593e-05
-2.01929e-05
1.67346e-05
-2.10787e-05
1.99754e-05
-2.19854e-05
2.3306e-05
-2.29344e-05
2.67187e-05
-2.3939e-05
3.0206e-05
-2.50065e-05
3.37589e-05
-2.61387e-05
3.73668e-05
-2.73324e-05
4.10219e-05
-2.85868e-05
4.47143e-05
-2.98912e-05
4.84356e-05
-3.12378e-05
5.21607e-05
-3.25628e-05
-3.3953e-05
-3.26433e-06
-3.75346e-07
-3.89734e-06
-2.98674e-06
-3.95924e-06
-5.99976e-06
-3.29149e-06
-9.22893e-06
-1.90336e-06
-1.22995e-05
9.87864e-08
-1.49658e-05
2.56544e-06
-1.71504e-05
5.3818e-06
-1.89263e-05
8.45212e-06
-2.03817e-05
1.17068e-05
-2.16092e-05
1.51005e-05
-2.26915e-05
1.86079e-05
-2.37002e-05
2.2215e-05
-2.46859e-05
2.59139e-05
-2.56842e-05
2.96984e-05
-2.67189e-05
3.35629e-05
-2.78034e-05
3.75038e-05
-2.89474e-05
4.15118e-05
-3.01466e-05
4.55692e-05
-3.13899e-05
4.96681e-05
-3.26856e-05
5.37925e-05
-3.40156e-05
5.7919e-05
-3.53643e-05
6.20209e-05
-3.66648e-05
-3.80496e-05
-2.83249e-06
4.08981e-07
-3.30311e-06
-2.51612e-06
-3.09393e-06
-6.20895e-06
-1.99942e-06
-1.03234e-05
-4.1991e-08
-1.42569e-05
2.58013e-06
-1.75879e-05
5.68592e-06
-2.02562e-05
9.10015e-06
-2.23406e-05
1.27086e-05
-2.39901e-05
1.6447e-05
-2.53476e-05
2.0284e-05
-2.65286e-05
2.42028e-05
-2.7619e-05
2.81927e-05
-2.86758e-05
3.2251e-05
-2.97425e-05
3.63722e-05
-3.08402e-05
4.05481e-05
-3.19793e-05
4.47775e-05
-3.31768e-05
4.90527e-05
-3.44218e-05
5.33674e-05
-3.57046e-05
5.76585e-05
-3.69767e-05
6.18358e-05
-3.81928e-05
6.57946e-05
-3.93231e-05
6.95184e-05
-4.03886e-05
-4.15122e-05
-2.29939e-06
1.04754e-06
-2.56327e-06
-2.25225e-06
-1.98877e-06
-6.78345e-06
-3.19836e-07
-1.19924e-05
2.32462e-06
-1.69013e-05
5.67417e-06
-2.09374e-05
9.43402e-06
-2.4016e-05
1.34109e-05
-2.63175e-05
1.74959e-05
-2.80751e-05
2.16351e-05
-2.94868e-05
2.58017e-05
-3.06953e-05
2.9982e-05
-3.17993e-05
3.41684e-05
-3.28622e-05
3.83669e-05
-3.3941e-05
4.25829e-05
-3.50561e-05
4.68048e-05
-3.62013e-05
5.09609e-05
-3.73329e-05
5.49545e-05
-3.84155e-05
5.8696e-05
-3.9446e-05
6.21385e-05
-4.04192e-05
6.53024e-05
-4.13568e-05
6.82165e-05
-4.22371e-05
7.09496e-05
-4.31217e-05
-4.40163e-05
-1.66333e-06
1.50761e-06
-1.65831e-06
-2.25727e-06
-5.85141e-07
-7.85662e-06
1.81385e-06
-1.43914e-05
5.2762e-06
-2.03637e-05
9.35653e-06
-2.50178e-05
1.37089e-05
-2.83684e-05
1.81241e-05
-3.07327e-05
2.25009e-05
-3.24518e-05
2.67972e-05
-3.37831e-05
3.09988e-05
-3.48969e-05
3.51114e-05
-3.59119e-05
3.9159e-05
-3.69098e-05
4.31099e-05
-3.78919e-05
4.68823e-05
-3.88285e-05
5.03999e-05
-3.97188e-05
5.36413e-05
-4.05744e-05
5.66416e-05
-4.14157e-05
5.94366e-05
-4.2241e-05
6.20665e-05
-4.30492e-05
6.45449e-05
-4.38351e-05
6.69026e-05
-4.45949e-05
6.90915e-05
-4.53105e-05
-4.59482e-05
-9.29282e-07
1.75253e-06
-5.68735e-07
-2.61782e-06
1.18269e-06
-9.60804e-06
4.48464e-06
-1.76933e-05
8.78086e-06
-2.46599e-05
1.34736e-05
-2.97105e-05
1.81635e-05
-3.30584e-05
2.26646e-05
-3.52337e-05
2.6925e-05
-3.67122e-05
3.0945e-05
-3.7803e-05
3.47494e-05
-3.87014e-05
3.83565e-05
-3.95189e-05
4.17301e-05
-4.02834e-05
4.48396e-05
-4.10014e-05
4.77207e-05
-4.17096e-05
5.04159e-05
-4.2414e-05
5.29663e-05
-4.31247e-05
5.538e-05
-4.38294e-05
5.76776e-05
-4.45386e-05
5.98762e-05
-4.52478e-05
6.19907e-05
-4.59496e-05
6.4005e-05
-4.66092e-05
6.58234e-05
-4.71289e-05
-4.74442e-05
-1.26819e-07
1.76026e-06
7.2538e-07
-3.47002e-06
3.37216e-06
-1.22548e-05
7.6528e-06
-2.19739e-05
1.26041e-05
-2.96112e-05
1.75094e-05
-3.46159e-05
2.20229e-05
-3.75719e-05
2.60892e-05
-3.93001e-05
2.97658e-05
-4.03889e-05
3.31168e-05
-4.11539e-05
3.61942e-05
-4.17788e-05
3.90251e-05
-4.23498e-05
4.16459e-05
-4.29043e-05
4.41132e-05
-4.34688e-05
4.64515e-05
-4.40478e-05
4.86825e-05
-4.4645e-05
5.08283e-05
-4.52705e-05
5.2905e-05
-4.59062e-05
5.4908e-05
-4.65415e-05
5.68054e-05
-4.71452e-05
5.85583e-05
-4.77026e-05
6.01426e-05
-4.81935e-05
6.15783e-05
-4.85646e-05
-4.86253e-05
7.59666e-07
1.47544e-06
2.24706e-06
-4.95741e-06
5.98153e-06
-1.59893e-05
1.1062e-05
-2.70544e-05
1.61792e-05
-3.47283e-05
2.06905e-05
-3.91272e-05
2.45114e-05
-4.13928e-05
2.77939e-05
-4.25826e-05
3.07087e-05
-4.33036e-05
3.33508e-05
-4.3796e-05
3.57903e-05
-4.42183e-05
3.80729e-05
-4.46324e-05
4.02345e-05
-4.50659e-05
4.22985e-05
-4.55327e-05
4.42877e-05
-4.60371e-05
4.62157e-05
-4.6573e-05
4.80675e-05
-4.71223e-05
4.98299e-05
-4.76686e-05
5.14868e-05
-4.81984e-05
5.30381e-05
-4.86965e-05
5.44816e-05
-4.9146e-05
5.58074e-05
-4.95194e-05
5.69901e-05
-4.97473e-05
-4.96127e-05
1.67549e-06
8.6831e-07
4.00333e-06
-7.28525e-06
8.84641e-06
-2.08324e-05
1.42409e-05
-3.24489e-05
1.88834e-05
-3.93708e-05
2.25705e-05
-4.28143e-05
2.55452e-05
-4.43675e-05
2.80906e-05
-4.51281e-05
3.03863e-05
-4.55993e-05
3.2494e-05
-4.59038e-05
3.4476e-05
-4.62003e-05
3.63675e-05
-4.65239e-05
3.81882e-05
-4.68866e-05
3.99458e-05
-4.72903e-05
4.16389e-05
-4.77302e-05
4.32612e-05
-4.81952e-05
4.48109e-05
-4.8672e-05
4.62891e-05
-4.91469e-05
4.76955e-05
-4.96048e-05
4.90275e-05
-5.00285e-05
5.02763e-05
-5.03948e-05
5.14219e-05
-5.06649e-05
5.24334e-05
-5.07588e-05
-5.04906e-05
2.59573e-06
-9.6733e-08
6.01452e-06
-1.0704e-05
1.1648e-05
-2.64658e-05
1.67149e-05
-3.75159e-05
2.04939e-05
-4.31498e-05
2.33206e-05
-4.5641e-05
2.5594e-05
-4.66409e-05
2.76014e-05
-4.71354e-05
2.94126e-05
-4.74105e-05
3.11063e-05
-4.75974e-05
3.27211e-05
-4.78151e-05
3.42781e-05
-4.80809e-05
3.57884e-05
-4.83969e-05
3.72556e-05
-4.87575e-05
3.86789e-05
-4.91535e-05
4.00571e-05
-4.95734e-05
4.13887e-05
-5.00036e-05
4.26704e-05
-5.04286e-05
4.38969e-05
-5.08313e-05
4.50602e-05
-5.11918e-05
4.61475e-05
-5.14821e-05
4.71423e-05
-5.16597e-05
4.80317e-05
-5.16483e-05
-5.12967e-05
3.56399e-06
-1.52749e-06
8.23356e-06
-1.53736e-05
1.40245e-05
-3.22568e-05
1.82884e-05
-4.17798e-05
2.11761e-05
-4.60376e-05
2.32782e-05
-4.77431e-05
2.50292e-05
-4.83919e-05
2.65846e-05
-4.86908e-05
2.79865e-05
-4.88124e-05
2.9334e-05
-4.89449e-05
3.06453e-05
-4.91265e-05
3.19297e-05
-4.93653e-05
3.31903e-05
-4.96575e-05
3.44274e-05
-4.99946e-05
3.56388e-05
-5.03649e-05
3.68203e-05
-5.0755e-05
3.79666e-05
-5.11499e-05
3.90715e-05
-5.15335e-05
4.01286e-05
-5.18883e-05
4.11297e-05
-5.2193e-05
4.20659e-05
-5.24182e-05
4.29295e-05
-5.25233e-05
4.37214e-05
-5.24402e-05
-5.20419e-05
4.68888e-06
-3.6663e-06
1.0508e-05
-2.11928e-05
1.57413e-05
-3.74901e-05
1.90495e-05
-4.5088e-05
2.11559e-05
-4.8144e-05
2.26967e-05
-4.92839e-05
2.39984e-05
-4.96935e-05
2.51292e-05
-4.98216e-05
2.62213e-05
-4.99045e-05
2.72971e-05
-5.00207e-05
2.83645e-05
-5.01938e-05
2.94251e-05
-5.04259e-05
3.04772e-05
-5.07097e-05
3.1517e-05
-5.10344e-05
3.25392e-05
-5.13871e-05
3.35382e-05
-5.17539e-05
3.45083e-05
-5.212e-05
3.54442e-05
-5.24694e-05
3.63404e-05
-5.27845e-05
3.71909e-05
-5.30435e-05
3.79903e-05
-5.32176e-05
3.87361e-05
-5.32691e-05
3.94344e-05
-5.31385e-05
-5.27186e-05
6.03004e-06
-6.85829e-06
1.25308e-05
-2.76936e-05
1.67651e-05
-4.17243e-05
1.91425e-05
-4.74654e-05
2.06079e-05
-4.96093e-05
2.16744e-05
-5.03504e-05
2.2564e-05
-5.05831e-05
2.3412e-05
-5.06696e-05
2.42539e-05
-5.07464e-05
2.51013e-05
-5.0868e-05
2.59566e-05
-5.10492e-05
2.68176e-05
-5.12869e-05
2.76793e-05
-5.15714e-05
2.85356e-05
-5.18907e-05
2.93803e-05
-5.22318e-05
3.02075e-05
-5.25811e-05
3.1012e-05
-5.29245e-05
3.17891e-05
-5.32465e-05
3.25343e-05
-5.35297e-05
3.32435e-05
-5.37527e-05
3.39144e-05
-5.38885e-05
3.45481e-05
-5.39028e-05
3.51533e-05
-5.37437e-05
-5.33225e-05
7.6878e-06
-1.14823e-05
1.40038e-05
-3.40095e-05
1.7152e-05
-4.48725e-05
1.87125e-05
-4.90259e-05
1.96306e-05
-5.05275e-05
2.0311e-05
-5.10309e-05
2.09219e-05
-5.11939e-05
2.15245e-05
-5.12722e-05
2.21447e-05
-5.13666e-05
2.27887e-05
-5.15121e-05
2.34537e-05
-5.17142e-05
2.41331e-05
-5.19663e-05
2.48191e-05
-5.22574e-05
2.55041e-05
-5.25757e-05
2.61813e-05
-5.2909e-05
2.68451e-05
-5.32449e-05
2.74908e-05
-5.35702e-05
2.81146e-05
-5.38703e-05
2.87135e-05
-5.41287e-05
2.92857e-05
-5.43249e-05
2.98314e-05
-5.44342e-05
3.03543e-05
-5.44257e-05
3.08652e-05
-5.42546e-05
-5.38485e-05
9.88149e-06
-1.75473e-05
1.49263e-05
-3.90543e-05
1.70027e-05
-4.69489e-05
1.78845e-05
-4.99077e-05
1.83681e-05
-5.10111e-05
1.87403e-05
-5.1403e-05
1.91024e-05
-5.15561e-05
1.94924e-05
-5.16622e-05
1.9921e-05
-5.17952e-05
2.03859e-05
-5.1977e-05
2.08791e-05
-5.22074e-05
2.1391e-05
-5.24782e-05
2.19123e-05
-5.27787e-05
2.24348e-05
-5.30982e-05
2.29518e-05
-5.34259e-05
2.3458e-05
-5.37511e-05
2.39497e-05
-5.40619e-05
2.44244e-05
-5.43449e-05
2.48805e-05
-5.45848e-05
2.53183e-05
-5.47627e-05
2.574e-05
-5.48559e-05
2.61512e-05
-5.48368e-05
2.65637e-05
-5.46671e-05
-5.42891e-05
1.23914e-05
-2.47203e-05
1.54028e-05
-4.20657e-05
1.64049e-05
-4.7951e-05
1.67316e-05
-5.02344e-05
1.68723e-05
-5.11518e-05
1.6993e-05
-5.15237e-05
1.71491e-05
-5.17122e-05
1.73571e-05
-5.18702e-05
1.76162e-05
-5.20543e-05
1.79178e-05
-5.22785e-05
1.82506e-05
-5.25402e-05
1.86036e-05
-5.28312e-05
1.89672e-05
-5.31422e-05
1.93331e-05
-5.34641e-05
1.96951e-05
-5.37879e-05
2.00484e-05
-5.41045e-05
2.03902e-05
-5.44036e-05
2.07188e-05
-5.46736e-05
2.10346e-05
-5.49005e-05
2.13393e-05
-5.50674e-05
2.16369e-05
-5.51535e-05
2.1934e-05
-5.5134e-05
2.22436e-05
-5.49767e-05
-5.46371e-05
1.43434e-05
-3.27458e-05
1.53273e-05
-4.30496e-05
1.53834e-05
-4.80071e-05
1.53014e-05
-5.01524e-05
1.51903e-05
-5.10406e-05
1.51129e-05
-5.14463e-05
1.50966e-05
-5.1696e-05
1.51452e-05
-5.19188e-05
1.52502e-05
-5.21593e-05
1.53991e-05
-5.24275e-05
1.55794e-05
-5.27205e-05
1.57799e-05
-5.30317e-05
1.59912e-05
-5.33535e-05
1.62057e-05
-5.36785e-05
1.64173e-05
-5.39996e-05
1.66221e-05
-5.43092e-05
1.68175e-05
-5.4599e-05
1.7003e-05
-5.48591e-05
1.718e-05
-5.50775e-05
1.73519e-05
-5.52393e-05
1.75241e-05
-5.53258e-05
1.77044e-05
-5.53143e-05
1.79065e-05
-5.51788e-05
-5.48869e-05
-5.53741e-07
5.53741e-07
-6.98765e-07
1.45025e-07
1.13403e-07
-8.12169e-07
1.85907e-06
-1.74567e-06
6.18579e-06
-4.32672e-06
-7.50086e-06
1.36866e-05
-5.59872e-07
1.11361e-06
-4.49159e-07
3.43113e-08
5.45715e-07
-1.80704e-06
2.64955e-06
-3.8495e-06
6.00577e-06
-7.68293e-06
-1.26511e-05
1.1156e-05
-4.82314e-07
1.59593e-06
-2.25067e-07
-2.22936e-07
8.3039e-07
-2.8625e-06
2.9135e-06
-5.93261e-06
5.90046e-06
-1.06699e-05
-1.64252e-05
9.67455e-06
-3.95845e-07
1.99177e-06
-6.49207e-08
-5.5386e-07
9.78298e-07
-3.90572e-06
2.90677e-06
-7.86108e-06
5.48882e-06
-1.32519e-05
-1.92378e-05
8.30143e-06
-3.13242e-07
2.30501e-06
4.18856e-08
-9.08988e-07
1.01557e-06
-4.87941e-06
2.72124e-06
-9.56675e-06
4.87188e-06
-1.54026e-05
-2.13144e-05
6.94848e-06
-2.40613e-07
2.54563e-06
1.01986e-07
-1.25159e-06
9.6478e-07
-5.7422e-06
2.41286e-06
-1.10148e-05
4.14968e-06
-1.71394e-05
-2.28087e-05
5.64403e-06
-1.80605e-07
2.72623e-06
1.2174e-07
-1.55393e-06
8.44383e-07
-6.46484e-06
2.02121e-06
-1.21916e-05
3.36757e-06
-1.84858e-05
-2.3833e-05
4.3919e-06
-1.3351e-07
2.85974e-06
1.07902e-07
-1.79534e-06
6.70332e-07
-7.02727e-06
1.5737e-06
-1.3095e-05
2.5578e-06
-1.94699e-05
-2.4468e-05
3.19271e-06
-9.79431e-08
2.95769e-06
6.80269e-08
-1.96131e-06
4.57486e-07
-7.41673e-06
1.08924e-06
-1.37268e-05
1.74141e-06
-2.0122e-05
-2.4775e-05
2.04841e-06
-7.139e-08
3.02908e-06
1.04162e-08
-2.04312e-06
2.20278e-07
-7.62659e-06
5.84496e-07
-1.4091e-05
9.31e-07
-2.04685e-05
-2.48012e-05
9.57204e-07
-5.06082e-08
3.07968e-06
-5.64752e-08
-2.03725e-06
-2.6086e-08
-7.65698e-06
7.49688e-08
-1.4192e-05
1.33781e-07
-2.05274e-05
-2.45812e-05
-8.61363e-08
-3.19249e-08
3.11161e-06
-1.24076e-07
-1.9451e-06
-2.75538e-07
-7.50552e-06
-4.26737e-07
-1.40408e-05
-6.27733e-07
-2.03264e-05
-2.41473e-05
-1.06172e-06
-1.15488e-08
3.12316e-06
-1.83931e-07
-1.77272e-06
-5.08365e-07
-7.18109e-06
-9.07141e-07
-1.36421e-05
-1.35698e-06
-1.98765e-05
-2.35165e-05
-1.98773e-06
1.36617e-08
3.1095e-06
-2.28166e-07
-1.53089e-06
-7.14889e-07
-6.69436e-06
-1.354e-06
-1.3003e-05
-2.04279e-06
-1.91877e-05
-2.27047e-05
-2.85456e-06
4.6991e-08
3.0625e-06
-2.4953e-07
-1.23437e-06
-8.83244e-07
-6.06065e-06
-1.75442e-06
-1.21318e-05
-2.67649e-06
-1.82657e-05
-2.17223e-05
-3.65888e-06
9.09049e-08
2.9716e-06
-2.41627e-07
-9.01839e-07
-1.00181e-06
-5.30047e-06
-2.09503e-06
-1.10386e-05
-3.24988e-06
-1.71108e-05
-2.05756e-05
-4.39666e-06
1.46698e-07
2.8249e-06
-1.99241e-07
-5.55901e-07
-1.05885e-06
-4.44085e-06
-2.35987e-06
-9.73755e-06
-3.75221e-06
-1.57185e-05
-1.92642e-05
-5.06352e-06
2.16698e-07
2.6082e-06
-1.1894e-07
-2.20263e-07
-1.04249e-06
-3.5173e-06
-2.53039e-06
-8.24965e-06
-4.16864e-06
-1.40802e-05
-1.77775e-05
-5.65534e-06
3.00393e-07
2.30781e-06
-1.13585e-10
8.02428e-08
-9.41433e-07
-2.57598e-06
-2.58487e-06
-6.60621e-06
-4.47611e-06
-1.2189e-05
-1.60868e-05
-6.16681e-06
3.9314e-07
1.91467e-06
1.52145e-07
3.21237e-07
-7.47623e-07
-1.67621e-06
-2.49714e-06
-4.85669e-06
-4.64211e-06
-1.0044e-05
-1.41396e-05
-6.5894e-06
4.53965e-07
1.46071e-06
3.25813e-07
4.49388e-07
-4.59729e-07
-8.90669e-07
-2.22851e-06
-3.08791e-06
-4.61971e-06
-7.65283e-06
-1.18592e-05
-6.90002e-06
5.00074e-07
9.60633e-07
5.08904e-07
4.40558e-07
-8.43179e-08
-2.97447e-07
-1.71196e-06
-1.46027e-06
-4.32559e-06
-5.0392e-06
-9.13975e-06
-7.04508e-06
5.32421e-07
4.28212e-07
6.79705e-07
2.93275e-07
3.61515e-07
2.07427e-08
-8.11396e-07
-2.87356e-07
-3.4956e-06
-2.355e-06
-5.51781e-06
-7.11754e-06
4.28212e-07
7.21487e-07
7.4223e-07
4.54873e-07
-1.90012e-06
-7.41793e-06
1.38756e-05
-3.29347e-05
1.41683e-05
-4.33423e-05
1.3973e-05
-4.78118e-05
1.36636e-05
-4.9843e-05
1.33689e-05
-5.0746e-05
1.31337e-05
-5.1211e-05
1.29716e-05
-5.15339e-05
1.28775e-05
-5.18247e-05
1.2839e-05
-5.21208e-05
1.28425e-05
-5.24309e-05
1.28757e-05
-5.27538e-05
1.29284e-05
-5.30844e-05
1.29919e-05
-5.3417e-05
1.30593e-05
-5.37459e-05
1.31252e-05
-5.40655e-05
1.31858e-05
-5.43699e-05
1.32391e-05
-5.46522e-05
1.32849e-05
-5.49049e-05
1.33253e-05
-5.5118e-05
1.33649e-05
-5.52789e-05
1.34103e-05
-5.53711e-05
1.34702e-05
-5.53742e-05
1.35601e-05
-5.52687e-05
-5.50345e-05
1.23346e-05
-3.41134e-05
1.25787e-05
-4.35863e-05
1.23219e-05
-4.7555e-05
1.18757e-05
-4.93968e-05
1.14458e-05
-5.03161e-05
1.10857e-05
-5.08509e-05
1.07975e-05
-5.12457e-05
1.05718e-05
-5.1599e-05
1.03962e-05
-5.19452e-05
1.02587e-05
-5.22934e-05
1.01485e-05
-5.26436e-05
1.00567e-05
-5.29926e-05
9.97596e-06
-5.33362e-05
9.90024e-06
-5.36702e-05
9.82484e-06
-5.39902e-05
9.74632e-06
-5.42913e-05
9.66267e-06
-5.45686e-05
9.57375e-06
-5.4816e-05
9.48172e-06
-5.5026e-05
9.39131e-06
-5.51885e-05
9.30928e-06
-5.52891e-05
9.24456e-06
-5.53095e-05
9.21496e-06
-5.52391e-05
-5.50787e-05
1.10354e-05
-3.54742e-05
1.09901e-05
-4.35411e-05
1.05519e-05
-4.71168e-05
1.00053e-05
-4.88502e-05
9.47782e-06
-4.97886e-05
9.00742e-06
-5.03805e-05
8.59846e-06
-5.08367e-05
8.24413e-06
-5.12446e-05
7.93411e-06
-5.16351e-05
7.65797e-06
-5.20173e-05
7.40668e-06
-5.23923e-05
7.17279e-06
-5.27587e-05
6.95034e-06
-5.31138e-05
6.73455e-06
-5.34544e-05
6.52165e-06
-5.37773e-05
6.30886e-06
-5.40785e-05
6.09444e-06
-5.43542e-05
5.87803e-06
-5.45996e-05
5.66115e-06
-5.48091e-05
5.4478e-06
-5.49752e-05
5.24383e-06
-5.50851e-05
5.05187e-06
-5.51176e-05
4.8729e-06
-5.50601e-05
-5.50326e-05
9.42732e-06
-3.66001e-05
9.25209e-06
-4.33659e-05
8.72677e-06
-4.65915e-05
8.1054e-06
-4.82289e-05
7.48643e-06
-4.91697e-05
6.91027e-06
-4.98043e-05
6.38494e-06
-5.03114e-05
5.90545e-06
-5.07652e-05
5.46339e-06
-5.11931e-05
5.05042e-06
-5.16043e-05
4.65947e-06
-5.20014e-05
4.28481e-06
-5.2384e-05
3.922e-06
-5.2751e-05
3.56764e-06
-5.31001e-05
3.21921e-06
-5.34288e-05
2.87507e-06
-5.37344e-05
2.53443e-06
-5.40135e-05
2.19758e-06
-5.42627e-05
1.86596e-06
-5.44775e-05
1.54279e-06
-5.4652e-05
1.23658e-06
-5.47789e-05
9.71145e-07
-5.48521e-05
7.71438e-07
-5.48604e-05
-5.4705e-05
7.76671e-06
-3.74183e-05
7.50931e-06
-4.31085e-05
6.90624e-06
-4.59884e-05
6.2044e-06
-4.7527e-05
5.49506e-06
-4.84603e-05
4.8152e-06
-4.91245e-05
4.17435e-06
-4.96705e-05
3.57011e-06
-5.01609e-05
2.99649e-06
-5.06195e-05
2.4473e-06
-5.10551e-05
1.91727e-06
-5.14713e-05
1.40222e-06
-5.1869e-05
8.99009e-07
-5.22478e-05
4.05432e-07
-5.26065e-05
-7.99111e-08
-5.29435e-05
-5.57622e-07
-5.32567e-05
-1.02749e-06
-5.35437e-05
-1.48844e-06
-5.38017e-05
-1.93852e-06
-5.40274e-05
-2.37408e-06
-5.42164e-05
-2.78788e-06
-5.43651e-05
-3.17125e-06
-5.44688e-05
-3.53397e-06
-5.44977e-05
-5.4383e-05
6.1529e-06
-3.79272e-05
5.79275e-06
-4.27483e-05
5.10997e-06
-4.53056e-05
4.32434e-06
-4.67414e-05
3.5212e-06
-4.76572e-05
2.73575e-06
-4.8339e-05
1.97867e-06
-4.89135e-05
1.24971e-06
-4.9432e-05
5.44976e-07
-4.99147e-05
-1.39816e-07
-5.03703e-05
-8.08381e-07
-5.08028e-05
-1.46362e-06
-5.12138e-05
-2.10767e-06
-5.16037e-05
-2.74201e-06
-5.19722e-05
-3.36746e-06
-5.2318e-05
-3.98431e-06
-5.26398e-05
-4.59229e-06
-5.29357e-05
-5.19061e-06
-5.32034e-05
-5.7779e-06
-5.34401e-05
-6.35196e-06
-5.36424e-05
-6.91087e-06
-5.38062e-05
-7.45675e-06
-5.39229e-05
-7.98812e-06
-5.39663e-05
-5.39435e-05
4.61119e-06
-3.81465e-05
4.12973e-06
-4.22668e-05
3.35677e-06
-4.45327e-05
2.48015e-06
-4.58648e-05
1.57847e-06
-4.67555e-05
6.84887e-07
-4.74454e-05
-1.89503e-07
-4.80391e-05
-1.04346e-06
-4.8578e-05
-1.87888e-06
-4.90793e-05
-2.69845e-06
-4.95508e-05
-3.50456e-06
-4.99967e-05
-4.29911e-06
-5.04192e-05
-5.08349e-06
-5.08193e-05
-5.85865e-06
-5.1197e-05
-6.6251e-06
-5.15516e-05
-7.38299e-06
-5.18819e-05
-8.13209e-06
-5.21866e-05
-8.87175e-06
-5.24638e-05
-9.60079e-06
-5.27111e-05
-1.03175e-05
-5.29256e-05
-1.10202e-05
-5.31035e-05
-1.17065e-05
-5.32366e-05
-1.23643e-05
-5.33085e-05
-5.33593e-05
3.14548e-06
-3.80993e-05
2.53029e-06
-4.16517e-05
1.65642e-06
-4.36588e-05
6.82656e-07
-4.4891e-05
-3.21846e-07
-4.5751e-05
-1.32617e-06
-4.64411e-05
-2.31899e-06
-4.70462e-05
-3.29771e-06
-4.75993e-05
-4.26291e-06
-4.81141e-05
-5.21584e-06
-4.85978e-05
-6.15781e-06
-4.90547e-05
-7.08984e-06
-4.94872e-05
-8.01272e-06
-4.98964e-05
-8.92694e-06
-5.02828e-05
-9.83272e-06
-5.06458e-05
-1.073e-05
-5.09847e-05
-1.16183e-05
-5.12983e-05
-1.24969e-05
-5.15852e-05
-1.33641e-05
-5.18438e-05
-1.42179e-05
-5.20719e-05
-1.50553e-05
-5.22661e-05
-1.58718e-05
-5.24202e-05
-1.66563e-05
-5.2524e-05
-5.26376e-05
1.75382e-06
-3.78047e-05
9.99594e-07
-4.08974e-05
2.0452e-08
-4.26797e-05
-1.05911e-06
-4.38115e-05
-2.17036e-06
-4.46398e-05
-3.28711e-06
-4.53244e-05
-4.39872e-06
-4.59346e-05
-5.50164e-06
-4.64964e-05
-6.59516e-06
-4.70206e-05
-7.67943e-06
-4.75136e-05
-8.75479e-06
-4.79793e-05
-9.82157e-06
-4.84204e-05
-1.088e-05
-4.8838e-05
-1.19301e-05
-4.92327e-05
-1.29719e-05
-4.9604e-05
-1.40049e-05
-4.99516e-05
-1.50286e-05
-5.02746e-05
-1.60416e-05
-5.05722e-05
-1.70422e-05
-5.08433e-05
-1.80276e-05
-5.10865e-05
-1.89941e-05
-5.12995e-05
-1.99365e-05
-5.14778e-05
-2.08451e-05
-5.16154e-05
-5.17862e-05
4.35005e-07
-3.72825e-05
-4.59964e-07
-4.00025e-05
-1.55506e-06
-4.15846e-05
-2.73863e-06
-4.26279e-05
-3.95826e-06
-4.34201e-05
-5.18843e-06
-4.40942e-05
-6.41857e-06
-4.47045e-05
-7.64439e-06
-4.52705e-05
-8.86416e-06
-4.58008e-05
-1.00771e-05
-4.63007e-05
-1.12827e-05
-4.67737e-05
-1.24807e-05
-4.72224e-05
-1.36709e-05
-4.76478e-05
-1.48529e-05
-4.80506e-05
-1.60264e-05
-4.84306e-05
-1.71907e-05
-4.87873e-05
-1.83449e-05
-4.91205e-05
-1.94873e-05
-4.94297e-05
-2.06159e-05
-4.97147e-05
-2.17275e-05
-4.99749e-05
-2.28181e-05
-5.02089e-05
-2.38822e-05
-5.04137e-05
-2.49111e-05
-5.05865e-05
-5.081e-05
-8.11987e-07
-3.65566e-05
-1.84572e-06
-3.89687e-05
-3.05549e-06
-4.03748e-05
-4.34827e-06
-4.13351e-05
-5.67766e-06
-4.20908e-05
-7.0213e-06
-4.27506e-05
-8.36895e-06
-4.33568e-05
-9.7157e-06
-4.39238e-05
-1.1059e-05
-4.44575e-05
-1.23972e-05
-4.49624e-05
-1.37294e-05
-4.54416e-05
-1.50546e-05
-4.58971e-05
-1.63722e-05
-4.63303e-05
-1.76815e-05
-4.67413e-05
-1.89819e-05
-4.71302e-05
-2.02724e-05
-4.74968e-05
-2.15519e-05
-4.7841e-05
-2.28185e-05
-4.81631e-05
-2.40697e-05
-4.84634e-05
-2.53023e-05
-4.87424e-05
-2.65119e-05
-4.89993e-05
-2.76934e-05
-4.92322e-05
-2.88389e-05
-4.94409e-05
-4.97132e-05
-1.98628e-06
-3.56321e-05
-3.15535e-06
-3.77997e-05
-4.48e-06
-3.90502e-05
-5.88215e-06
-3.99329e-05
-7.32138e-06
-4.06515e-05
-8.77761e-06
-4.12943e-05
-1.02409e-05
-4.18936e-05
-1.17059e-05
-4.24588e-05
-1.31693e-05
-4.29941e-05
-1.46291e-05
-4.35027e-05
-1.60835e-05
-4.39872e-05
-1.75313e-05
-4.44493e-05
-1.89715e-05
-4.48901e-05
-2.04031e-05
-4.53097e-05
-2.18251e-05
-4.57081e-05
-2.32366e-05
-4.60853e-05
-2.46359e-05
-4.64417e-05
-2.60211e-05
-4.67779e-05
-2.73895e-05
-4.7095e-05
-2.87377e-05
-4.73942e-05
-3.00613e-05
-4.76756e-05
-3.13556e-05
-4.7938e-05
-3.26137e-05
-4.81828e-05
-4.84998e-05
-3.08841e-06
-3.45314e-05
-4.38668e-06
-3.65014e-05
-5.82436e-06
-3.76125e-05
-7.3349e-06
-3.84224e-05
-8.88284e-06
-3.91036e-05
-1.04498e-05
-3.97274e-05
-1.2026e-05
-4.03173e-05
-1.36059e-05
-4.0879e-05
-1.51855e-05
-4.14144e-05
-1.67624e-05
-4.19258e-05
-1.83344e-05
-4.24152e-05
-1.98998e-05
-4.28839e-05
-2.14574e-05
-4.33325e-05
-2.30059e-05
-4.37612e-05
-2.45441e-05
-4.41699e-05
-2.60708e-05
-4.45586e-05
-2.75843e-05
-4.49282e-05
-2.90824e-05
-4.52798e-05
-3.05622e-05
-4.56152e-05
-3.20203e-05
-4.59361e-05
-3.34527e-05
-4.62432e-05
-3.4855e-05
-4.65357e-05
-3.62215e-05
-4.68164e-05
-4.71742e-05
-4.11692e-06
-3.3269e-05
-5.53725e-06
-3.50811e-05
-7.08462e-06
-3.60651e-05
-8.70137e-06
-3.68056e-05
-1.03558e-05
-3.74491e-05
-1.20307e-05
-3.80525e-05
-1.37165e-05
-3.86315e-05
-1.54072e-05
-3.91883e-05
-1.70986e-05
-3.9723e-05
-1.87877e-05
-4.02367e-05
-2.04721e-05
-4.07308e-05
-2.21498e-05
-4.12062e-05
-2.38193e-05
-4.16631e-05
-2.5479e-05
-4.21015e-05
-2.71276e-05
-4.25212e-05
-2.87636e-05
-4.29226e-05
-3.03852e-05
-4.33066e-05
-3.19901e-05
-4.36749e-05
-3.35754e-05
-4.40299e-05
-3.51378e-05
-4.43738e-05
-3.66735e-05
-4.47074e-05
-3.81788e-05
-4.50304e-05
-3.96491e-05
-4.53461e-05
-4.57412e-05
-5.06976e-06
-3.18581e-05
-6.60419e-06
-3.35466e-05
-8.2567e-06
-3.44126e-05
-9.97648e-06
-3.50859e-05
-1.17344e-05
-3.56913e-05
-1.35136e-05
-3.62733e-05
-1.53049e-05
-3.68402e-05
-1.71019e-05
-3.73912e-05
-1.89002e-05
-3.79247e-05
-2.06963e-05
-3.84406e-05
-2.24876e-05
-3.89395e-05
-2.42719e-05
-3.94219e-05
-2.60473e-05
-3.98877e-05
-2.78122e-05
-4.03366e-05
-2.95651e-05
-4.07683e-05
-3.13043e-05
-4.11834e-05
-3.30279e-05
-4.1583e-05
-3.47333e-05
-4.19695e-05
-3.64179e-05
-4.23454e-05
-3.80785e-05
-4.27132e-05
-3.97119e-05
-4.3074e-05
-4.1315e-05
-4.34273e-05
-4.28842e-05
-4.37769e-05
-4.42059e-05
-5.94394e-06
-3.03108e-05
-7.58395e-06
-3.19066e-05
-9.33631e-06
-3.26602e-05
-1.11552e-05
-3.3267e-05
-1.30128e-05
-3.38337e-05
-1.48923e-05
-3.43937e-05
-1.67845e-05
-3.4948e-05
-1.86827e-05
-3.5493e-05
-2.05824e-05
-3.60251e-05
-2.24799e-05
-3.65431e-05
-2.43722e-05
-3.70471e-05
-2.62571e-05
-3.7537e-05
-2.81323e-05
-3.80124e-05
-2.99963e-05
-3.84727e-05
-3.18471e-05
-3.89175e-05
-3.3683e-05
-3.93475e-05
-3.5502e-05
-3.97641e-05
-3.73016e-05
-4.01699e-05
-3.90791e-05
-4.05678e-05
-4.08318e-05
-4.09605e-05
-4.2557e-05
-4.13487e-05
-4.42523e-05
-4.17321e-05
-4.59148e-05
-4.21144e-05
-4.25741e-05
-6.73535e-06
-2.8639e-05
-8.4724e-06
-3.01696e-05
-1.03189e-05
-3.08138e-05
-1.22326e-05
-3.13532e-05
-1.41856e-05
-3.18807e-05
-1.61608e-05
-3.24185e-05
-1.81488e-05
-3.296e-05
-2.01428e-05
-3.34989e-05
-2.21381e-05
-3.40298e-05
-2.4131e-05
-3.45503e-05
-2.61182e-05
-3.50599e-05
-2.80973e-05
-3.5558e-05
-3.0066e-05
-3.60437e-05
-3.20223e-05
-3.65163e-05
-3.39645e-05
-3.69754e-05
-3.58905e-05
-3.74214e-05
-3.77983e-05
-3.78563e-05
-3.96853e-05
-3.82828e-05
-4.15493e-05
-3.87039e-05
-4.33877e-05
-3.9122e-05
-4.51987e-05
-3.95378e-05
-4.69801e-05
-3.99506e-05
-4.87302e-05
-4.03643e-05
-4.0852e-05
-7.43811e-06
-2.68562e-05
-9.26452e-06
-2.83432e-05
-1.11998e-05
-2.88784e-05
-1.32036e-05
-2.93495e-05
-1.52476e-05
-2.98368e-05
-1.73136e-05
-3.03525e-05
-1.9392e-05
-3.08817e-05
-2.1476e-05
-3.14149e-05
-2.35609e-05
-3.19449e-05
-2.56427e-05
-3.24685e-05
-2.77183e-05
-3.29843e-05
-2.9785e-05
-3.34913e-05
-3.18405e-05
-3.39883e-05
-3.38825e-05
-3.44743e-05
-3.59092e-05
-3.49487e-05
-3.79184e-05
-3.54122e-05
-3.99081e-05
-3.58666e-05
-4.18759e-05
-3.6315e-05
-4.38197e-05
-3.67602e-05
-4.57374e-05
-3.72043e-05
-4.76275e-05
-3.76477e-05
-4.94887e-05
-3.80894e-05
-5.13199e-05
-3.85331e-05
-3.90464e-05
-8.04484e-06
-2.49782e-05
-9.95357e-06
-2.64345e-05
-1.19743e-05
-2.68577e-05
-1.40638e-05
-2.726e-05
-1.61938e-05
-2.77068e-05
-1.83456e-05
-2.82007e-05
-2.05087e-05
-2.87186e-05
-2.26767e-05
-2.92469e-05
-2.48447e-05
-2.97769e-05
-2.7009e-05
-3.03042e-05
-2.91663e-05
-3.0827e-05
-3.13137e-05
-3.13439e-05
-3.34488e-05
-3.18532e-05
-3.55695e-05
-3.23536e-05
-3.76736e-05
-3.28446e-05
-3.9759e-05
-3.33267e-05
-4.18237e-05
-3.3802e-05
-4.38653e-05
-3.42733e-05
-4.58821e-05
-3.47434e-05
-4.78724e-05
-3.52141e-05
-4.98349e-05
-3.56851e-05
-5.17689e-05
-3.61554e-05
-5.36741e-05
-3.66279e-05
-3.71638e-05
-8.54443e-06
-2.30232e-05
-1.05319e-05
-2.44469e-05
-1.26366e-05
-2.4753e-05
-1.48093e-05
-2.50873e-05
-1.70203e-05
-2.54958e-05
-1.92523e-05
-2.59687e-05
-2.14944e-05
-2.64765e-05
-2.37399e-05
-2.70014e-05
-2.59846e-05
-2.75322e-05
-2.82244e-05
-2.80643e-05
-3.04562e-05
-2.85952e-05
-3.26772e-05
-2.91229e-05
-3.48848e-05
-2.96456e-05
-3.70767e-05
-3.01617e-05
-3.92509e-05
-3.06704e-05
-4.14052e-05
-3.11724e-05
-4.35376e-05
-3.16696e-05
-4.56462e-05
-3.21647e-05
-4.77292e-05
-3.26604e-05
-4.97853e-05
-3.3158e-05
-5.18134e-05
-3.36571e-05
-5.38122e-05
-3.41566e-05
-5.57818e-05
-3.46583e-05
-3.52089e-05
-8.92246e-06
-2.10007e-05
-1.09926e-05
-2.23768e-05
-1.31814e-05
-2.25642e-05
-1.54357e-05
-2.2833e-05
-1.77237e-05
-2.32078e-05
-2.003e-05
-2.36624e-05
-2.23449e-05
-2.41616e-05
-2.46616e-05
-2.46846e-05
-2.6976e-05
-2.52179e-05
-2.92843e-05
-2.5756e-05
-3.15835e-05
-2.62961e-05
-3.38705e-05
-2.68358e-05
-3.6143e-05
-2.73731e-05
-3.83987e-05
-2.7906e-05
-4.06353e-05
-2.84338e-05
-4.28508e-05
-2.89569e-05
-4.50434e-05
-2.9477e-05
-4.72114e-05
-2.99967e-05
-4.93535e-05
-3.05183e-05
-5.14686e-05
-3.10429e-05
-5.35558e-05
-3.157e-05
-5.56137e-05
-3.20987e-05
-5.76406e-05
-3.26313e-05
-3.31931e-05
-9.16526e-06
-1.88806e-05
-1.13267e-05
-2.02154e-05
-1.36032e-05
-2.02877e-05
-1.59395e-05
-2.04967e-05
-1.83015e-05
-2.08457e-05
-2.06765e-05
-2.12875e-05
-2.30574e-05
-2.17807e-05
-2.54385e-05
-2.23035e-05
-2.78155e-05
-2.28408e-05
-3.0185e-05
-2.33865e-05
-3.25439e-05
-2.39372e-05
-3.48894e-05
-2.44903e-05
-3.72191e-05
-2.50434e-05
-3.95306e-05
-2.55945e-05
-4.18218e-05
-2.61427e-05
-4.40907e-05
-2.6688e-05
-4.63355e-05
-2.72321e-05
-4.85551e-05
-2.77771e-05
-5.07484e-05
-2.8325e-05
-5.29149e-05
-2.88764e-05
-5.50539e-05
-2.94309e-05
-5.71648e-05
-2.99878e-05
-5.92461e-05
-3.05501e-05
-3.11285e-05
-9.24121e-06
-1.67569e-05
-1.15149e-05
-1.79416e-05
-1.38977e-05
-1.7905e-05
-1.63191e-05
-1.80753e-05
-1.87522e-05
-1.84126e-05
-2.11907e-05
-1.88489e-05
-2.36305e-05
-1.93409e-05
-2.60685e-05
-1.98655e-05
-2.85006e-05
-2.04087e-05
-3.09235e-05
-2.09636e-05
-3.33344e-05
-2.15263e-05
-3.57306e-05
-2.20941e-05
-3.81096e-05
-2.26643e-05
-4.04691e-05
-2.3235e-05
-4.2807e-05
-2.38048e-05
-4.51213e-05
-2.43737e-05
-4.74106e-05
-2.49428e-05
-4.96739e-05
-2.55138e-05
-5.19106e-05
-2.60883e-05
-5.41205e-05
-2.66666e-05
-5.63033e-05
-2.72481e-05
-5.84589e-05
-2.78322e-05
-6.05875e-05
-2.84215e-05
-2.90219e-05
-8.95152e-06
-1.52233e-05
-1.15449e-05
-1.53483e-05
-1.40705e-05
-1.53794e-05
-1.65777e-05
-1.55681e-05
-1.9077e-05
-1.59132e-05
-2.15727e-05
-1.63533e-05
-2.40643e-05
-1.68493e-05
-2.65508e-05
-1.73791e-05
-2.90297e-05
-1.79298e-05
-3.14979e-05
-1.84954e-05
-3.39526e-05
-1.90716e-05
-3.63913e-05
-1.96554e-05
-3.88116e-05
-2.0244e-05
-4.12112e-05
-2.08354e-05
-4.3588e-05
-2.1428e-05
-4.59401e-05
-2.20216e-05
-4.82661e-05
-2.26167e-05
-5.05655e-05
-2.32145e-05
-5.28379e-05
-2.38159e-05
-5.50833e-05
-2.44211e-05
-5.73018e-05
-2.50296e-05
-5.94933e-05
-2.56407e-05
-6.16586e-05
-2.62562e-05
-2.68803e-05
-5.99664e-07
5.99664e-07
-1.94195e-06
1.34229e-06
-3.4528e-06
1.51084e-06
-4.68323e-06
1.23044e-06
-5.56158e-06
8.7835e-07
-7.48137e-07
-4.81345e-06
-8.75502e-07
1.47517e-06
-2.22223e-06
2.68901e-06
-3.51933e-06
2.80795e-06
-4.61105e-06
2.32216e-06
-5.29043e-06
1.55773e-06
-7.08122e-07
-5.33045e-06
-9.66172e-07
2.44134e-06
-2.18383e-06
3.90667e-06
-3.33076e-06
3.95487e-06
-4.33504e-06
3.32645e-06
-5.06044e-06
2.28312e-06
-5.36809e-08
-5.71488e-06
-9.86762e-07
3.4281e-06
-2.06162e-06
4.98153e-06
-3.10101e-06
4.99427e-06
-4.05464e-06
4.28008e-06
-4.87467e-06
3.10315e-06
9.46053e-07
-5.8744e-06
-9.6247e-07
4.39057e-06
-1.90582e-06
5.92488e-06
-2.85063e-06
5.93908e-06
-3.77625e-06
5.20569e-06
-4.69314e-06
4.02004e-06
2.13292e-06
-5.88e-06
-9.04354e-07
5.29492e-06
-1.72536e-06
6.74589e-06
-2.5819e-06
6.79562e-06
-3.4867e-06
6.1105e-06
-4.47804e-06
5.01137e-06
3.42112e-06
-5.76625e-06
-8.19212e-07
6.11414e-06
-1.52295e-06
7.44963e-06
-2.29352e-06
7.56618e-06
-3.17209e-06
6.98907e-06
-4.20638e-06
6.04567e-06
4.75851e-06
-5.54377e-06
-7.12053e-07
6.82619e-06
-1.29998e-06
8.03756e-06
-1.98236e-06
8.24856e-06
-2.82203e-06
7.82874e-06
-3.86779e-06
7.09143e-06
6.10704e-06
-5.21633e-06
-5.86676e-07
7.41287e-06
-1.05727e-06
8.50815e-06
-1.64546e-06
8.83675e-06
-2.42937e-06
8.61265e-06
-3.45648e-06
8.11854e-06
7.43634e-06
-4.78577e-06
-4.46372e-07
7.85924e-06
-7.95702e-07
8.85748e-06
-1.28079e-06
9.32184e-06
-1.98931e-06
9.32116e-06
-2.96891e-06
9.09814e-06
8.72081e-06
-4.25339e-06
-2.93792e-07
8.15303e-06
-5.16783e-07
9.08047e-06
-8.8752e-07
9.69258e-06
-1.49926e-06
9.93291e-06
-2.40324e-06
1.00021e-05
9.93721e-06
-3.61964e-06
-1.31293e-07
8.28432e-06
-2.22727e-07
9.17191e-06
-4.66161e-07
9.93601e-06
-9.58532e-07
1.04253e-05
-1.75877e-06
1.08024e-05
1.10628e-05
-2.88435e-06
3.89191e-08
8.2454e-06
8.34338e-08
9.12739e-06
-1.84057e-08
1.00378e-05
-3.68142e-07
1.0775e-05
-1.03587e-06
1.14701e-05
1.20739e-05
-2.04703e-06
2.10793e-07
8.03461e-06
3.98866e-07
8.93932e-06
4.51122e-07
9.98559e-06
2.68902e-07
1.09572e-05
-2.36197e-07
1.19752e-05
1.29449e-05
-1.10717e-06
3.83775e-07
7.65084e-06
7.18074e-07
8.60502e-06
9.37707e-07
9.76596e-06
9.47293e-07
1.09476e-05
6.36888e-07
1.22856e-05
1.36484e-05
-6.66196e-08
5.5268e-07
7.09816e-06
1.0351e-06
8.12261e-06
1.43293e-06
9.36812e-06
1.65842e-06
1.07222e-05
1.57779e-06
1.23662e-05
1.41471e-05
1.07913e-06
7.12009e-07
6.38615e-06
1.34178e-06
7.49284e-06
1.92574e-06
8.78415e-06
2.38977e-06
1.02581e-05
2.57634e-06
1.21797e-05
1.44019e-05
2.32156e-06
8.54626e-07
5.53152e-06
1.62755e-06
6.71991e-06
2.4012e-06
8.01051e-06
3.12354e-06
9.5358e-06
3.61716e-06
1.1686e-05
1.43632e-05
3.65584e-06
9.70814e-07
4.56071e-06
1.87897e-06
5.81175e-06
2.83996e-06
7.04952e-06
3.83603e-06
8.53973e-06
4.67742e-06
1.08446e-05
1.397e-05
5.07066e-06
1.0472e-06
3.51351e-06
2.07873e-06
4.78022e-06
3.21781e-06
5.91044e-06
4.49557e-06
7.26196e-06
5.72218e-06
9.61804e-06
1.31437e-05
6.54844e-06
1.06672e-06
2.44679e-06
2.20533e-06
3.64161e-06
3.50577e-06
4.61e-06
5.0619e-06
5.70583e-06
6.70299e-06
7.97695e-06
1.17738e-05
8.07286e-06
1.01332e-06
1.43347e-06
2.23511e-06
2.41981e-06
3.67185e-06
3.17326e-06
5.48452e-06
3.89316e-06
7.55712e-06
5.90436e-06
9.65921e-06
9.67174e-06
8.7404e-07
5.59433e-07
2.13516e-06
1.15869e-06
3.67344e-06
1.63498e-06
5.67192e-06
1.89467e-06
8.19845e-06
3.37783e-06
6.22528e-06
1.16324e-05
5.59433e-07
1.71812e-06
3.35311e-06
5.24778e-06
8.62561e-06
1.48509e-05
-8.69503e-06
-1.13417e-05
-1.14995e-05
-1.25439e-05
-1.41398e-05
-1.2739e-05
-1.67235e-05
-1.29845e-05
-1.928e-05
-1.33567e-05
-2.18239e-05
-1.38094e-05
-2.4359e-05
-1.43143e-05
-2.68855e-05
-1.48525e-05
-2.94023e-05
-1.5413e-05
-3.1907e-05
-1.59907e-05
-3.4397e-05
-1.65816e-05
-3.68698e-05
-1.71825e-05
-3.93232e-05
-1.77907e-05
-4.17548e-05
-1.84038e-05
-4.41624e-05
-1.90204e-05
-4.65443e-05
-1.96397e-05
-4.88994e-05
-2.02616e-05
-5.1227e-05
-2.08869e-05
-5.35271e-05
-2.15158e-05
-5.58e-05
-2.21483e-05
-5.80456e-05
-2.27839e-05
-6.02642e-05
-2.34221e-05
-6.24564e-05
-2.4064e-05
-2.47122e-05
-8.47805e-06
-8.19412e-06
-1.14179e-05
-9.604e-06
-1.4134e-05
-1.00229e-05
-1.6768e-05
-1.03505e-05
-1.93661e-05
-1.07585e-05
-2.19466e-05
-1.12288e-05
-2.45151e-05
-1.17458e-05
-2.70727e-05
-1.22949e-05
-2.96183e-05
-1.28673e-05
-3.21504e-05
-1.34587e-05
-3.46666e-05
-1.40654e-05
-3.71648e-05
-1.46843e-05
-3.96427e-05
-1.53128e-05
-4.20979e-05
-1.59487e-05
-4.45282e-05
-1.65901e-05
-4.6932e-05
-1.72359e-05
-4.9308e-05
-1.78856e-05
-5.16558e-05
-1.8539e-05
-5.39756e-05
-1.91961e-05
-5.62675e-05
-1.98564e-05
-5.85318e-05
-2.05196e-05
-6.07686e-05
-2.11853e-05
-6.29787e-05
-2.18539e-05
-2.25266e-05
-8.48126e-06
-5.42774e-06
-1.13344e-05
-6.7509e-06
-1.406e-05
-7.29729e-06
-1.67166e-05
-7.69395e-06
-1.93391e-05
-8.13596e-06
-2.19431e-05
-8.62485e-06
-2.45337e-05
-9.1552e-06
-2.71121e-05
-9.71657e-06
-2.96773e-05
-1.03021e-05
-3.22277e-05
-1.09083e-05
-3.47612e-05
-1.15319e-05
-3.72758e-05
-1.21697e-05
-3.97693e-05
-1.28193e-05
-4.22395e-05
-1.34785e-05
-4.46842e-05
-1.41454e-05
-4.71015e-05
-1.48185e-05
-4.94904e-05
-1.54967e-05
-5.18503e-05
-1.61791e-05
-5.41814e-05
-1.6865e-05
-5.64839e-05
-1.75539e-05
-5.87582e-05
-1.82453e-05
-6.10045e-05
-1.89391e-05
-6.32234e-05
-1.9635e-05
-2.03326e-05
-8.47363e-06
-2.82851e-06
-1.12162e-05
-4.00831e-06
-1.39144e-05
-4.59912e-06
-1.65701e-05
-5.03824e-06
-1.92004e-05
-5.50562e-06
-2.18145e-05
-6.01083e-06
-2.44156e-05
-6.55407e-06
-2.70043e-05
-7.1279e-06
-2.95792e-05
-7.72721e-06
-3.21385e-05
-8.34902e-06
-3.46801e-05
-8.99017e-06
-3.72022e-05
-9.64765e-06
-3.97026e-05
-1.03189e-05
-4.21792e-05
-1.10019e-05
-4.46297e-05
-1.16948e-05
-4.70523e-05
-1.23959e-05
-4.94458e-05
-1.31033e-05
-5.18095e-05
-1.38154e-05
-5.41436e-05
-1.45309e-05
-5.64484e-05
-1.52491e-05
-5.87241e-05
-1.59696e-05
-6.09709e-05
-1.66923e-05
-6.31896e-05
-1.74162e-05
-1.81393e-05
-8.38616e-06
-3.22349e-07
-1.10327e-05
-1.36173e-06
-1.36878e-05
-1.94407e-06
-1.63259e-05
-2.40008e-06
-1.89495e-05
-2.88207e-06
-2.1561e-05
-3.39936e-06
-2.41613e-05
-3.95371e-06
-2.67498e-05
-4.5394e-06
-2.93245e-05
-5.15254e-06
-3.18832e-05
-5.79034e-06
-3.44238e-05
-6.44956e-06
-3.69443e-05
-7.12712e-06
-3.94427e-05
-7.82051e-06
-4.19169e-05
-8.52773e-06
-4.43647e-05
-9.24701e-06
-4.67842e-05
-9.97638e-06
-4.9174e-05
-1.07135e-05
-5.15332e-05
-1.14561e-05
-5.38619e-05
-1.22022e-05
-5.61604e-05
-1.29506e-05
-5.84289e-05
-1.37011e-05
-6.06677e-05
-1.44535e-05
-6.28775e-05
-1.52064e-05
-1.5956e-05
-8.19689e-06
2.10829e-06
-1.07642e-05
1.2056e-06
-1.33706e-05
6.62328e-07
-1.59799e-05
2.09207e-07
-1.85847e-05
-2.77262e-07
-2.11823e-05
-8.01754e-07
-2.37713e-05
-1.36475e-06
-2.63494e-05
-1.96124e-06
-2.89141e-05
-2.58788e-06
-3.14627e-05
-3.24173e-06
-3.3993e-05
-3.91926e-06
-3.6503e-05
-4.6172e-06
-3.89905e-05
-5.33297e-06
-4.14536e-05
-6.06462e-06
-4.38902e-05
-6.81043e-06
-4.62982e-05
-7.56835e-06
-4.8676e-05
-8.33572e-06
-5.10227e-05
-9.10951e-06
-5.33378e-05
-9.88707e-06
-5.56216e-05
-1.06668e-05
-5.78744e-05
-1.14483e-05
-6.00963e-05
-1.22316e-05
-6.22883e-05
-1.30144e-05
-1.37917e-05
-7.90229e-06
4.46682e-06
-1.04002e-05
3.7035e-06
-1.29554e-05
3.21752e-06
-1.55279e-05
2.78168e-06
-1.81043e-05
2.29915e-06
-2.06781e-05
1.77205e-06
-2.32458e-05
1.20295e-06
-2.58039e-05
5.96915e-07
-2.83491e-05
-4.26811e-08
-3.08784e-05
-7.12443e-07
-3.33893e-05
-1.40836e-06
-3.58797e-05
-2.12683e-06
-3.83475e-05
-2.86511e-06
-4.07909e-05
-3.62126e-06
-4.32077e-05
-4.39363e-06
-4.55959e-05
-5.18018e-06
-4.79536e-05
-5.97802e-06
-5.02795e-05
-6.78361e-06
-5.25729e-05
-7.59362e-06
-5.48339e-05
-8.40588e-06
-5.70624e-05
-9.21975e-06
-5.92589e-05
-1.00351e-05
-6.1424e-05
-1.08493e-05
-1.16555e-05
-7.50138e-06
6.75187e-06
-9.93458e-06
6.13669e-06
-1.24368e-05
5.71974e-06
-1.49665e-05
5.31141e-06
-1.75067e-05
4.83935e-06
-2.00481e-05
4.3134e-06
-2.25855e-05
3.74036e-06
-2.51145e-05
3.12594e-06
-2.76312e-05
2.47396e-06
-3.01321e-05
1.78851e-06
-3.26147e-05
1.07423e-06
-3.50767e-05
3.35172e-07
-3.75161e-05
-4.25672e-07
-3.99311e-05
-1.20629e-06
-4.23196e-05
-2.0051e-06
-4.46797e-05
-2.82016e-06
-4.70091e-05
-3.64856e-06
-4.93063e-05
-4.48642e-06
-5.15701e-05
-5.3298e-06
-5.38001e-05
-6.17588e-06
-5.59962e-05
-7.02366e-06
-5.81584e-05
-7.8729e-06
-6.02877e-05
-8.71996e-06
-9.55589e-06
-6.99354e-06
8.95964e-06
-9.36318e-06
8.50633e-06
-1.18108e-05
8.16735e-06
-1.42934e-05
7.794e-06
-1.67911e-05
7.33707e-06
-1.92925e-05
6.81485e-06
-2.17915e-05
6.2393e-06
-2.42829e-05
5.61734e-06
-2.67623e-05
4.95342e-06
-2.92263e-05
4.25246e-06
-3.16719e-05
3.51985e-06
-3.40969e-05
2.76018e-06
-3.64994e-05
1.97678e-06
-3.88774e-05
1.17178e-06
-4.12293e-05
3.46737e-07
-4.35528e-05
-4.96591e-07
-4.5846e-05
-1.35542e-06
-4.81066e-05
-2.22579e-06
-5.03331e-05
-3.10333e-06
-5.25244e-05
-3.98457e-06
-5.468e-05
-4.86803e-06
-5.67996e-05
-5.75336e-06
-5.88827e-05
-6.6368e-06
-7.50053e-06
-6.37791e-06
1.10842e-05
-8.68284e-06
1.08113e-05
-1.10744e-05
1.05589e-05
-1.35067e-05
1.02263e-05
-1.5957e-05
9.78742e-06
-1.84123e-05
9.27013e-06
-2.08655e-05
8.69249e-06
-2.33114e-05
8.06324e-06
-2.57455e-05
7.38751e-06
-2.81641e-05
6.67107e-06
-3.05643e-05
5.9201e-06
-3.29439e-05
5.13977e-06
-3.5301e-05
4.33381e-06
-3.76337e-05
3.50454e-06
-3.99405e-05
2.65349e-06
-4.22193e-05
1.78224e-06
-4.4468e-05
8.93267e-07
-4.66841e-05
-9.63767e-09
-4.88655e-05
-9.21928e-07
-5.10105e-05
-1.83965e-06
-5.31177e-05
-2.76079e-06
-5.51861e-05
-3.68495e-06
-5.72143e-05
-4.60863e-06
-5.49575e-06
-5.65287e-06
1.31174e-05
-7.89076e-06
1.30492e-05
-1.02254e-05
1.28935e-05
-1.26054e-05
1.26063e-05
-1.50048e-05
1.21868e-05
-1.74088e-05
1.16741e-05
-1.98099e-05
1.10935e-05
-2.22031e-05
1.04565e-05
-2.45841e-05
9.76857e-06
-2.69494e-05
9.03639e-06
-2.92962e-05
8.26684e-06
-3.16221e-05
7.46571e-06
-3.39254e-05
6.63712e-06
-3.62045e-05
5.78363e-06
-3.84578e-05
4.90678e-06
-4.06835e-05
4.00794e-06
-4.28794e-05
3.08919e-06
-4.5043e-05
2.15392e-06
-4.71715e-05
1.20654e-06
-4.92624e-05
2.51287e-07
-5.13139e-05
-7.09332e-07
-5.33242e-05
-1.67464e-06
-5.52917e-05
-2.64111e-06
-3.55071e-06
-4.81622e-06
1.50493e-05
-6.98405e-06
1.5217e-05
-9.26198e-06
1.51714e-05
-1.15892e-05
1.49335e-05
-1.39355e-05
1.45331e-05
-1.62843e-05
1.40229e-05
-1.86278e-05
1.3437e-05
-2.09619e-05
1.27905e-05
-2.32827e-05
1.20894e-05
-2.55872e-05
1.13408e-05
-2.78725e-05
1.05522e-05
-3.01367e-05
9.72994e-06
-3.23782e-05
8.87855e-06
-3.45953e-05
8.0008e-06
-3.67868e-05
7.09827e-06
-3.8951e-05
6.17212e-06
-4.10858e-05
5.22398e-06
-4.31886e-05
4.25667e-06
-4.52562e-05
3.27419e-06
-4.72858e-05
2.28082e-06
-4.92746e-05
1.27948e-06
-5.12206e-05
2.71395e-07
-5.31225e-05
-7.39173e-07
-1.67458e-06
-3.86554e-06
1.68678e-05
-5.95987e-06
1.73113e-05
-8.18256e-06
1.73941e-05
-1.04581e-05
1.72091e-05
-1.27505e-05
1.68255e-05
-1.50416e-05
1.6314e-05
-1.73233e-05
1.57188e-05
-1.95926e-05
1.50598e-05
-2.18466e-05
1.43435e-05
-2.40829e-05
1.35771e-05
-2.62993e-05
1.27686e-05
-2.8494e-05
1.19247e-05
-3.06656e-05
1.10501e-05
-3.28128e-05
1.0148e-05
-3.49343e-05
9.21977e-06
-3.70287e-05
8.26652e-06
-3.90941e-05
7.28938e-06
-4.11279e-05
6.2905e-06
-4.3127e-05
5.2733e-06
-4.5088e-05
4.24178e-06
-4.70076e-05
3.19915e-06
-4.88836e-05
2.14733e-06
-5.07147e-05
1.09201e-06
1.23402e-07
-2.79853e-06
1.85591e-05
-4.81581e-06
1.93286e-05
-6.98561e-06
1.95639e-05
-9.2123e-06
1.94358e-05
-1.1452e-05
1.90652e-05
-1.36842e-05
1.85462e-05
-1.59011e-05
1.79357e-05
-1.81008e-05
1.72595e-05
-2.0282e-05
1.65247e-05
-2.24435e-05
1.57385e-05
-2.45836e-05
1.49088e-05
-2.67013e-05
1.40423e-05
-2.87952e-05
1.31441e-05
-3.08645e-05
1.22172e-05
-3.2908e-05
1.12633e-05
-3.49246e-05
1.02831e-05
-3.69127e-05
9.27742e-06
-3.88698e-05
8.24762e-06
-4.07929e-05
7.19638e-06
-4.26784e-05
6.12725e-06
-4.45226e-05
5.04342e-06
-4.63226e-05
3.94734e-06
-4.8076e-05
2.84536e-06
1.83535e-06
-1.61354e-06
2.0106e-05
-3.55008e-06
2.12651e-05
-5.67008e-06
2.16839e-05
-7.85248e-06
2.16182e-05
-1.00425e-05
2.12552e-05
-1.22166e-05
2.07202e-05
-1.4367e-05
2.00861e-05
-1.64932e-05
1.93857e-05
-1.85963e-05
1.86278e-05
-2.06765e-05
1.78188e-05
-2.27336e-05
1.69658e-05
-2.47668e-05
1.60755e-05
-2.67756e-05
1.51528e-05
-2.87592e-05
1.42009e-05
-3.07171e-05
1.32212e-05
-3.26483e-05
1.22143e-05
-3.45513e-05
1.11804e-05
-3.64241e-05
1.01205e-05
-3.82639e-05
9.03616e-06
-4.00669e-05
7.93027e-06
-4.18291e-05
6.80559e-06
-4.35463e-05
5.66454e-06
-4.52144e-05
4.51343e-06
3.45693e-06
-3.09419e-07
2.14946e-05
-2.16211e-06
2.31178e-05
-4.23602e-06
2.37578e-05
-6.38046e-06
2.37626e-05
-8.52575e-06
2.34005e-05
-1.0644e-05
2.28385e-05
-1.27274e-05
2.21696e-05
-1.47773e-05
2.14356e-05
-1.67977e-05
2.06482e-05
-1.8791e-05
1.98121e-05
-2.07583e-05
1.89331e-05
-2.27001e-05
1.80173e-05
-2.46163e-05
1.70691e-05
-2.65069e-05
1.60915e-05
-2.83716e-05
1.50859e-05
-3.02097e-05
1.40524e-05
-3.20203e-05
1.2991e-05
-3.38015e-05
1.19017e-05
-3.55508e-05
1.07854e-05
-3.72643e-05
9.64382e-06
-3.89377e-05
8.47897e-06
-4.05658e-05
7.29267e-06
-4.21429e-05
6.09056e-06
4.98268e-06
1.11089e-06
2.27053e-05
-6.54419e-07
2.48831e-05
-2.68601e-06
2.57894e-05
-4.79982e-06
2.58764e-05
-6.90664e-06
2.55073e-05
-8.97258e-06
2.49044e-05
-1.09899e-05
2.41869e-05
-1.29618e-05
2.34075e-05
-1.48957e-05
2.25821e-05
-1.67968e-05
2.17132e-05
-1.86683e-05
2.08045e-05
-2.05117e-05
1.98607e-05
-2.23283e-05
1.88856e-05
-2.41184e-05
1.78817e-05
-2.58825e-05
1.68499e-05
-2.76202e-05
1.57902e-05
-2.9331e-05
1.47018e-05
-3.10134e-05
1.35841e-05
-3.2665e-05
1.2437e-05
-3.42822e-05
1.1261e-05
-3.58603e-05
1.00571e-05
-3.73935e-05
8.82584e-06
-3.88745e-05
7.57155e-06
6.40727e-06
2.64307e-06
2.3718e-05
9.65081e-07
2.65611e-05
-1.02771e-06
2.77822e-05
-3.11715e-06
2.79659e-05
-5.19199e-06
2.75821e-05
-7.21006e-06
2.69225e-05
-9.1629e-06
2.61397e-05
-1.10563e-05
2.53009e-05
-1.29008e-05
2.44266e-05
-1.4705e-05
2.35175e-05
-1.64747e-05
2.25742e-05
-1.82134e-05
2.15994e-05
-1.99233e-05
2.05955e-05
-2.16058e-05
1.95642e-05
-2.32619e-05
1.8506e-05
-2.4892e-05
1.74202e-05
-2.64957e-05
1.63055e-05
-2.80721e-05
1.51605e-05
-2.96192e-05
1.3984e-05
-3.11334e-05
1.27753e-05
-3.261e-05
1.15337e-05
-3.40427e-05
1.02585e-05
-3.54226e-05
8.9515e-06
7.72573e-06
4.27441e-06
2.45143e-05
2.67994e-06
2.81556e-05
7.2442e-07
2.97378e-05
-1.34365e-06
3.00339e-05
-3.3915e-06
2.963e-05
-5.36598e-06
2.88969e-05
-7.25663e-06
2.80303e-05
-9.07149e-06
2.71158e-05
-1.08242e-05
2.61793e-05
-1.25275e-05
2.52208e-05
-1.41902e-05
2.42369e-05
-1.58179e-05
2.32271e-05
-1.74144e-05
2.2192e-05
-1.89823e-05
2.11321e-05
-2.05232e-05
2.0047e-05
-2.20383e-05
1.89353e-05
-2.35278e-05
1.77951e-05
-2.49912e-05
1.6624e-05
-2.64269e-05
1.54197e-05
-2.78317e-05
1.418e-05
-2.92009e-05
1.29029e-05
-3.05278e-05
1.15855e-05
-3.18024e-05
1.02261e-05
8.93309e-06
5.98043e-06
2.50823e-05
4.46105e-06
2.9675e-05
2.54565e-06
3.16532e-05
5.02903e-07
3.20767e-05
-1.51909e-06
3.1652e-05
-3.45249e-06
3.08303e-05
-5.28267e-06
2.98605e-05
-7.01902e-06
2.88521e-05
-8.67826e-06
2.78386e-05
-1.02771e-05
2.68197e-05
-1.1828e-05
2.57877e-05
-1.3339e-05
2.47381e-05
-1.48158e-05
2.36688e-05
-1.62623e-05
2.25785e-05
-1.76811e-05
2.14658e-05
-1.9074e-05
2.03283e-05
-2.04422e-05
1.91632e-05
-2.17856e-05
1.79673e-05
-2.31031e-05
1.67372e-05
-2.4392e-05
1.5469e-05
-2.5648e-05
1.41588e-05
-2.68642e-05
1.28017e-05
-2.80307e-05
1.13925e-05
1.00235e-05
7.72306e-06
2.54321e-05
6.26204e-06
3.1136e-05
4.39845e-06
3.35167e-05
2.3939e-06
3.40812e-05
4.05209e-07
3.36407e-05
-1.48516e-06
3.27207e-05
-3.25456e-06
3.16299e-05
-4.91175e-06
3.05093e-05
-6.47601e-06
2.94028e-05
-7.96758e-06
2.83112e-05
-9.40242e-06
2.72226e-05
-1.07917e-05
2.61274e-05
-1.2143e-05
2.50201e-05
-1.34617e-05
2.38972e-05
-1.47516e-05
2.27557e-05
-1.60156e-05
2.15923e-05
-1.72555e-05
2.04031e-05
-1.8472e-05
1.91838e-05
-1.96647e-05
1.79299e-05
-2.08316e-05
1.66359e-05
-2.19688e-05
1.5296e-05
-2.30697e-05
1.39027e-05
-2.41231e-05
1.24459e-05
1.09897e-05
9.43913e-06
2.56647e-05
8.01582e-06
3.25593e-05
6.22833e-06
3.53042e-05
4.28847e-06
3.60211e-05
2.35319e-06
3.5576e-05
5.15798e-07
3.45581e-05
-1.18844e-06
3.33342e-05
-2.76415e-06
3.2085e-05
-4.23144e-06
3.08701e-05
-5.61311e-06
2.96929e-05
-6.92841e-06
2.85379e-05
-8.19145e-06
2.73904e-05
-9.41213e-06
2.62408e-05
-1.05974e-05
2.50826e-05
-1.17525e-05
2.39108e-05
-1.28811e-05
2.27209e-05
-1.39859e-05
2.15079e-05
-1.50687e-05
2.02666e-05
-1.61299e-05
1.8991e-05
-1.71683e-05
1.76743e-05
-1.81806e-05
1.63084e-05
-1.91602e-05
1.48823e-05
-2.00937e-05
1.33794e-05
1.1831e-05
1.10303e-05
2.62668e-05
9.64081e-06
3.39488e-05
7.96186e-06
3.69832e-05
6.12946e-06
3.78535e-05
4.28549e-06
3.74199e-05
2.52514e-06
3.63184e-05
8.96759e-07
3.49625e-05
-5.92203e-07
3.3574e-05
-1.95921e-06
3.22371e-05
-3.22846e-06
3.09622e-05
-4.42131e-06
2.97307e-05
-5.55466e-06
2.85237e-05
-6.64063e-06
2.73267e-05
-7.6879e-06
2.61298e-05
-8.70285e-06
2.49257e-05
-9.69029e-06
2.37083e-05
-1.06539e-05
2.24715e-05
-1.15962e-05
2.1209e-05
-1.25188e-05
1.99136e-05
-1.34215e-05
1.8577e-05
-1.43022e-05
1.71891e-05
-1.5155e-05
1.57351e-05
-1.59642e-05
1.41886e-05
1.25444e-05
1.27849e-05
1.12014e-05
9.53183e-06
7.85005e-06
6.15368e-06
4.50986e-06
2.97972e-06
1.58728e-06
3.24689e-07
-8.28634e-07
-1.89661e-06
-2.89789e-06
-3.84646e-06
-4.75257e-06
-5.62378e-06
-6.46582e-06
-7.28309e-06
-8.07897e-06
-8.85582e-06
-9.61487e-06
-1.03559e-05
-1.10752e-05
-1.1756e-05
)
;

boundaryField
{
    rotor
    {
        type            calculated;
        value           nonuniform List<scalar> 
144
(
0
2.11758e-22
0
0
0
4.23516e-22
-1.34893e-24
-9.53701e-25
-2.16403e-25
8.73714e-25
-5.38705e-25
-1.028e-25
3.76612e-24
4.47013e-24
-1.18422e-23
-5.88695e-25
8.80273e-24
7.16462e-24
4.80425e-24
1.16624e-23
3.60751e-24
4.34329e-24
-5.63022e-24
-8.37086e-24
-1.66781e-24
3.422e-24
5.90541e-26
-3.9098e-25
1.97404e-24
1.42201e-24
0
0
2.11758e-22
4.23516e-22
0
0
0
0
0
0
0
-4.23516e-22
-3.32428e-24
-9.53701e-25
-2.16403e-25
8.73714e-25
-5.38705e-25
-1.028e-25
3.76612e-24
4.47013e-24
-1.18422e-23
-5.88695e-25
8.80273e-24
7.16462e-24
4.80425e-24
1.16624e-23
3.60751e-24
4.34329e-24
-5.63022e-24
-8.37086e-24
-1.66781e-24
3.422e-24
5.90541e-26
-3.9098e-25
1.97404e-24
-9.61577e-25
0
0
0
4.23516e-22
4.23516e-22
0
0
0
-4.23516e-22
4.23516e-22
0
4.23516e-22
3.16352e-25
-9.53701e-25
-2.16403e-25
8.73714e-25
-5.38705e-25
-1.028e-25
3.76612e-24
4.47013e-24
-1.18422e-23
-5.88695e-25
8.80273e-24
7.16462e-24
4.80425e-24
1.16624e-23
3.60751e-24
4.34329e-24
-5.63022e-24
-8.37086e-24
-1.66781e-24
3.422e-24
5.90541e-26
-3.9098e-25
1.97404e-24
1.90155e-24
0
2.11758e-22
2.11758e-22
-4.23516e-22
4.23516e-22
4.23516e-22
0
-2.11758e-22
0
4.23516e-22
0
4.23516e-22
-1.57885e-24
-9.53701e-25
-2.16403e-25
8.73714e-25
-5.38705e-25
-1.028e-25
3.76612e-24
4.47013e-24
-1.18422e-23
-5.88695e-25
8.80273e-24
7.16462e-24
4.80425e-24
1.16624e-23
3.60751e-24
4.34329e-24
-5.63022e-24
-8.37086e-24
-1.66781e-24
3.422e-24
5.90541e-26
-3.9098e-25
1.97404e-24
2.97146e-24
0
0
2.11758e-22
-4.23516e-22
0
0
)
;
    }
    freestream
    {
        type            calculated;
        value           nonuniform List<scalar> 
96
(
-7.94388e-06
-3.5512e-06
7.09723e-07
4.79856e-06
8.947e-06
1.3091e-05
1.71913e-05
2.12262e-05
2.5179e-05
2.90363e-05
3.27883e-05
3.64304e-05
3.99645e-05
4.34001e-05
4.67552e-05
5.00533e-05
5.33157e-05
5.65273e-05
5.95629e-05
6.20853e-05
6.3355e-05
6.21892e-05
5.75247e-05
4.96728e-05
4.08253e-05
3.30456e-05
2.88014e-05
2.80665e-05
3.07995e-05
3.70884e-05
4.59034e-05
5.60079e-05
6.61175e-05
7.2981e-05
7.34537e-05
7.10234e-05
6.73194e-05
6.27594e-05
5.79775e-05
5.33114e-05
4.88377e-05
4.44667e-05
4.01111e-05
3.57572e-05
3.13912e-05
2.70043e-05
2.25916e-05
1.81564e-05
1.37077e-05
9.25914e-06
4.82686e-06
4.43785e-07
-3.85593e-06
-8.42766e-06
-1.29484e-05
-1.73781e-05
-2.16965e-05
-2.58873e-05
-2.99357e-05
-3.3827e-05
-3.7547e-05
-4.10822e-05
-4.44195e-05
-4.75466e-05
-5.04522e-05
-5.31255e-05
-5.55567e-05
-5.77368e-05
-5.96564e-05
-6.13107e-05
-6.26941e-05
-6.38001e-05
-6.46246e-05
-6.51643e-05
-6.54174e-05
-6.53829e-05
-6.50609e-05
-6.44526e-05
-6.35603e-05
-6.23873e-05
-6.09381e-05
-5.92191e-05
-5.72367e-05
-5.49987e-05
-5.25127e-05
-4.97879e-05
-4.68359e-05
-4.36687e-05
-4.02991e-05
-3.67411e-05
-3.30098e-05
-2.9121e-05
-2.50894e-05
-2.0935e-05
-1.66776e-05
-1.23384e-05
)
;
    }
    frontAndBack
    {
        type            empty;
    }
}


// ************************************************************************* //
