/*--------------------------------*- C++ -*----------------------------------*  =========                 |
  \      /  F ield         | OpenFOAM: The Open Source CFD Toolbox
   \    /   O peration     | Website:  https://openfoam.org
    \  /    A nd           | Version:  11
     \/     M anipulation  |
\*---------------------------------------------------------------------------*/
FoamFile
{
    format      ascii;
    class       volScalarField;
    object      U;
}
// * * * * * * * * * * * * * * * * * * * * * * * * * * * * * * * * * * * * * //

dimensions      [0 1 -1 0 0 0 0];

internalField   nonuniform List<scalar> 
2880
( 
0.06389580156038911
0.16297208609392505
0.22673533199300605
0.1807589567025475
0.14635119285746206
0.14388414570438157
0.11101968843063882
0.2014273292311104
0.2171945351050799
0.17276878297327047
0.14465380372159578
0.16113848654263696
0.13458393795149876
0.20910449560239563
0.205917922395277
0.16400477937574354
0.15036480614271633
0.20109945292175604
0.15347552087079436
0.2099291699269167
0.19346649356263437
0.15524911464554741
0.16762364931324633
0.2469052468110806
0.1732224707415987
0.2094698409360093
0.18182324299087924
0.15624760735356624
0.1844747013334955
0.2596309725746565
0.19456342223993445
0.21013291302308987
0.17465723771365238
0.16505238340530565
0.21047893831932893
0.27742069573058425
0.21237906028821918
0.20748020700060993
0.17075006533508125
0.1671335792718696
0.2103737433339149
0.2981260936666476
0.22194156153142813
0.2098570776905447
0.17103639064758763
0.1709024955032135
0.23034646714590676
0.34128406517321375
0.23961780245038683
0.20440525020003136
0.16734888075988413
0.17573764098501155
0.2419850594842905
0.34076543834351963
0.24613788689534
0.20617295400600985
0.1678411066976597
0.17408389785596018
0.23589486252097347
0.35018208146792634
0.2541230898771799
0.2055527738945302
0.16575355774520767
0.17595475381536413
0.2511700906345044
0.36749035835008703
0.2607527346463425
0.2091925015767247
0.1678579785426859
0.1748942357694466
0.2502142423179745
0.39234110275764517
0.26446287554330217
0.2078739850275856
0.1653298758792052
0.17126169354252274
0.2555418636464531
0.40544852982508583
0.26153783783691215
0.20827449914635432
0.16427111712901885
0.17288404018825398
0.24681009750607477
0.3948580202906257
0.2575812404884754
0.21282377872433791
0.1651779931919323
0.1770809481022787
0.2491605911676279
0.4193698996444021
0.24974988991301228
0.21637735414430154
0.1788194492929609
0.17129134971071922
0.24485805225539053
0.3941927719819985
0.24423924184138013
0.22194745836385188
0.18827261268621753
0.16957363365169523
0.23560994820793757
0.3866067410807713
0.2306396476253687
0.22908413641253306
0.20023099508021308
0.17317964274762954
0.24065895226631823
0.3966587931423613
0.2175520318263103
0.23177451625021078
0.21248597946319456
0.18073495815568677
0.22504718038768665
0.3613928296225822
0.1990976478674003
0.23634541715141058
0.23494030470096075
0.1885502731039132
0.22649960931022167
0.34104919136162715
0.17591829255141378
0.23292599254334706
0.25608696732959324
0.20944993036314652
0.21479239250718962
0.3009123753543747
0.1528782829598872
0.22506744640275678
0.2685177067500477
0.23909424268614593
0.2344494917789931
0.248091264885205
0.12713543554471685
0.20662153292070212
0.2823313771188509
0.26947221793602383
0.2952413705895116
0.20459832215813778
0.07156717485368806
0.14789775406606978
0.2618577449187293
0.2544267412879069
0.40402627874018404
0.16739893553483853
0.29358162527336795
0.418067547642028
0.45016797873342124
0.5752728800462068
0.6359157009664956
0.7039862617280563
0.8171902018194653
0.8934123192442278
1.0105809543149775
1.1238480492800529
1.2072029149526307
1.2753942362295705
1.3156089721852027
1.3465041772217619
1.3843410061308838
1.3862308468753288
1.3662392340454788
1.361814189427637
1.337069711626654
1.3266369390081987
1.286783675872415
1.2663775046500445
1.2404651508075886
1.1917822956931243
0.3457671462383526
0.4428118632539675
0.5293606779119857
0.6190789080279209
0.6868712561947246
0.8019340941978349
0.8981891518389522
1.0043060767128837
1.1254102243649826
1.2073779825192892
1.2754864633363419
1.3355445428288037
1.3616762655866825
1.3840129490417923
1.38549595325533
1.3891895827005434
1.3727046648347097
1.3520464869460933
1.329245967043474
1.3062031213451797
1.278444123111082
1.2576474681006105
1.2267531318846459
1.179548877042143
0.3636322181930501
0.4644547721556439
0.5829714708474762
0.6749636367802774
0.7848805451842686
0.8986738587417722
1.0080819380280128
1.1162032295249926
1.202239302387468
1.2716329044057983
1.3278745217216685
1.375463473628377
1.3982836570007335
1.3987100217269255
1.380826411815447
1.3663014196136076
1.3652805872548393
1.3451230347715197
1.3105113570341178
1.2841468154042008
1.2706530675578778
1.2383457879293363
1.198502940104452
1.1671667461674518
0.3509445630924948
0.5050163038854196
0.6048247485160863
0.7195605183477349
0.8564559862506553
0.9775582438092202
1.0857420220073446
1.1879330839253555
1.262551300100459
1.335460659288209
1.365748450467101
1.3886865937944182
1.3874926774955196
1.3974736980036662
1.389221499233956
1.3799563651104831
1.357949694794665
1.3303154847736824
1.299773373874669
1.2835635447279876
1.250545841883966
1.2200983771017113
1.1811321840022275
1.1455983919859325
0.3943968637090016
0.5321719919781349
0.6781070583253154
0.8075104242430801
0.9303092038463607
1.045330694723322
1.1530576036362727
1.2433757188232366
1.3240660070838228
1.367772181900325
1.3766879939616765
1.3829583239533247
1.387143393968126
1.3795547885850363
1.3623679752141953
1.3747738899045299
1.3406080807980008
1.3115150534457807
1.2925795201005188
1.2631402096129842
1.2400543444835483
1.2012826829939456
1.1680097940828826
1.1388621149669342
0.42645105229161473
0.5639184342704523
0.7186204985167294
0.8693708999498648
1.0077474124339931
1.1242828235724576
1.232040956722197
1.308074900609249
1.3649200818647993
1.377027995867869
1.4017550367730942
1.416616512073882
1.3792861473040263
1.381237119189205
1.3527437318921522
1.3293178930238303
1.3159856513470234
1.305333808201917
1.284617187495853
1.2401087186808402
1.2185663246631506
1.1790394916812232
1.1517983056139431
1.1146999977690555
0.45335940907940564
0.6249576786692387
0.777981760479032
0.9448866641942256
1.077153941659006
1.1925982869270357
1.2721270382336418
1.3513372940821895
1.36684598452747
1.3872222630097912
1.383999627996446
1.3814844271879463
1.3633600407450195
1.3700507480237407
1.3507183336187203
1.3282707361651311
1.2931966122413268
1.2735061810621429
1.2584346573086456
1.2253206188444359
1.2066421139013424
1.1719003722564878
1.1317985938787958
1.1028222619950914
0.5053702799405655
0.6359712728912926
0.8277800910867283
1.0005564355865024
1.1430860238703338
1.2388008941940152
1.3251687769215956
1.3564027444607063
1.3949655772057477
1.3765658458166738
1.3844074889229943
1.374039681778111
1.348067150559705
1.3414513330792015
1.3260380223170556
1.3006630174937885
1.2813387581866047
1.2561235971112712
1.2406896751560232
1.2145943510936468
1.182435455543796
1.159115533802297
1.1201974227196296
1.0894655080111806
0.5110801101894817
0.7149310436782119
0.8977764365374953
1.0628097557428973
1.1983961099468032
1.2725698970702628
1.3418882011292865
1.379855482649229
1.3869999625782683
1.3868500848950729
1.374262152369086
1.3513571073189823
1.3470423409295331
1.3383234584255195
1.3043726144737675
1.287621750745398
1.252435434493751
1.2430691399330214
1.2255671733373625
1.202818373908591
1.1750281503366875
1.1434039446968085
1.1117560929469399
1.075976281551077
0.5247217780202361
0.7553504655746047
0.9599403271483599
1.1238173346846125
1.2387504535198666
1.3158810599317856
1.3439416922898524
1.3709819385036033
1.3854563856854674
1.3802234717904414
1.3575687502827463
1.3455113265881478
1.3312665628906388
1.3149536735960814
1.298160315284621
1.268318293543389
1.2475013037716625
1.2305365005083562
1.2108162807722171
1.1881371307217679
1.1530002874905143
1.1317519205642783
1.1031617771939204
1.0678134143535023
0.5652831213397793
0.8162622085506842
1.0154752720616467
1.1709374488233721
1.2941009610571992
1.3416395101353422
1.3533345127827194
1.3530154462623105
1.3658565100602809
1.355055931501007
1.3406268736777927
1.326280136805276
1.31060303678167
1.2966529863600402
1.276268317917778
1.253778426873474
1.234621217730624
1.2146461039800875
1.1914070895607607
1.1720408302073266
1.151321930567593
1.1245235018469564
1.0913910244328255
1.0607690726457306
0.6107455074973087
0.8595948442064847
1.0801877569407003
1.232246293323507
1.3143865993840875
1.3402912733345271
1.3521487946550372
1.3583621278487463
1.3514083838498248
1.3312344175610764
1.3208904305644535
1.3105076197822647
1.3002175332296706
1.2743852846634842
1.2604603776703613
1.237290280619565
1.2265889224985234
1.2016696313506725
1.19077700815621
1.1628752542532068
1.1355356564384376
1.1182476442816311
1.081010412490952
1.052897292699613
0.6204700310174048
0.9090626189247302
1.1120150341175101
1.23542235062483
1.3079927576636656
1.3414984164031454
1.3549868376242404
1.3433935108603956
1.3340000049990897
1.326050799153671
1.3120296109045375
1.2862824461034665
1.2754379370610487
1.245751818000513
1.2409290265310113
1.224405391349806
1.2014116435721294
1.1915403083469656
1.1728605252320874
1.1600743674469358
1.1275882618633064
1.103174927252105
1.0727432050269616
1.0411479570414732
0.6777360343599808
0.9686135017917767
1.1801384937005563
1.265729001917571
1.3316241342983486
1.3322038287136795
1.3324426466096106
1.3431435443750823
1.3197835567428424
1.2822932561167053
1.2797434186571834
1.2655418550261337
1.2483057149682022
1.241951888197784
1.2190812697837432
1.2087332745946624
1.1950846422449568
1.1762166091250306
1.1573004802088729
1.138260861696996
1.1158019613832098
1.092600299149487
1.067511109005084
1.035697418695029
0.6996150011314617
1.012548642600141
1.226953402244332
1.2871008803704669
1.3241753525174764
1.3339915623912075
1.3131733537164667
1.3135604304053952
1.296156168344732
1.2892104813137761
1.2738320073686376
1.2447312045547465
1.2351013588520372
1.219161819904035
1.2072818401387717
1.1962236711516794
1.1766115254490552
1.1614862400743486
1.1417769068228536
1.1311638045012098
1.1073710706743365
1.0871042980263652
1.058561788406937
1.0298882709885822
0.7202647600220495
1.0398235178446495
1.2335966863026173
1.2924853196831652
1.3171684402373196
1.317435398705024
1.3046786030041888
1.2796152420640352
1.269849277119945
1.258679912441427
1.2436981691587154
1.239603985938922
1.2130206141663975
1.2054758780164834
1.2007701545723704
1.178626787867129
1.1601499428202244
1.1511284387003744
1.1397778368703853
1.1172736624445767
1.0997108099844795
1.0762647497911504
1.0541644576510107
1.0246064284158554
0.769122718708014
1.1066163635651332
1.239138087141465
1.2727938012176019
1.2871283828523297
1.2991892369840534
1.2902118854777065
1.2639949261863295
1.2502034016346246
1.237508708727657
1.2378449712645048
1.2140275981762256
1.1992605843324031
1.195363959168718
1.175552764521658
1.165237676375158
1.1569468851279434
1.143911592074772
1.1211631229635233
1.1059733734409665
1.0904608091441133
1.0716052597411
1.0459638007688863
1.0196310543356175
0.7883089728054968
1.1251828256993563
1.2598248427716534
1.2863466795003156
1.3152518874000965
1.2802276666675418
1.2622437947868452
1.2421729023077464
1.2331951956488194
1.218638267380966
1.2178460128275415
1.1957402354662603
1.1859862166077537
1.1726636136479713
1.165660338718163
1.152285582715712
1.1424985214399246
1.1262171475663936
1.111945657278055
1.101173223351548
1.0811728519811155
1.0635288328315995
1.0425688556234383
1.0149020610755213
0.8126228575384982
1.138409210469118
1.2423391418016834
1.2779323473423467
1.2733817858015972
1.2341957531512089
1.225228786967412
1.225210580300577
1.1977506295601223
1.19647232681907
1.1915002558997638
1.1763385930768582
1.1654260429676662
1.1538633268696956
1.142818947798075
1.1373621096147568
1.1298159390095155
1.1185407195175643
1.1024323824247209
1.0918619575353095
1.0748894462495946
1.0566189168562174
1.0351332313404116
1.0103876761554345
0.8402589199035156
1.14381512601898
1.2324080771069827
1.2412134238083912
1.2357009953865994
1.2102467218335724
1.2000849775505302
1.1954291503617784
1.1893261536902375
1.1648687731680494
1.164654023420675
1.1571379153677779
1.1496744588300245
1.1423677205308358
1.1381834281745868
1.1305210192784794
1.1151158020814869
1.1061255060525053
1.0968370491445594
1.0804771473615877
1.0666232833762053
1.0498965882752025
1.0306854550208435
1.0081396175141484
0.8604500638226914
1.1403377729480466
1.2002781554453112
1.203312038721753
1.195697314041725
1.1964647411556115
1.179845984941168
1.1574128662983918
1.1567295438150094
1.1408085171330742
1.1417657587279475
1.1411972093400884
1.1332490924599452
1.1249140522045984
1.1209720073364027
1.1105664175771657
1.106854984737046
1.0980894709623008
1.0849241176804159
1.074456343063745
1.0585601038978187
1.043338408414036
1.0265193663306205
1.0042853283871893
0.8905427055631541
1.149795707502566
1.168953749118363
1.1716556045107474
1.1588220819714297
1.1563826947863411
1.143038783354998
1.1295337124476665
1.1331896010499132
1.1228312230068824
1.11419480640482
1.112100090198622
1.1169110508885947
1.1102846448581924
1.1040282648612973
1.09928855323669
1.0925905167198815
1.0846125360351695
1.0725015347857494
1.064472214794211
1.0509203146030919
1.0397792633634606
1.0228985343457053
1.0010686150334063
0.9330456923153586
1.1059078153064767
1.11043057884419
1.1263629443967476
1.1100032811612428
1.1081420794495354
1.098684027237635
1.089144284254845
1.097942504601341
1.1050872078454839
1.1043990689721683
1.0985886212703428
1.0970074115734487
1.094407771160434
1.092974538994865
1.083546435962685
1.082858513057318
1.074113757225058
1.0664192578249048
1.057688297882835
1.0441564672301242
1.0334841694034351
1.0177400931232947
1.0012505562737457
0.9318437457726854
1.0266699958100134
1.0568394643709091
1.04715042886633
1.062511912634486
1.060473682735637
1.059847248977471
1.0640600794955661
1.0670662440908685
1.0692950023798833
1.069832370632914
1.0720927715739368
1.0773428614743719
1.0716831164610388
1.0740425160859002
1.07206819505713
1.066972025934417
1.064510374763477
1.0557523782572167
1.0488279839158416
1.0407968679716582
1.0296632025759325
1.013825589755729
0.9981511343838422
0.06523433654764457
0.10616942405888602
0.1383174567707145
0.17050618693584713
0.17516197742802622
0.4381842893814657
0.07758945561848726
0.10655238629455241
0.12495758934797369
0.15186327178553674
0.1690917668660071
0.2775604717127401
0.0790494282782426
0.10338786152944976
0.12909450903502626
0.14215058107408615
0.16972233388153624
0.2605250520144814
0.09034272141651256
0.11096663375314397
0.12384547590545168
0.12870910084531945
0.16158489290115932
0.2552628053557208
0.09070081751397702
0.11044008253595373
0.12044942422888125
0.12864275787947096
0.16085552363404484
0.24170586654646076
0.08628125334436677
0.10970873029972257
0.11214329816475158
0.1298875626772154
0.15564392203555938
0.23184493065474784
0.09223299094763075
0.10914599604263846
0.11865134543595157
0.12006047594058339
0.14988849540297589
0.22852918623344975
0.09090474609911606
0.10789083647482535
0.11467677203698953
0.10806282428584515
0.14629773948368988
0.21175893399970663
0.09666040701329354
0.11035667365483708
0.11525473587608193
0.1245865244718479
0.15691495893610047
0.21610836798541852
0.08883475093028524
0.1053011981330025
0.11219523122281308
0.12374286871508966
0.15995746099966765
0.21532718972891235
0.0911643775112461
0.10550126332531744
0.10845714353227695
0.1255058977584061
0.1581742877240086
0.21202437321815923
0.09991460121425377
0.10627702336642358
0.11975374235171271
0.1336465640398667
0.17022043181620114
0.22322520813264707
0.09404676731320123
0.0994136020762207
0.11921507598593764
0.1460594059923449
0.19443946404037193
0.2414152890146234
0.09907545749852324
0.10812185154687233
0.11546808052539331
0.14962369030104114
0.1890210873756627
0.26545398819239785
0.09034941718613747
0.10591878664348274
0.12210916915858042
0.1590708843564411
0.21603652711989665
0.2750316440614014
0.08215466450073654
0.11216650753807432
0.13886288811004016
0.17992116087716534
0.22123971268415996
0.29875728570148297
0.0907196266955985
0.10544784748267476
0.13914600764305146
0.1721623861663409
0.24084912332726388
0.3400013857535001
0.08071768614998186
0.10016625196225883
0.14375958196399524
0.1785335619253834
0.24921432562737816
0.3441986839727165
0.07727460266306711
0.09877512540405377
0.14038986684746696
0.18619200906956956
0.2658252560096015
0.3604528998802755
0.07131383472572989
0.10077325093938101
0.1441584789856797
0.18854990959252055
0.281409006067629
0.3922161714148877
0.068933083127043
0.09180307941583897
0.13948482922536368
0.183983490414523
0.2674408779099158
0.4108089108019408
0.058815807647761745
0.08612348796729227
0.11906876789370344
0.1774781657396841
0.2736501915516188
0.39604682560094856
0.051066376133407886
0.08334244810446433
0.11930214747756536
0.16729923061391916
0.2630460117572168
0.42733115079799017
0.04778132061694737
0.06928035884792777
0.11462208439194195
0.15191781076758587
0.2433759053269164
0.5199916131440901
0.8499575471658237
0.9346409976111988
0.9675612158833851
0.9978219760563204
1.0144547756408673
1.018651047405762
1.0260270052290186
1.0290478214402206
1.0377648329243925
1.050610355029467
1.0536218213036144
1.0573221727532653
1.0581726789232173
1.0632647095090868
1.0673495942831084
1.0625017516114499
1.0559824772766162
1.0519789914787074
1.0463260773462977
1.042204344583504
1.0343006726997797
1.025253210023055
1.0107163932978072
0.9978917520039903
0.6810957617501943
0.8241849743600399
0.8858684606645861
0.9408902125499667
0.9608479344031756
0.9724621757348563
0.9929037865308473
1.0025767890151214
1.0149493520585444
1.0201685704047143
1.0339535330988787
1.0415082205659507
1.0398979670368997
1.049925715070307
1.0489598371951518
1.051143921281007
1.0466680508634028
1.0409958096779086
1.0430997490636615
1.0354918112031593
1.0283240935552511
1.0205367244343018
1.0085099926142786
0.9966499135836168
0.580642974057091
0.733515803586261
0.8198870970344277
0.8672751114274357
0.9093057475646501
0.9350358563798336
0.9492643083621394
0.9703789010414905
0.9900003817365195
0.9994005516325422
1.0113494441751831
1.0207310214843113
1.0271258578203843
1.0331305846803591
1.0315367896188035
1.0363377921282853
1.036580588338449
1.035602598093509
1.0326801302280582
1.0274233817365475
1.0237772140508192
1.0164999107091623
1.0084497675917599
0.997976958200476
0.5074736103731046
0.6648951235376357
0.7525693932843676
0.8125924840497015
0.8579997542390438
0.8937186926116703
0.9213859666775593
0.9432982254208261
0.96473709989496
0.9796326165045958
0.9922104862490475
1.00069218794212
1.0141907054501653
1.017010882634235
1.0237019680788144
1.026311489968062
1.0247216409752484
1.0242080270463552
1.0252520256794226
1.0221197968556344
1.0191569937439326
1.0142026436297304
1.0059823745487322
0.9982200293000362
0.4489219717655491
0.5963700693626967
0.6880321804217041
0.7604757378929788
0.8148145161218366
0.853931686066979
0.888971055690253
0.9166723029115997
0.939476203715488
0.9571972948533554
0.9730588445215906
0.9866814295875712
0.9974266875364286
1.001727510147818
1.0117372244233735
1.0143978931591524
1.0189226227428578
1.0155944963095387
1.0195908458874032
1.0155147980337187
1.0160010518439795
1.0107957127525062
1.004122028267309
0.9977148019405916
0.40208517755860645
0.5397106215866271
0.6421687600564965
0.721107075168157
0.775088402263801
0.8247975049312786
0.8598988489110937
0.8934529714146061
0.9167103657771494
0.9341115404636133
0.958587119000617
0.975003191854847
0.9839060458112517
0.9949653566996526
1.0008232899887897
1.006239945585038
1.0076108538682371
1.0113203518644098
1.009917912694042
1.0127117905567045
1.009064566525339
1.008598663202064
1.0029848102168886
0.9980080409563306
0.35979224264093956
0.5002388316510709
0.6013651939202684
0.6803542365170039
0.7427043986437104
0.8012001873381001
0.838560775407265
0.8730402231096065
0.9069400087018062
0.9287966652773251
0.9429525244237416
0.959809573420642
0.9713635310176582
0.9820891776502065
0.9896536358471132
0.9943173227674607
1.0022126567550595
1.0048412637710167
1.0065043839348617
1.0067274556293568
1.0062115504803213
1.0051540328925272
1.0027736829522962
0.9980842422258468
0.3346863544795702
0.4660087859911525
0.567738876170739
0.6500996680262885
0.7196112850443924
0.772652330707605
0.8140868002717474
0.8568815749915873
0.8865201570494133
0.9122141659051333
0.936216133296736
0.950383240524054
0.9620959764769639
0.9716132261303607
0.9825007605142022
0.9913481793448591
0.9929425529102296
0.996253916644982
1.0028398487205743
1.0025570413162432
1.0039215277630078
1.0034836788538282
1.0014315747051656
0.9983432098180816
0.32014597480170426
0.437186136342792
0.5455839259669817
0.6301234971991115
0.7027098163775133
0.758190989050104
0.8094894463828151
0.842593175289181
0.8721414982649243
0.8995745072663421
0.9225317373166293
0.9367080813505886
0.953988337198147
0.964506071474413
0.9735778338836235
0.9836560448876258
0.9878897230454458
0.9942328384360165
0.9976194074841634
0.9997889502386218
1.0030253864886
1.0019579808656363
1.0010660480313809
0.9990823648342143
0.3008470831768224
0.4312008123886638
0.5295955119093407
0.6167521128437943
0.6916027472802102
0.7501547017379467
0.7954895747864288
0.8363926911931066
0.8704226156929116
0.8914865063759151
0.9112073949070556
0.9273862911456544
0.9476430015467876
0.959805310270714
0.9698863590357633
0.9784891835322567
0.9866799900513854
0.9900056464563641
0.9944370193712841
0.9968332617417746
0.9998756121407297
1.001222923362102
1.0006354163581095
0.9995712616782908
0.304448256462836
0.42278658712537115
0.5198575752816721
0.6145491441883059
0.6890056837898759
0.7470233774733305
0.7929462511466554
0.8307613754398246
0.8586498743019326
0.8913030894211518
0.9085996353578512
0.9286609559193091
0.943614016149071
0.9506357431967687
0.9676691548482143
0.974543631197154
0.9829010907080018
0.9862726215389267
0.9932343451004263
0.9957576959579362
0.9977515388924062
0.9994146094175247
1.000358330699607
1.000378858942621
0.31527011948488093
0.4299955017122955
0.5321630968808259
0.615574401579328
0.6905903270025705
0.7428340351100252
0.7942586669452987
0.8289981398677719
0.8637114459968319
0.8826740892540097
0.9052192630967176
0.9242558320092761
0.9388140909077252
0.9535138194345792
0.964416246523084
0.9718738149468866
0.9797957457093868
0.9862478330433743
0.9921307789226208
0.9954713494587847
0.9981736240933812
0.9997631902268804
1.0011032576187284
1.0014113821211557
0.33380026422539344
0.44683470383309487
0.5460217776117928
0.6316753791365569
0.699639899428404
0.7514380375225403
0.7954671633627047
0.8337087501116568
0.8643514749857175
0.8883534326115639
0.9109929182811464
0.9285124553298352
0.9405837098017018
0.9559159495149708
0.9636026173181393
0.9724634437290679
0.9825527621657723
0.9842046664127165
0.9891335195584495
0.9949699493584898
0.9983851935165166
0.999524117988394
1.001328608325659
1.001410949029062
0.3607982462130308
0.4673417084291282
0.5610804310281905
0.6493975809420147
0.7080124132701225
0.7624742355626877
0.797929279788681
0.8385650713773228
0.8728500356700287
0.893949946599798
0.912438306303932
0.9302312707393973
0.943605345136212
0.9535382280298265
0.9646117998317998
0.9725018672502177
0.9845610899232321
0.9858252933116762
0.9922987838372161
0.9949585011217836
0.9992819526974044
1.0013295161730698
1.0013023284208775
1.0018479233660897
0.3734320924128668
0.48744209536525684
0.5936601271530687
0.6663673504241303
0.7287325393903886
0.7778473383358899
0.822189549744065
0.8491771140973129
0.8729263760348204
0.8962648396833093
0.9210700038238714
0.9358579579860755
0.9525945448524685
0.9594545687466036
0.971380748494032
0.9779220661222482
0.9832996326836265
0.9888343086053286
0.9926298700600709
0.9974317362397952
0.9995160139201765
1.0007790395832452
1.0021284428302721
1.0021963169464008
0.4211254809895444
0.5326635271197563
0.6266033784966402
0.697178711433163
0.7598534747412986
0.8001036511260124
0.8327582734026837
0.86672664486535
0.8933438996765918
0.9096612240171971
0.9299329086710819
0.9423025881223669
0.95364308532793
0.967335183186269
0.9737203711054092
0.9819362212816181
0.9862460474159505
0.9928600788528625
0.9954594304671025
0.9979690921758279
1.001619627597768
1.0028224611473695
1.0004495643427167
1.0024108175072268
0.45222382247595394
0.5744252003354308
0.665683463147136
0.7250970476332266
0.7851773860570547
0.825381221374061
0.85695622822441
0.883306509119546
0.8959247012213841
0.9215818836921139
0.9368993013272966
0.9544328697702976
0.965452464545163
0.9722201856581426
0.977498370852547
0.9888700077379611
0.9921280939959901
0.9967381956428749
1.0014061305888613
1.0006514150757087
1.002412698118354
1.003463591231176
1.0020699972659028
1.0019178463081482
0.49155549258841275
0.6116456866655339
0.6994253856129545
0.7727483074409998
0.8138842923104858
0.8498520645659653
0.8687362405747694
0.9026021680931855
0.9183561582981377
0.9392492533243102
0.9504036644304197
0.9627727070610743
0.9754479503325751
0.9820590592593507
0.988911741377338
0.9963354646375232
1.0014910360424691
0.9990168556405192
1.005514239901936
1.003264437723459
1.0045889851187944
1.003798947270666
1.0019936784006638
1.0014502107350391
0.5443619562048596
0.6782063188200664
0.7591088749999197
0.8214506358422583
0.8454582647731154
0.8753681616555057
0.9034053190123522
0.9195219564563326
0.9391024981562117
0.9485710785213541
0.9665559891598948
0.9754044917224557
0.9840995463706773
0.9900209105438866
0.9930463417825854
1.0005813505664831
1.0020930143546392
1.0039788858095187
1.0054232244702102
1.0057442244276853
1.0065550410474153
1.005206028922237
1.0017393228464315
0.9993034652582337
0.5999032372938441
0.7450630738541887
0.8030601028770233
0.8552384136190252
0.8905343185366406
0.90904608476439
0.9222641390783589
0.9499906082988564
0.9570471448207098
0.9664556537966474
0.9818915030713204
0.9893136261923521
0.9979816828445044
1.0012539812491315
1.0040988261482677
1.0049207121458712
1.0138668345987214
1.0104561967602494
1.01084573496679
1.0112837641916161
1.007417966860522
1.0047856377325002
1.0025989547794447
0.9995882448683585
0.6785792852001039
0.8133883071019891
0.8653977717007126
0.9228373018685265
0.9281853327785321
0.942031120272159
0.9586509463296398
0.9706665876721434
0.9898382916742925
0.9893188353315153
0.9982253978318375
1.0026935202406284
1.0090277585091423
1.0127500577851554
1.0171151260645859
1.011161595675402
1.016362593303599
1.0154902801752919
1.0146263997975917
1.0137897108201785
1.0121689004376246
1.0069145913933437
1.0022687915072503
0.9970010076076561
0.7483718255255077
0.889521777352385
0.9458660679043761
0.9708154348056914
0.9861065587518522
0.9807733305042006
0.9946053313312424
0.9907481900311206
1.0025590350181328
1.0101874226899095
1.0161198260598285
1.0216092781980073
1.0205977250386844
1.0277684356563823
1.022864462113184
1.0263098513187165
1.026755647065746
1.025738042745383
1.0216263346753072
1.0160038262803268
1.0123720415985649
1.0085210660842174
1.0004704432379827
0.994206491036095
0.8728727807197993
0.9929020757440946
1.0137961931684978
1.0269731369814314
1.0243051086011903
1.0333115836001614
1.018568060149285
1.018037743555311
1.0242245037911373
1.0291343434644178
1.0285154700518806
1.0302473159139924
1.0324527946738686
1.0360745749506746
1.0391588489842005
1.0354079741682813
1.0375847417503992
1.030988977855115
1.026802937772769
1.015826746630858
1.013990213297176
1.0083125640712607
0.9999445270130363
0.9925237576908339
1.0145211390036324
1.0853434464883729
1.0943032626176108
1.0805376084137066
1.084170437688154
1.0614265678593744
1.050856836294824
1.0525257821948157
1.0484780039884176
1.044895699088791
1.0533663312108368
1.0530663739762067
1.051916322987907
1.0460004897475241
1.0481298061893036
1.0447072417841379
1.039810315793357
1.033931467794344
1.0362874002075062
1.022073474894655
1.0165403153469408
1.0089364237070841
1.0017489472223255
0.9903880185150836
0.15823443614009106
0.30604464167722123
0.41478265820895965
0.40957400322221105
0.5132039507714725
0.38986480150091213
0.2222292455939137
0.35681679351723905
0.436775228496337
0.42438964680658925
0.472709866880896
0.471501454714027
0.24259761492899018
0.34542034852390296
0.41589245995703766
0.4070530645174244
0.4656898049530993
0.5677160813178649
0.25798031987515235
0.33336163439390076
0.38763828153167124
0.3810126613458602
0.47938123887150347
0.6545412951927609
0.27801998013615903
0.3238925249514357
0.36390088555638583
0.368981371000363
0.4991058708711277
0.7243553219019692
0.2896741843565755
0.31301521770002205
0.3298989036168981
0.35912961260462417
0.5145462139921664
0.7578739392195529
0.31160307796266046
0.3044511300492204
0.3079217033547006
0.35689796410252383
0.5342652469278057
0.7980902010905587
0.32983690219831874
0.2988902644198269
0.2910929575942842
0.35336801358429015
0.552889195080758
0.804299537377648
0.33977157121234924
0.2923116260844626
0.2760226798241594
0.34016229207189475
0.5432890411776707
0.8163547053969681
0.3566161377229448
0.29138151651384947
0.26351537053082197
0.3398330910341195
0.5385919446581187
0.7898191548119868
0.3624545796860603
0.2918232895296764
0.2673225086911146
0.3324046790120215
0.5355307246824721
0.7759421736936587
0.35945763035493933
0.2945040647413262
0.275057404451008
0.34284595333499607
0.5316875901852678
0.7844083839896061
0.35677258084415997
0.2976535735257162
0.27838736354703864
0.3377877633375264
0.5208831654666304
0.7581972060225619
0.35396937226781455
0.3020929187837822
0.29496681335009467
0.3617814476801501
0.5379267107955596
0.7282302335859194
0.336046615339078
0.306944588972617
0.3014468266007726
0.36899357965444424
0.5294114867087293
0.7365460652253265
0.3224506687518533
0.31183410559239516
0.31684016804682497
0.3933595826222962
0.536326187101751
0.7309922651147542
0.3074908100300516
0.316930037435593
0.33303870659607415
0.40543445347784
0.5372728902374476
0.683862439710388
0.28985302502234034
0.32089668084174694
0.3444752729882403
0.4136049854740556
0.5348360188422104
0.7027299734340294
0.26811154734485737
0.32523219476764076
0.35622634936049385
0.42467690094001714
0.5370412041416912
0.6739169106171224
0.24734392227137755
0.3265018184708527
0.36737248442894516
0.4236002849487237
0.5205373698296027
0.6499815547128551
0.2206776265540671
0.32836388717017023
0.3765150301390803
0.4232286580471448
0.5061268630955578
0.6195654099746464
0.19738419848000893
0.33006098387529403
0.3843398385296067
0.419825065118551
0.48229194210499426
0.5745527329337518
0.16947773390980897
0.3207666021362599
0.38775078924239986
0.408560071088683
0.4475305363347267
0.5416179733166571
0.11143228038145303
0.2886093875437529
0.3754184533307353
0.38843185902018296
0.41767293322033244
0.48610406199519224
1.1513933383767263
1.1847916194162114
1.1644503932680048
1.1632404121711382
1.1287414622035852
1.0920129549319193
1.081566520512
1.0766731442788908
1.064147594999701
1.0820496925954515
1.0662863291979205
1.0673265114390729
1.0676274275182502
1.0607086837048079
1.0558747652662364
1.0554734820138205
1.0450762373333646
1.0436369635147762
1.034620845307851
1.0309286990105577
1.019081987052702
1.0107987090196238
1.0007246970303696
0.9883928355928739
1.1794874757715028
1.2875394722494762
1.2401215147912144
1.1980285914268862
1.1626047592374122
1.1202778144927146
1.120550163611306
1.104823498893894
1.0877877349085041
1.0905898626813966
1.0825624275036763
1.0847282776995415
1.0726400927293893
1.073062101689782
1.0700542277470144
1.0648162969530321
1.0530970303261389
1.0482580078096062
1.041101813078344
1.0295438071849015
1.023046715909197
1.0125710691895167
1.0001819043887024
0.987645218521086
1.1952396863083758
1.3387078700952912
1.3088489742081113
1.2529294610740458
1.2066027289299968
1.183268565878583
1.1518395311315104
1.1356229071488169
1.1199534515208942
1.0978327068441374
1.1018619192366796
1.0908551446049848
1.0829417849537926
1.0864904281010381
1.0832853592768956
1.0649686092812407
1.0574373983573182
1.052778306156477
1.0447803069468693
1.03401553787621
1.0219552037546038
1.0115666822754545
0.9985812346986648
0.986275021430009
1.224304295227915
1.407191305500661
1.3664960492487277
1.2942418525928874
1.2495925589182084
1.2143661552740843
1.1741645612464975
1.1394046615851738
1.1273477590409136
1.114263955362539
1.1066168054879855
1.1052008429794238
1.0987328880718628
1.0902111909631484
1.0842552794651974
1.0810430381093357
1.0644855929214092
1.0547829515641565
1.043935233541877
1.0361141946135752
1.0276359022931107
1.012456191804944
1.001021121480666
0.9866963678671444
1.185053339858131
1.4326036113986422
1.4023075446557458
1.3514683760769417
1.285454585223156
1.243369245326845
1.2037827050300611
1.156287395498906
1.1513561567754897
1.1284270285516236
1.1289814013019344
1.1138683196871852
1.1095390181799576
1.1001249653778127
1.0890405300784225
1.0798714660386814
1.0681439937253392
1.0657151432801386
1.0477635183533571
1.0400405085195954
1.031713236029047
1.0191221100193497
1.0011940537148578
0.9816049517044455
1.195543251330752
1.4480457629250802
1.4597998395653509
1.406236019603532
1.3295008795435945
1.2832467422198035
1.228767407275838
1.21217002524816
1.1607409666153525
1.1550314529103902
1.1302076581410303
1.1288068504962885
1.1135052882939243
1.1081167542013675
1.0950180870637845
1.083654399056653
1.0704543792727306
1.0641321169664484
1.0552263141336853
1.0465561518407345
1.0328230059367196
1.0198920515723404
1.0015994196756883
0.9823052298567284
1.1926426929734713
1.4410415638287528
1.4686489590773484
1.438191140252338
1.3681623674761672
1.285095418887923
1.2554101302918026
1.2196131250682778
1.193048437760584
1.150442275706293
1.14247008716342
1.130617508745134
1.1267982250473738
1.1109174904873613
1.0960522160996393
1.0851015414683705
1.0858808419824597
1.069319000030902
1.0638588684118757
1.0520512805207871
1.0334688186463294
1.0136529862876067
1.0058185652291183
0.9857437555031482
1.1689381115028656
1.446573195422372
1.4996308897357167
1.472085089380933
1.4016268580998372
1.3381064260455395
1.2668061562533162
1.245468361450952
1.1988300449411686
1.1754859496349173
1.1598077242772944
1.1446808039071197
1.1319880845305532
1.124148312466439
1.1127439197327418
1.0976512753790506
1.0868178053769175
1.0813114115200086
1.0592457922132898
1.0525825208913058
1.0379384430401042
1.0213576099593256
1.001042557349552
0.9875138652288431
1.1679312307009113
1.4114870667392019
1.487369515862491
1.4934807069500828
1.4376089553771876
1.38639140245209
1.3109341788465534
1.262801780068521
1.2156063321061188
1.1932550955030048
1.1736866283413563
1.1550218525362472
1.1363717616890958
1.1196207854993907
1.1094438601460648
1.0943915507275237
1.096012134953377
1.077150549853989
1.0703484811081825
1.045489480005726
1.04005706650572
1.027901946334604
1.0068183876720886
0.9845043760317076
1.1297314657336803
1.375245762042487
1.4771558936249913
1.5091161091419556
1.4688549797985149
1.4203974791143015
1.352813023412744
1.291818299853044
1.2431071917111882
1.2286880142113772
1.1936363362392048
1.1705258116134218
1.1527252012939455
1.1321838520663166
1.1178275330309209
1.1039227594467507
1.098942179770626
1.0825883714823377
1.067579928506772
1.0560828762590007
1.0406096389658341
1.027154385798949
1.0045395664265517
0.9820003516195533
1.1175751567781664
1.3866817163683893
1.5033756812624888
1.5181554085901419
1.4842096568665264
1.4514970606773716
1.3970828186173463
1.342328808737938
1.2935177929448347
1.2480372541319615
1.2139381416380655
1.1967398855462417
1.1555376870292389
1.134212864189132
1.1276844710219012
1.109085326027697
1.1054691797534948
1.0771265450863465
1.0696274047791579
1.0666362455310583
1.0446702642553227
1.0305680447646532
1.0079118396294873
0.9889534357172443
1.0640184818915275
1.3001308866816863
1.4390186449897298
1.5195315105855731
1.5031050437440228
1.4742130418429669
1.4454049216898792
1.3796331210615413
1.3320777646463138
1.2750121694733334
1.2384523771342675
1.2080877888768513
1.2002424064935977
1.157761456814578
1.1465634201645813
1.1231103252343682
1.1068291655380886
1.0956241655646644
1.0768618046193368
1.0697415747884178
1.0492557839453913
1.0300418301146737
1.0138913583579803
0.9884845504605391
1.0534733376454444
1.3336874029185517
1.4981410753250624
1.5183912581381493
1.506599942446823
1.4910869304619216
1.4711880417774634
1.4074540882318594
1.3739104462317433
1.3224998567587112
1.2738513682636774
1.2455214777397092
1.2090787458789638
1.1875158113068536
1.1627076130247882
1.1412888211321253
1.1211592867201325
1.1053227553935812
1.0904237735899036
1.0726679394036882
1.0595001535531954
1.0341626220302356
1.0152168477131163
0.991809178030127
0.98561820694153
1.2199921597968166
1.4065197387042827
1.4847077312487356
1.5142980938138761
1.5062249570069781
1.5010811821578498
1.4545743418285055
1.4075616832257014
1.3592936622395637
1.3183980640013415
1.2861466890619937
1.2516579549864524
1.2178258174606973
1.1765045599922683
1.161860187667565
1.1360564534345623
1.1234303967344803
1.101682890961933
1.0944453312137017
1.0636175990983203
1.0519099873030426
1.02581715481383
0.9986676474943013
0.9669806092099229
1.1884939151238219
1.3635648714882573
1.4313006238571129
1.481287588158461
1.5335266284817264
1.5115376468877701
1.481688942306555
1.440220777423022
1.397067518388441
1.3543439148580756
1.3117553178941659
1.286724128112028
1.2477634563842999
1.219273402207064
1.1924307632584563
1.169471376401901
1.1613096308471
1.1289968897659801
1.1081150685842642
1.083969271938246
1.062787967581925
1.0393920062228263
1.0082663757069938
0.9243421327200836
1.1125083024836122
1.271119058807122
1.3922097429841003
1.4744310180062117
1.501571526766285
1.5035709555571075
1.4854706361247736
1.4739831605223304
1.4260235173697964
1.4050418576561445
1.3496015477248176
1.3280019089392798
1.2860407635610565
1.2568017393279602
1.237397627748326
1.202034963629711
1.1832130962576226
1.1519509116474076
1.1328739199787035
1.11421109889606
1.0851104697922132
1.056326932084649
1.0244020574351411
0.8844992939516668
1.0583818040361475
1.210396930365334
1.3277841194296816
1.4299060112275628
1.431913709440593
1.4846038880872703
1.4767377774752866
1.4685939506410965
1.4598885238494321
1.4317264486461592
1.400839752195012
1.3677285919760402
1.3287711410684206
1.3059210995894357
1.2786574960095436
1.2484638859150397
1.2226729567862502
1.192834027603399
1.168287268441405
1.140598682292841
1.1137285096459155
1.087274113529193
1.0532988474415819
0.860044682330114
1.0012064389399185
1.1979208406932897
1.306609993088285
1.359992719846972
1.4286063936752456
1.4607269909478104
1.4559216402459163
1.4817168307686661
1.4687090477153566
1.4368294313104293
1.4253203043137044
1.4006185105900848
1.3688797258580185
1.3418180370165391
1.317998265652398
1.29261905728052
1.2618601147209585
1.2355648219773725
1.2068060176476323
1.1816461013226018
1.1449571218172707
1.1172102322814181
1.0799820699235332
0.8308519386529631
0.9771312867177212
1.1300391529524796
1.225435348661108
1.3165853127206395
1.3569781928343063
1.3985605136551555
1.4290769708203894
1.4482078724465213
1.450422015251518
1.4452657115582053
1.4299679244146164
1.4089317320503354
1.4078782159705998
1.391328289053481
1.3637027557528576
1.3360478211055742
1.3045242768183085
1.281046511559464
1.2540357205142223
1.2251011747526803
1.1930599180987709
1.1577832190645272
1.1192781540265948
0.7667198927560456
0.9198128920801769
1.0792484399932865
1.1734311479970865
1.234163787816534
1.3368761444395423
1.3572713276548491
1.3948934273151707
1.4240446792315071
1.4268692421548952
1.4234007456533015
1.4286416705682412
1.4290314817252177
1.4255163704733165
1.419576076460247
1.406917021782723
1.3834134260521411
1.3397950243665815
1.3170673798807448
1.290986339861744
1.2664766913023315
1.233942984357846
1.203115254903258
1.156764918864044
0.7421331387960353
0.8425362252421102
0.9878977736616968
1.089688060931924
1.2087243856372276
1.2491327860721473
1.3157282823295051
1.3580540800064256
1.3816334569186568
1.3990750800413136
1.445887051950876
1.4377923677500999
1.4336035835745133
1.428690798495209
1.4465915490839103
1.419871600417638
1.394816442503637
1.3754101528763736
1.3669714854882296
1.337146846847783
1.3094817430813859
1.2829629135641951
1.2488734245467554
1.2094118721522757
0.7109313161138727
0.8266967727222626
0.9363591114981953
1.0561384480415326
1.1490178752192632
1.2137358547010642
1.2465113506116765
1.322896801004266
1.3432942673390373
1.370013150196114
1.3940192699991725
1.4010976346609407
1.4265434721985735
1.433553438121962
1.439080567337652
1.422323066937988
1.4117203968350738
1.3826756005126533
1.3715124373251848
1.35391360512343
1.3283083012026182
1.3150778142314241
1.2773607128761044
1.2482038535231992
0.6699149873209439
0.7698446857546974
0.8658018327490191
1.014708462819101
1.0714198574423799
1.156807628893175
1.2119997539286695
1.2743876161822754
1.3037286233536316
1.3456179604686742
1.3815465541483576
1.4164217625639994
1.4046956482303168
1.4269968360102863
1.4130274097175124
1.4216494215876747
1.4123755692697353
1.38839400520973
1.3901493300947458
1.361774474027621
1.3489203095975089
1.329551200825772
1.3010189721377532
1.276838126538179
0.609034808760341
0.7298817804124937
0.8130672852988179
0.931282376581221
1.0513295090470807
1.1037116339728654
1.2051802212534166
1.213937660943762
1.2640686275038282
1.2988521859631548
1.3344188698931543
1.3541744184305127
1.374031915381487
1.3897150597239034
1.4022101268516869
1.3943428339992139
1.3938579767570782
1.3669116940030126
1.3797987437712105
1.376287914309954
1.3654304965814057
1.3342835311660373
1.3096887465195
1.2919963683849676
0.046112496907066196
0.06092646317259136
0.10061570704704942
0.13002267887489902
0.18986601529306782
0.19556615404687605
0.04553661841821865
0.0638149204503455
0.10067520053782847
0.1259855988426688
0.1574789729119755
0.16285206954347625
0.045637536946953924
0.05989828097821273
0.08987689502278765
0.12034626398724119
0.13037802130243278
0.14728540924388434
0.04418703456815848
0.05804966736143699
0.09904294474778183
0.10127680708307038
0.11402294858617837
0.1157733370067317
0.05023667298298014
0.055780875598354124
0.07962214044649812
0.09190910053268617
0.08413864358391998
0.09895729602003178
0.04317335168112024
0.04672668822912057
0.07061968321844217
0.0739690792250268
0.062155860139999186
0.0645066594599823
0.043123883877387914
0.04943659427559918
0.05953453949114673
0.05799064483443139
0.04378944537148227
0.05711969412450146
0.043533222630791055
0.04685918237672368
0.04223848796930629
0.056646667076911544
0.03623742925476747
0.05038245416568793
0.04571041001493856
0.04327816902594714
0.040816902788758214
0.04084369513871555
0.03010166679439047
0.038239801908776794
0.03968604067626841
0.04014751622881149
0.034296486378068425
0.04211244466618452
0.036296236388827285
0.05216559654472652
0.047750487352380716
0.045869225987197865
0.03814977579601583
0.03191266028954684
0.04625372436191638
0.07166180618676843
0.0428288155146678
0.0461753795405008
0.039831703698932935
0.04210667721604247
0.06686192015472686
0.09846039392871953
0.051091850794228594
0.043092560822296955
0.043614336186194314
0.05308279206893318
0.07765516444587095
0.1179852244863222
0.04258458248296834
0.04465852789192448
0.053034698650544526
0.06506252811812951
0.08390427187013261
0.12834302610907555
0.048592396567148144
0.05177270895332234
0.064055793669796
0.07012629686382515
0.11812517009181694
0.14565479266783038
0.04959490465946295
0.047760906516292306
0.07282780581625586
0.096017893389651
0.12086652523188712
0.14154378176087562
0.04527716070519791
0.05857287787520496
0.06284418615452303
0.09894554955889301
0.12178020708524587
0.1695663941532201
0.049857151291548746
0.060969888553687346
0.07962080443694583
0.10325522659897907
0.12853690392529132
0.16900967117087246
0.04447432963218037
0.06383064346450912
0.07654508548516117
0.10870466409456053
0.14732611240041557
0.17502669289728923
0.03832019451347164
0.0659224078291055
0.09056985629073963
0.1275721740058582
0.15279118177730253
0.1788274989979743
0.036029736654796904
0.06990052098023074
0.09592877113509546
0.1330781827705667
0.15892515173254185
0.1760171365896751
0.0358305894939272
0.06859532915554684
0.1006934392134329
0.12674291084606484
0.15576319879284495
0.18022959568476254
0.036770986662042884
0.06935746752515203
0.10556066405824407
0.13565395401229785
0.16266430750101876
0.16540505494173274
0.03951950335499265
0.06736451968387261
0.11053701076587898
0.14366404938145902
0.17277905169065916
0.18661772804463683
0.45295201935327956
0.6419168047615686
0.7733314284329849
0.88221302702164
0.9886400304166018
1.0392275520409553
1.0973445284612349
1.1861207812698065
1.253922190959441
1.2532650815857322
1.2690885688804854
1.328084932344412
1.3545982246706052
1.3698171581677379
1.3495288765590163
1.3461796653346025
1.3581076375751493
1.3670081356278168
1.3419039961459136
1.3252122417461007
1.3380379012063879
1.331340851998602
1.2940997095541926
1.2938968895022556
0.3411176520680034
0.5456666490889437
0.7190856129768457
0.8285754884910674
0.901255678373787
0.9932397126189658
1.0773861330604169
1.1689346809285996
1.1994995418951784
1.1794124285895233
1.268697914728258
1.2464195122347466
1.2469191984454207
1.27290366715064
1.291133792374268
1.2890130078259308
1.3057508537999738
1.3099417143316585
1.2992008139586537
1.3082638382607243
1.3028845064038794
1.2874120400611684
1.2731291153055144
1.2506544584408135
0.24268610137901125
0.4253986205938473
0.5892421292328005
0.7241274836772957
0.8524491652246392
0.9358356638224912
1.0457182123902506
1.0745725224307943
1.1294816452467589
1.105077117847006
1.159420637332734
1.1611769405102592
1.1900909709663912
1.2175676052773872
1.2225687791130293
1.2224464664218544
1.2333193835320881
1.2390197106006817
1.2230492422111054
1.2154237223311193
1.2184447718148108
1.2193825507501594
1.1942189234232279
1.1949143335689927
0.19627972967575197
0.33499030003762303
0.46397812816311934
0.5897293200399204
0.7562347742527891
0.8298757517166435
0.9099284430562765
0.9709590039635332
0.9958313462774973
1.0208741530818597
1.0399981530302171
1.0290045899527924
1.0737806613176435
1.0866850913487616
1.1199045572342694
1.108227130210354
1.1408313804438055
1.1341406646574905
1.1230842156275818
1.139215704153902
1.1393417552099352
1.119284448545418
1.1099052803229301
1.1151118179336494
0.14036012003928283
0.24766016993726925
0.37099837955239895
0.4803121818326103
0.6151435781931462
0.7310329520860985
0.7855159724674606
0.8046484002745957
0.8304815969864335
0.8893787355189406
0.8855986255315967
0.927882437763267
0.9300780969764325
0.9560664974979022
0.9781581335903617
0.9887487672955778
0.9882083622711639
1.004180162311134
1.0148381854891138
1.0238620238049359
1.059376239653259
0.9951576918399384
1.0386864165414178
1.042938732332496
0.11523970024255409
0.18380901896421348
0.2804983664330657
0.3751828813884146
0.49029565600909963
0.56093872406345
0.6039009091536853
0.6262250729459669
0.653231085841208
0.6424240108579187
0.7064547351076542
0.7460490080340179
0.77991801635182
0.797954079174336
0.8244215276414602
0.8289359056824194
0.8392761260220479
0.9051557753103462
0.8856539978593582
0.9013238346773208
0.9086449589858281
0.9186399533178572
0.9064223864329621
0.9472235576736244
0.10090358704410474
0.14749521591335257
0.21663954655225698
0.3199856295900344
0.3823136037907413
0.42442234141400126
0.4325446027826464
0.44638076541628624
0.48884028535716917
0.5070026737823993
0.5224217371590908
0.5678934845027251
0.6192281697640277
0.652808528415131
0.6780526553317079
0.7204440056212094
0.719668102761602
0.7661917947074199
0.7746069840543925
0.7654011172985187
0.7916264940509665
0.8191119891425218
0.8054532911702936
0.8244545225839259
0.08496702150324748
0.12936293131003773
0.1889242903410081
0.25581085228345557
0.30511787059838924
0.28358500530534037
0.25799256627168143
0.3306031999245871
0.31773204709223146
0.35843561841746496
0.36100610145267853
0.4190547094573396
0.4781466503993338
0.5163389118524849
0.5485179300990226
0.5752825103476069
0.5891217313373518
0.617871489333099
0.6411856866553496
0.6698282009020342
0.6731734194200707
0.7023882636363212
0.7064293123785184
0.7525606967104232
0.06448614278803316
0.11628677410504296
0.17703603576822957
0.19697505949939664
0.20557544013513973
0.20182060690055148
0.1762007199031378
0.18513128348176422
0.19519216020719066
0.23045193001532038
0.2707599932656871
0.32371427529125496
0.35498730815294555
0.4151632564161871
0.4332346043412624
0.4413461996783892
0.4776588213157632
0.5133658661521796
0.5331887283424378
0.5476975306238389
0.5678553526345488
0.597039087321786
0.6240518256563685
0.6610816211664345
0.0761730907086936
0.12289585575403894
0.15420125519620037
0.1678864865881028
0.15470688026970603
0.11493704521419579
0.10835816814473354
0.10566816934952084
0.10227888672301999
0.15122754875863909
0.2002840501197498
0.20731183961859412
0.23851793631809426
0.2904017591925352
0.3416102525482624
0.3719453608801009
0.3992390277161185
0.4048463947697638
0.46155244309184507
0.4650531005037746
0.5062541246650583
0.5367886211150571
0.5944913527402451
0.6321526608401826
0.09381907014925162
0.13456251966798904
0.16971175932659216
0.1274275459689771
0.09672061821945632
0.08738384477712702
0.09597597828016324
0.07653288744532905
0.09650607988743964
0.12922960491195268
0.1286818205965301
0.17457694374865973
0.2251522199871382
0.21971496482235453
0.25729206876313027
0.26966200626296555
0.3157489747880746
0.35520514120180335
0.39449895271668844
0.4340717901722596
0.48347578701468374
0.5155130911274536
0.5777861564120879
0.6238163667345007
0.11723863883404484
0.16325664935695622
0.16645309242738732
0.13967113170684597
0.10633126894541378
0.04476668629609026
0.07306860063187959
0.04802768930470536
0.07472264080782987
0.10819899200162253
0.11370889674176488
0.1309839704893343
0.1783171286265517
0.1785930215908198
0.21933962207356905
0.26966016394810033
0.29424936590938056
0.3391073928411453
0.35749237689121505
0.416146702000464
0.4715568619392708
0.5241566822901016
0.5773234289656721
0.6469386798706478
0.1347348941375896
0.17615584133435502
0.179274088822019
0.14462964867631156
0.12834065412520768
0.06879958844238032
0.09114196887675774
0.09664535975316335
0.1287613905709124
0.1481997275379855
0.18621597543359225
0.16910415681108992
0.17152725485888554
0.23831417320447568
0.25751378755542664
0.2882464306016206
0.2783630808528258
0.3301650884024079
0.39161624958573804
0.4389908786590567
0.49633141693600735
0.6002726010055732
0.6420676552189621
0.7116999849483565
0.17664425839334696
0.18740358447389843
0.17645211387160664
0.14303478484646615
0.09448505835865395
0.10260603622598519
0.13176504516125098
0.15804542935430077
0.1363948849347697
0.21266283171433742
0.2192400146938981
0.2306961172121339
0.2413199268102304
0.26120090794478645
0.2794303697236957
0.26813230650918585
0.3001835484448968
0.3853060641667603
0.46442985739949816
0.5453541259126344
0.5889375165437984
0.6554961150423022
0.7190466071368631
0.7950357380294983
0.1728144352968493
0.19006347983578947
0.18488336742339906
0.1399509353483548
0.13388212613007255
0.14777096890309993
0.2051352742567768
0.19851040246662632
0.22863291932507457
0.2652741206719528
0.27957524811641454
0.23226888593099693
0.3122687315622237
0.31035597051307373
0.34176123253953006
0.37400735635700977
0.49192413828624504
0.4938218892115104
0.5608855192528939
0.6066566891465008
0.7006599607333672
0.7713393371995048
0.8248812348263044
0.8685115233422775
0.19891417389845545
0.18966412063715687
0.18304299350146436
0.1703777263069991
0.16286447403845905
0.24011425003975084
0.24743296462806963
0.27559943404795284
0.3489746455439504
0.3251691031030076
0.35643150399474355
0.3468875035833049
0.36077282722323345
0.4065006982061824
0.43299951089084765
0.5453428199771226
0.5844205739715675
0.600293030911021
0.6840154836188299
0.7411528871192727
0.7793246478657491
0.8595325018479333
0.8952255485137641
0.9532883144586626
0.18643584636254457
0.19617820148367388
0.19362778194364438
0.14762925943281335
0.20240006982471592
0.27075688300151335
0.2847119859272381
0.29149515333133513
0.369304033296588
0.385982192766136
0.406830268303943
0.44902740955634735
0.4812878388116042
0.5252118403937407
0.5676352276869386
0.598578557127335
0.6887460897603339
0.7362242047629992
0.7958637966059127
0.8710187038478557
0.9244350720491098
0.9652036692807213
0.999455115901988
1.0326836299853361
0.20095669069924627
0.20872542839598973
0.19477919678872913
0.23559291255372428
0.23129532640088324
0.2983971127410405
0.35712897809687627
0.37789940371067454
0.411471276456822
0.46008940715058233
0.49016738882367583
0.501500460442212
0.5472876981536157
0.6735660346503578
0.708577583587626
0.7738674717475413
0.8657122892793
0.9012447725194019
0.9750204084538361
0.9875582868899013
1.0262614203786975
1.0725696369828803
1.114720698825294
1.109237323684586
0.1974911446224204
0.21392752138741022
0.18799114992641708
0.2643494387528672
0.3438243839482037
0.3492413033722146
0.43034939502111935
0.44897519403896335
0.477503167080241
0.505647201504831
0.5731762709907309
0.6448860515772101
0.688900327051891
0.7535859311597809
0.836558973489109
0.8963430735446718
0.9690137204056332
1.0066932357813947
1.0370069884572126
1.1074089238964744
1.1293322803962398
1.1400392592333435
1.1563548788003783
1.1529029859632223
0.21354818930908537
0.21259399430140868
0.23176891552079004
0.31984826220146745
0.38184397509473156
0.3945709200405778
0.4869215656722912
0.4674643073636333
0.5775138505333769
0.6075270973987978
0.6596602316158551
0.7403508103329706
0.8498290989945195
0.8943263764543522
0.9878777510947536
1.0293191999754119
1.0883916901489497
1.139469111214908
1.1679701629832966
1.1812766507772494
1.1983689114323335
1.2073504571669662
1.1933945934501036
1.19452328019552
0.21417003566486453
0.22031158368916115
0.2704329655473492
0.3388416035028249
0.410758866178058
0.45557430721235415
0.525563254717164
0.5534503111264978
0.5905351507874756
0.6771169912557089
0.7455423316224178
0.8288727654630531
0.9332634419144143
1.0325728243927168
1.086497517534285
1.1568161548634013
1.1987003011404997
1.2341341487431912
1.245572300303684
1.2473798782712426
1.2558713810338462
1.2382442206895565
1.2288629235239956
1.2160384217655287
0.22360958943342268
0.3025321812134859
0.36740270914597206
0.40083178955994425
0.46828150515588335
0.519153936604589
0.5653475698863537
0.6402520510804302
0.717005200390161
0.8031311102911476
0.8774899204048419
0.9722850002360081
1.0607706777666923
1.1325945807920688
1.1978953855963772
1.2496905290800906
1.2712183065433362
1.2922197397704354
1.2909825051553259
1.2898200087061746
1.2838440362817867
1.264668652007236
1.249393566543636
1.222865922406928
0.24971956975122012
0.293511278452667
0.4174119827329845
0.4743771336806197
0.5278373552596596
0.5895845173195804
0.6652559143066794
0.7072747139581765
0.7954518559057231
0.9032064371111308
1.0097709465654294
1.091690078960841
1.1671335890966161
1.230349446805775
1.2738965232777628
1.3068423114387482
1.333355875402961
1.3252329672212984
1.324360935373518
1.308506425657169
1.303531996769024
1.2708314441255903
1.247266792465884
1.2225620261803127
0.2689390479071959
0.3319946511093217
0.4435401659958019
0.5431330337611682
0.5796669346359653
0.6279105919841113
0.7600117308248764
0.8290958256326031
0.9163079426564809
1.0152835993315397
1.1129944733033883
1.1873315109613825
1.2520848092606272
1.3101191999833481
1.3412897893898676
1.3486019163960106
1.353995826590998
1.3565126813289472
1.341543495753402
1.3321206473186715
1.3002542894418332
1.2717589527543611
1.2461354895767611
1.2158626682760374
) 
; 
boundaryField
{
    rotor
    {
        type            movingWallVelocity;
        value           uniform 0;
    }
        freestream
    {
        type            freestreamVelocity;
        freestreamValue uniform (1 0 0);
        value           uniform 0;
    }
    frontAndBack
    {
        type            empty;
    }
}    
