/*--------------------------------*- C++ -*----------------------------------*\
  =========                 |
  \\      /  F ield         | OpenFOAM: The Open Source CFD Toolbox
   \\    /   O peration     | Website:  https://openfoam.org
    \\  /    A nd           | Version:  11
     \\/     M anipulation  |
\*---------------------------------------------------------------------------*/
FoamFile
{
    format      ascii;
    class       surfaceScalarField;
    location    "0.98";
    object      phi;
}
// * * * * * * * * * * * * * * * * * * * * * * * * * * * * * * * * * * * * * //

dimensions      [0 3 -1 0 0 0 0];

internalField   nonuniform List<scalar> 
5640
(
-5.91874e-07
5.91874e-07
-1.99546e-06
1.40359e-06
-3.64819e-06
1.65273e-06
-5.09809e-06
1.4499e-06
-6.23086e-06
1.13277e-06
-2.90492e-07
-5.94037e-06
-8.94611e-07
1.48648e-06
-2.32115e-06
2.83013e-06
-3.73802e-06
3.0696e-06
-4.96257e-06
2.67445e-06
-5.86599e-06
2.03619e-06
1.17921e-07
-6.27441e-06
-9.97082e-07
2.48357e-06
-2.29173e-06
4.12477e-06
-3.53194e-06
4.30981e-06
-4.64942e-06
3.79193e-06
-5.54337e-06
2.93014e-06
9.92191e-07
-6.41764e-06
-1.02237e-06
3.50594e-06
-2.16823e-06
5.27063e-06
-3.2866e-06
5.42818e-06
-4.33794e-06
4.84327e-06
-5.28599e-06
3.8782e-06
2.10245e-06
-6.39625e-06
-9.9991e-07
4.50585e-06
-2.00625e-06
6.27697e-06
-3.01904e-06
6.44096e-06
-4.026e-06
5.85024e-06
-5.03398e-06
4.88617e-06
3.33643e-06
-6.26796e-06
-9.41319e-07
5.44717e-06
-1.81656e-06
7.15221e-06
-2.73039e-06
7.35479e-06
-3.69858e-06
6.81843e-06
-4.74723e-06
5.93482e-06
4.6346e-06
-6.0454e-06
-8.54037e-07
6.30121e-06
-1.60285e-06
7.90103e-06
-2.41943e-06
8.17137e-06
-3.34326e-06
7.74226e-06
-4.40674e-06
6.99831e-06
5.95614e-06
-5.72829e-06
-7.43474e-07
7.04468e-06
-1.36713e-06
8.52468e-06
-2.08377e-06
8.88801e-06
-2.9514e-06
8.60989e-06
-4.00308e-06
8.04999e-06
7.26894e-06
-5.31588e-06
-6.13685e-07
7.65837e-06
-1.1106e-06
9.02159e-06
-1.72126e-06
9.49867e-06
-2.51702e-06
9.40565e-06
-3.53066e-06
9.06363e-06
8.5466e-06
-4.80832e-06
-4.68148e-07
8.12651e-06
-8.34502e-07
9.38795e-06
-1.33059e-06
9.99476e-06
-2.03636e-06
1.01114e-05
-2.98633e-06
1.00136e-05
9.76611e-06
-4.20585e-06
-3.09787e-07
8.4363e-06
-5.40592e-07
9.61875e-06
-9.11454e-07
1.03656e-05
-1.50758e-06
1.07075e-05
-2.36837e-06
1.08744e-05
1.0906e-05
-3.50825e-06
-1.4113e-07
8.57743e-06
-2.31495e-07
9.70912e-06
-4.64848e-07
1.0599e-05
-9.30361e-07
1.11731e-05
-1.67611e-06
1.16201e-05
1.19449e-05
-2.71503e-06
3.57187e-08
8.54171e-06
8.94885e-08
9.65535e-06
7.26587e-09
1.06812e-05
-3.06059e-07
1.14864e-05
-9.09956e-07
1.2224e-05
1.28605e-05
-1.82555e-06
2.13636e-07
8.32808e-06
4.19543e-07
9.44944e-06
4.99817e-07
1.06009e-05
3.62225e-07
1.1624e-05
-7.15264e-08
1.26578e-05
1.36283e-05
-8.39301e-07
3.92881e-07
7.9352e-06
7.52875e-07
9.08945e-06
1.00833e-06
1.03455e-05
1.06919e-06
1.15631e-05
8.35942e-07
1.2891e-05
1.42208e-05
2.43427e-07
5.67925e-07
7.36727e-06
1.08351e-06
8.57387e-06
1.52426e-06
9.90471e-06
1.80635e-06
1.1281e-05
1.80675e-06
1.28906e-05
1.46045e-05
1.42308e-06
7.33218e-07
6.63405e-06
1.40329e-06
7.9038e-06
2.03671e-06
9.27129e-06
2.56148e-06
1.07563e-05
2.83103e-06
1.26211e-05
1.47406e-05
2.69487e-06
8.81652e-07
5.7524e-06
1.7017e-06
7.08375e-06
2.531e-06
8.44198e-06
3.31711e-06
9.97015e-06
3.89348e-06
1.20447e-05
1.4582e-05
4.05207e-06
1.00343e-06
4.74897e-06
1.96513e-06
6.12205e-06
2.98772e-06
7.41939e-06
4.0496e-06
8.90828e-06
4.97122e-06
1.11231e-05
1.40709e-05
5.48233e-06
1.08486e-06
3.66412e-06
2.17587e-06
5.03104e-06
3.38205e-06
6.2132e-06
4.72717e-06
7.56316e-06
6.02912e-06
9.82115e-06
1.31335e-05
6.96649e-06
1.10819e-06
2.55593e-06
2.31123e-06
3.828e-06
3.68364e-06
4.8408e-06
5.30883e-06
5.93798e-06
7.01799e-06
8.11199e-06
1.16665e-05
8.485e-06
1.05618e-06
1.49974e-06
2.34546e-06
2.53873e-06
3.85797e-06
3.32828e-06
5.74308e-06
4.05287e-06
7.87434e-06
5.98072e-06
9.4849e-06
1.0056e-05
9.14192e-07
5.8555e-07
2.24234e-06
1.21058e-06
3.85839e-06
1.71223e-06
5.93634e-06
1.97492e-06
8.51418e-06
3.40288e-06
6.06694e-06
1.19321e-05
5.8555e-07
1.79613e-06
3.50836e-06
5.48328e-06
8.88616e-06
1.49531e-05
-9.30295e-06
-8.26573e-06
1.16283e-05
-1.19149e-05
-9.55692e-06
1.21688e-05
-1.44647e-05
-9.97014e-06
1.25199e-05
-1.70076e-05
-1.03893e-05
1.29322e-05
-1.95472e-05
-1.08662e-05
1.34058e-05
-2.2086e-05
-1.13849e-05
1.39237e-05
-2.46228e-05
-1.19329e-05
1.44697e-05
-2.71556e-05
-1.25016e-05
1.50344e-05
-2.96816e-05
-1.30864e-05
1.56124e-05
-3.21976e-05
-1.36848e-05
1.62008e-05
-3.47008e-05
-1.42943e-05
1.67974e-05
-3.71883e-05
-1.49127e-05
1.74002e-05
-3.96573e-05
-1.55381e-05
1.80071e-05
-4.21053e-05
-1.61686e-05
1.86166e-05
-4.45297e-05
-1.68029e-05
1.92273e-05
-4.69286e-05
-1.74399e-05
1.98388e-05
-4.93008e-05
-1.80792e-05
2.04514e-05
-5.16457e-05
-1.87208e-05
2.10657e-05
-5.39633e-05
-1.93648e-05
2.16824e-05
-5.62537e-05
-2.00112e-05
2.23017e-05
-5.8517e-05
-2.06597e-05
2.2923e-05
-6.0753e-05
-2.13102e-05
2.35463e-05
-6.29625e-05
-2.19635e-05
2.41729e-05
-2.26211e-05
2.48063e-05
-9.0597e-06
-5.48043e-06
-1.17915e-05
-6.82512e-06
-1.43998e-05
-7.36179e-06
-1.69786e-05
-7.8105e-06
-1.95464e-05
-8.2985e-06
-2.21091e-05
-8.82215e-06
-2.46673e-05
-9.37472e-06
-2.72197e-05
-9.94919e-06
-2.97638e-05
-1.05423e-05
-3.22968e-05
-1.11517e-05
-3.4816e-05
-1.17751e-05
-3.73187e-05
-1.241e-05
-3.98023e-05
-1.30545e-05
-4.22641e-05
-1.37068e-05
-4.47018e-05
-1.43652e-05
-4.71133e-05
-1.50283e-05
-4.94975e-05
-1.5695e-05
-5.18537e-05
-1.63646e-05
-5.4182e-05
-1.70365e-05
-5.64825e-05
-1.77107e-05
-5.87554e-05
-1.83869e-05
-6.10007e-05
-1.9065e-05
-6.3219e-05
-1.97452e-05
-2.04273e-05
-8.96218e-06
-2.93589e-06
-1.16373e-05
-4.15004e-06
-1.42539e-05
-4.74513e-06
-1.68452e-05
-5.21918e-06
-1.94258e-05
-5.718e-06
-2.20004e-05
-6.24748e-06
-2.45696e-05
-6.80558e-06
-2.71319e-05
-7.38685e-06
-2.9685e-05
-7.98918e-06
-3.22262e-05
-8.61058e-06
-3.47527e-05
-9.24854e-06
-3.7262e-05
-9.90067e-06
-3.97517e-05
-1.05649e-05
-4.22191e-05
-1.12394e-05
-4.46619e-05
-1.19224e-05
-4.7078e-05
-1.26122e-05
-4.94661e-05
-1.33069e-05
-5.18256e-05
-1.40051e-05
-5.41563e-05
-1.47058e-05
-5.64587e-05
-1.54084e-05
-5.87327e-05
-1.61129e-05
-6.09783e-05
-1.68193e-05
-6.31964e-05
-1.7527e-05
-1.82341e-05
-8.84178e-06
-4.90364e-07
-1.14353e-05
-1.55649e-06
-1.40266e-05
-2.15386e-06
-1.66093e-05
-2.63644e-06
-1.91873e-05
-3.14002e-06
-2.17615e-05
-3.67326e-06
-2.43309e-05
-4.23624e-06
-2.68933e-05
-4.82444e-06
-2.9446e-05
-5.43648e-06
-3.19861e-05
-6.07042e-06
-3.45111e-05
-6.72358e-06
-3.70184e-05
-7.39338e-06
-3.95056e-05
-8.0777e-06
-4.19702e-05
-8.77474e-06
-4.44099e-05
-9.4827e-06
-4.68226e-05
-1.01995e-05
-4.92066e-05
-1.09229e-05
-5.15612e-05
-1.16505e-05
-5.38863e-05
-1.23807e-05
-5.61819e-05
-1.31127e-05
-5.84484e-05
-1.38464e-05
-6.06858e-05
-1.45819e-05
-6.2895e-05
-1.53178e-05
-1.60505e-05
-8.64479e-06
1.88646e-06
-1.11612e-05
9.5993e-07
-1.3711e-05
3.95925e-07
-1.62695e-05
-7.79703e-08
-1.88314e-05
-5.78074e-07
-2.13933e-05
-1.11133e-06
-2.39522e-05
-1.67735e-06
-2.65048e-05
-2.27191e-06
-2.90476e-05
-2.89367e-06
-3.15776e-05
-3.5404e-06
-3.40921e-05
-4.20908e-06
-3.65886e-05
-4.89687e-06
-3.90648e-05
-5.60155e-06
-4.15182e-05
-6.32129e-06
-4.39466e-05
-7.05434e-06
-4.63476e-05
-7.79846e-06
-4.87196e-05
-8.55089e-06
-5.10615e-05
-9.30868e-06
-5.33728e-05
-1.00695e-05
-5.56536e-05
-1.08319e-05
-5.7904e-05
-1.15959e-05
-6.01244e-05
-1.23616e-05
-6.23156e-05
-1.31266e-05
-1.38857e-05
-8.35455e-06
4.19561e-06
-1.08e-05
3.40538e-06
-1.33001e-05
2.89599e-06
-1.5823e-05
2.44496e-06
-1.83575e-05
1.95642e-06
-2.08963e-05
1.42751e-06
-2.34345e-05
8.60857e-07
-2.59675e-05
2.61021e-07
-2.8491e-05
-3.70084e-07
-3.10019e-05
-1.02957e-06
-3.34971e-05
-1.71388e-06
-3.59741e-05
-2.41983e-06
-3.84307e-05
-3.14497e-06
-4.08645e-05
-3.88746e-06
-4.32733e-05
-4.64556e-06
-4.56547e-05
-5.41702e-06
-4.80068e-05
-6.19882e-06
-5.0328e-05
-6.98745e-06
-5.26177e-05
-7.77981e-06
-5.48756e-05
-8.57403e-06
-5.71017e-05
-9.36975e-06
-5.92963e-05
-1.0167e-05
-6.14603e-05
-1.09626e-05
-1.17485e-05
-7.96614e-06
6.43347e-06
-1.03434e-05
5.78267e-06
-1.27885e-05
5.34106e-06
-1.52673e-05
4.92378e-06
-1.77648e-05
4.45386e-06
-2.02708e-05
3.93352e-06
-2.27787e-05
3.36877e-06
-2.52827e-05
2.76499e-06
-2.77779e-05
2.12517e-06
-3.02607e-05
1.45318e-06
-3.27278e-05
7.53281e-07
-3.51768e-05
2.9156e-08
-3.76053e-05
-7.16453e-07
-4.00112e-05
-1.4816e-06
-4.23922e-05
-2.26459e-06
-4.47459e-05
-3.06327e-06
-4.70702e-05
-3.87452e-06
-4.93632e-05
-4.69448e-06
-5.16236e-05
-5.51941e-06
-5.38508e-05
-6.3468e-06
-5.60446e-05
-7.17595e-06
-5.82047e-05
-8.00695e-06
-6.03309e-05
-8.83649e-06
-9.64656e-06
-7.47739e-06
8.59498e-06
-9.78637e-06
8.09165e-06
-1.21723e-05
7.72702e-06
-1.46003e-05
7.35175e-06
-1.70526e-05
6.90615e-06
-1.95172e-05
6.3981e-06
-2.19859e-05
5.83751e-06
-2.4452e-05
5.23111e-06
-2.69102e-05
4.58332e-06
-2.93562e-05
3.8992e-06
-3.17868e-05
3.18388e-06
-3.41993e-05
2.44164e-06
-3.65913e-05
1.67562e-06
-3.89609e-05
8.87947e-07
-4.13058e-05
8.02975e-08
-4.36237e-05
-7.45319e-07
-4.59123e-05
-1.58592e-06
-4.81693e-05
-2.43752e-06
-5.03928e-05
-3.29592e-06
-5.25816e-05
-4.15797e-06
-5.4735e-05
-5.02253e-06
-5.68522e-05
-5.88977e-06
-5.89317e-05
-6.75696e-06
-7.58631e-06
-6.88695e-06
1.06736e-05
-9.12532e-06
1.033e-05
-1.14487e-05
1.00504e-05
-1.38204e-05
9.72349e-06
-1.62208e-05
9.30649e-06
-1.86363e-05
8.81359e-06
-2.10577e-05
8.25893e-06
-2.34776e-05
7.65104e-06
-2.58903e-05
6.99597e-06
-2.82912e-05
6.30013e-06
-3.06769e-05
5.56958e-06
-3.30446e-05
4.80932e-06
-3.53919e-05
4.02296e-06
-3.77168e-05
3.21288e-06
-4.00173e-05
2.3808e-06
-4.22912e-05
1.52852e-06
-4.45359e-05
6.58778e-07
-4.67488e-05
-2.24595e-07
-4.89275e-05
-1.11717e-06
-5.10703e-05
-2.01522e-06
-5.31758e-05
-2.91706e-06
-5.5243e-05
-3.82258e-06
-5.72716e-05
-4.72831e-06
-5.57775e-06
-6.19334e-06
1.26611e-05
-8.35749e-06
1.24942e-05
-1.06155e-05
1.23084e-05
-1.29268e-05
1.20348e-05
-1.52696e-05
1.16493e-05
-1.76293e-05
1.11733e-05
-1.99961e-05
1.06257e-05
-2.23621e-05
1.0017e-05
-2.47213e-05
9.35518e-06
-2.70691e-05
8.64791e-06
-2.94018e-05
7.9023e-06
-3.17166e-05
7.1241e-06
-3.40111e-05
6.31744e-06
-3.62832e-05
5.48503e-06
-3.85311e-05
4.62866e-06
-4.07525e-05
3.74999e-06
-4.29451e-05
2.85137e-06
-4.5106e-05
1.93631e-06
-4.72324e-05
1.00925e-06
-4.9322e-05
7.43369e-08
-5.1373e-05
-8.66051e-07
-5.33845e-05
-1.81111e-06
-5.53569e-05
-2.75594e-06
-3.63258e-06
-5.39474e-06
1.45476e-05
-7.48038e-06
1.45798e-05
-9.67095e-06
1.44989e-05
-1.19189e-05
1.42828e-05
-1.41999e-05
1.39303e-05
-1.64983e-05
1.34717e-05
-1.88038e-05
1.29312e-05
-2.11087e-05
1.23219e-05
-2.3407e-05
1.16535e-05
-2.5694e-05
1.09349e-05
-2.79659e-05
1.01743e-05
-3.022e-05
9.37815e-06
-3.24537e-05
8.55118e-06
-3.46652e-05
7.69646e-06
-3.68524e-05
6.81592e-06
-3.90135e-05
5.91108e-06
-4.11461e-05
4.98395e-06
-4.32473e-05
4.03757e-06
-4.53142e-05
3.0761e-06
-4.73438e-05
2.10392e-06
-4.93339e-05
1.12403e-06
-5.1283e-05
1.38011e-07
-5.31906e-05
-8.48336e-07
-1.75817e-06
-4.48904e-06
1.63216e-05
-6.49161e-06
1.65824e-05
-8.61344e-06
1.66207e-05
-1.07965e-05
1.64658e-05
-1.30127e-05
1.61465e-05
-1.52454e-05
1.57044e-05
-1.74841e-05
1.517e-05
-1.97216e-05
1.45594e-05
-2.1952e-05
1.38839e-05
-2.41709e-05
1.31538e-05
-2.63747e-05
1.2378e-05
-2.85604e-05
1.15639e-05
-3.07258e-05
1.07166e-05
-3.28689e-05
9.83953e-06
-3.49878e-05
8.93489e-06
-3.70809e-05
8.00414e-06
-3.91458e-05
7.0489e-06
-4.118e-05
6.07171e-06
-4.31801e-05
5.07623e-06
-4.51429e-05
4.06669e-06
-4.70653e-05
3.04643e-06
-4.89449e-05
2.01762e-06
-5.078e-05
9.86774e-07
3.96705e-08
-3.47395e-06
1.797e-05
-5.3887e-06
1.84971e-05
-7.4412e-06
1.86733e-05
-9.55941e-06
1.8584e-05
-1.17097e-05
1.82968e-05
-1.38736e-05
1.78683e-05
-1.60412e-05
1.73375e-05
-1.82055e-05
1.67238e-05
-2.03617e-05
1.60401e-05
-2.25057e-05
1.52977e-05
-2.46341e-05
1.45065e-05
-2.67443e-05
1.36741e-05
-2.88339e-05
1.28063e-05
-3.09013e-05
1.19069e-05
-3.29446e-05
1.09782e-05
-3.49622e-05
1.00217e-05
-3.69521e-05
9.03882e-06
-3.89118e-05
8.03138e-06
-4.0838e-05
7.00242e-06
-4.2727e-05
5.9557e-06
-4.45751e-05
4.8945e-06
-4.63787e-05
3.82129e-06
-4.81351e-05
2.74309e-06
1.75434e-06
-2.34722e-06
1.94779e-05
-4.16911e-06
2.0319e-05
-6.15257e-06
2.06567e-05
-8.20781e-06
2.06393e-05
-1.02927e-05
2.03817e-05
-1.23866e-05
1.99622e-05
-1.44796e-05
1.94305e-05
-1.65662e-05
1.88103e-05
-1.86424e-05
1.81163e-05
-2.07051e-05
1.73604e-05
-2.27514e-05
1.65527e-05
-2.47789e-05
1.57016e-05
-2.67858e-05
1.48131e-05
-2.87702e-05
1.38913e-05
-3.07307e-05
1.29387e-05
-3.26658e-05
1.19568e-05
-3.45735e-05
1.09465e-05
-3.64515e-05
9.90939e-06
-3.82966e-05
8.84758e-06
-4.0105e-05
7.76409e-06
-4.18723e-05
6.66177e-06
-4.3594e-05
5.54299e-06
-4.52657e-05
4.41484e-06
3.37956e-06
-1.10717e-06
2.08285e-05
-2.83074e-06
2.20426e-05
-4.74629e-06
2.25723e-05
-6.7421e-06
2.26351e-05
-8.76412e-06
2.24037e-05
-1.07884e-05
2.19865e-05
-1.2805e-05
2.14471e-05
-1.48101e-05
2.08154e-05
-1.68014e-05
2.01076e-05
-1.87769e-05
1.93359e-05
-2.07346e-05
1.85105e-05
-2.26728e-05
1.76398e-05
-2.45899e-05
1.67302e-05
-2.64845e-05
1.57859e-05
-2.83552e-05
1.48094e-05
-3.02006e-05
1.38022e-05
-3.20192e-05
1.27651e-05
-3.38086e-05
1.16988e-05
-3.55658e-05
1.06048e-05
-3.72868e-05
9.48515e-06
-3.8967e-05
8.34192e-06
-4.06009e-05
7.17691e-06
-4.21827e-05
5.99663e-06
4.90957e-06
2.47147e-07
2.20045e-05
-1.37271e-06
2.36625e-05
-3.22218e-06
2.44217e-05
-5.16341e-06
2.45763e-05
-7.12685e-06
2.43671e-05
-9.08366e-06
2.39433e-05
-1.10235e-05
2.33869e-05
-1.29446e-05
2.27365e-05
-1.48468e-05
2.20098e-05
-1.67298e-05
2.12189e-05
-1.85929e-05
2.03736e-05
-2.04352e-05
1.94821e-05
-2.22558e-05
1.85508e-05
-2.40536e-05
1.75837e-05
-2.58276e-05
1.65834e-05
-2.75767e-05
1.55513e-05
-2.92993e-05
1.44877e-05
-3.09934e-05
1.33929e-05
-3.26561e-05
1.22675e-05
-3.42834e-05
1.11124e-05
-3.58703e-05
9.92883e-06
-3.74108e-05
8.71745e-06
-3.88976e-05
7.48341e-06
6.33906e-06
1.71323e-06
2.29861e-05
2.02625e-07
2.51731e-05
-1.58263e-06
2.6207e-05
-3.4744e-06
2.64681e-05
-5.38487e-06
2.62776e-05
-7.27787e-06
2.58363e-05
-9.14218e-06
2.52512e-05
-1.09779e-05
2.45722e-05
-1.27877e-05
2.38196e-05
-1.45736e-05
2.30047e-05
-1.63365e-05
2.21365e-05
-1.80767e-05
2.12224e-05
-1.97941e-05
2.02682e-05
-2.14884e-05
1.9278e-05
-2.31589e-05
1.8254e-05
-2.48048e-05
1.71972e-05
-2.64248e-05
1.61077e-05
-2.80172e-05
1.49852e-05
-2.9579e-05
1.38293e-05
-3.11064e-05
1.26399e-05
-3.25943e-05
1.14167e-05
-3.40361e-05
1.01592e-05
-3.5423e-05
8.87035e-06
7.6631e-06
3.28729e-06
2.37509e-05
1.88753e-06
2.65728e-05
1.66076e-07
2.79284e-05
-1.68069e-06
2.83148e-05
-3.54384e-06
2.81408e-05
-5.37763e-06
2.76701e-05
-7.16891e-06
2.70425e-05
-8.91924e-06
2.63226e-05
-1.06343e-05
2.55347e-05
-1.2319e-05
2.46894e-05
-1.39766e-05
2.3794e-05
-1.56088e-05
2.28546e-05
-1.72168e-05
2.18761e-05
-1.88008e-05
2.0862e-05
-2.0361e-05
1.98142e-05
-2.1897e-05
1.87332e-05
-2.34078e-05
1.76186e-05
-2.4892e-05
1.64694e-05
-2.63469e-05
1.52842e-05
-2.77686e-05
1.40616e-05
-2.9152e-05
1.28001e-05
-3.04901e-05
1.14973e-05
-3.17726e-05
1.01529e-05
8.87701e-06
4.95579e-06
2.42774e-05
3.66561e-06
2.7863e-05
2.00794e-06
2.95861e-05
2.07465e-07
3.01153e-05
-1.61212e-06
2.99603e-05
-3.39123e-06
2.94492e-05
-5.11259e-06
2.87639e-05
-6.77841e-06
2.79884e-05
-8.39745e-06
2.71537e-05
-9.97793e-06
2.62699e-05
-1.15257e-05
2.53418e-05
-1.30446e-05
2.43735e-05
-1.45369e-05
2.33685e-05
-1.60042e-05
2.23293e-05
-1.74474e-05
2.12573e-05
-1.88667e-05
2.01524e-05
-2.02616e-05
1.90135e-05
-2.16311e-05
1.78389e-05
-2.2973e-05
1.6626e-05
-2.42835e-05
1.53721e-05
-2.55574e-05
1.4074e-05
-2.67871e-05
1.27271e-05
-2.79611e-05
1.13269e-05
9.97621e-06
6.69341e-06
2.45505e-05
5.50797e-06
2.90484e-05
3.92139e-06
3.11727e-05
2.17217e-06
3.18645e-05
3.97555e-07
3.1735e-05
-1.32929e-06
3.11761e-05
-2.98348e-06
3.04181e-05
-4.56629e-06
2.95712e-05
-6.0889e-06
2.86763e-05
-7.56289e-06
2.77439e-05
-8.99717e-06
2.67761e-05
-1.03979e-05
2.57742e-05
-1.17691e-05
2.47397e-05
-1.31136e-05
2.36738e-05
-1.44331e-05
2.25769e-05
-1.57289e-05
2.14482e-05
-1.70011e-05
2.02858e-05
-1.82494e-05
1.90871e-05
-1.94719e-05
1.78486e-05
-2.06655e-05
1.65657e-05
-2.1825e-05
1.52334e-05
-2.29423e-05
1.38444e-05
-2.4004e-05
1.23885e-05
1.09561e-05
8.46104e-06
2.45744e-05
7.36857e-06
3.01409e-05
5.86785e-06
3.26734e-05
4.18584e-06
3.35465e-05
2.46568e-06
3.34551e-05
7.9391e-07
3.28478e-05
-7.93806e-07
3.20058e-05
-2.29483e-06
3.10722e-05
-3.7212e-06
3.01027e-05
-5.08735e-06
2.91101e-05
-6.40539e-06
2.80941e-05
-7.68401e-06
2.70528e-05
-8.92925e-06
2.59849e-05
-1.01453e-05
2.48899e-05
-1.13352e-05
2.37668e-05
-1.25009e-05
2.26138e-05
-1.36436e-05
2.14286e-05
-1.47637e-05
2.02072e-05
-1.58603e-05
1.89451e-05
-1.69309e-05
1.76363e-05
-1.79708e-05
1.62733e-05
-1.89718e-05
1.48454e-05
-1.99182e-05
1.33348e-05
1.1812e-05
1.0198e-05
2.44325e-05
9.18297e-06
3.11559e-05
7.79309e-06
3.40633e-05
6.20603e-06
3.51336e-05
4.56293e-06
3.50982e-05
2.95868e-06
3.44521e-05
1.4415e-06
3.3523e-05
2.2515e-08
3.24912e-05
-1.30761e-06
3.14328e-05
-2.56534e-06
3.03678e-05
-3.76546e-06
2.92942e-05
-4.91925e-06
2.82066e-05
-6.03484e-06
2.71005e-05
-7.118e-06
2.59731e-05
-8.1729e-06
2.48217e-05
-9.2026e-06
2.36435e-05
-1.02093e-05
2.24352e-05
-1.11942e-05
2.11921e-05
-1.21575e-05
1.99085e-05
-1.30981e-05
1.85768e-05
-1.40124e-05
1.71877e-05
-1.48931e-05
1.57262e-05
-1.5722e-05
1.41637e-05
1.25386e-05
1.18129e-05
2.45518e-05
1.08762e-05
3.20925e-05
9.62522e-06
3.53143e-05
8.17528e-06
3.65835e-05
6.64816e-06
3.66253e-05
5.13761e-06
3.59627e-05
3.70384e-06
3.49567e-05
2.37152e-06
3.38235e-05
1.13806e-06
3.26663e-05
-1.12739e-08
3.15171e-05
-1.09293e-06
3.03759e-05
-2.12063e-06
2.92343e-05
-3.10453e-06
2.80844e-05
-4.05199e-06
2.69205e-05
-4.96837e-06
2.5738e-05
-5.85767e-06
2.45329e-05
-6.7229e-06
2.33004e-05
-7.56621e-06
2.20354e-05
-8.38882e-06
2.07311e-05
-9.19088e-06
1.93789e-05
-9.97129e-06
1.79681e-05
-1.07259e-05
1.64808e-05
-1.14366e-05
1.48744e-05
1.31302e-05
1.35589e-05
2.5946e-05
1.2522e-05
3.31294e-05
1.13089e-05
3.65275e-05
1.00313e-05
3.78611e-05
8.6735e-06
3.79831e-05
7.29666e-06
3.73395e-05
5.96989e-06
3.62835e-05
4.73472e-06
3.50587e-05
3.60139e-06
3.37996e-05
2.56068e-06
3.25578e-05
1.59675e-06
3.13398e-05
6.94569e-07
3.01365e-05
-1.57838e-07
2.89368e-05
-9.69386e-07
2.77321e-05
-1.74661e-06
2.65153e-05
-2.49432e-06
2.52806e-05
-3.21607e-06
2.40222e-05
-3.9144e-06
2.27338e-05
-4.59097e-06
2.14077e-05
-5.24643e-06
2.00344e-05
-5.88088e-06
1.86025e-05
-6.4956e-06
1.70955e-05
-7.08417e-06
1.5463e-05
1.35853e-05
4.53925e-07
-4.53925e-07
1.40694e-06
-9.53015e-07
2.64728e-06
-1.24034e-06
4.10284e-06
-1.45556e-06
5.40129e-06
-1.29845e-06
-1.3297e-06
6.73099e-06
6.81065e-07
-1.13499e-06
1.65596e-06
-1.92791e-06
2.83915e-06
-2.42352e-06
4.08443e-06
-2.70084e-06
5.15294e-06
-2.36695e-06
-1.93971e-06
5.76295e-06
7.4606e-07
-1.88105e-06
1.65421e-06
-2.83607e-06
2.72408e-06
-3.4934e-06
3.79219e-06
-3.76896e-06
4.66073e-06
-3.23549e-06
-2.20137e-06
4.92239e-06
7.36664e-07
-2.61771e-06
1.55778e-06
-3.65718e-06
2.50643e-06
-4.44204e-06
3.44894e-06
-4.71147e-06
4.2567e-06
-4.04325e-06
-2.54575e-06
4.60108e-06
6.75555e-07
-3.29327e-06
1.39964e-06
-4.38127e-06
2.22906e-06
-5.27147e-06
3.07063e-06
-5.55304e-06
3.87518e-06
-4.8478e-06
-3.16392e-06
4.49335e-06
5.80815e-07
-3.87408e-06
1.19974e-06
-5.00019e-06
1.91111e-06
-5.98284e-06
2.66403e-06
-6.30596e-06
3.46318e-06
-5.64695e-06
-3.94879e-06
4.24805e-06
4.66107e-07
-4.34019e-06
9.73146e-07
-5.50723e-06
1.56516e-06
-6.57486e-06
2.22922e-06
-6.97002e-06
3.00239e-06
-6.42011e-06
-4.81574e-06
3.86934e-06
3.40483e-07
-4.68067e-06
7.30754e-07
-5.8975e-06
1.20054e-06
-7.04464e-06
1.76842e-06
-7.53791e-06
2.49197e-06
-7.14366e-06
-5.71739e-06
3.39361e-06
2.09999e-07
-4.89067e-06
4.8063e-07
-6.16813e-06
8.24377e-07
-7.38839e-06
1.28557e-06
-7.9991e-06
1.93571e-06
-7.7938e-06
-6.60717e-06
2.8255e-06
7.90481e-08
-4.96972e-06
2.29229e-07
-6.31831e-06
4.43066e-07
-7.60222e-06
7.8555e-07
-8.34158e-06
1.3386e-06
-8.34685e-06
-7.43831e-06
2.16973e-06
-4.84383e-08
-4.92128e-06
-1.78041e-08
-6.34895e-06
6.28145e-08
-7.68284e-06
2.74775e-07
-8.55354e-06
7.08568e-07
-8.78064e-06
-8.16968e-06
1.43994e-06
-1.67671e-07
-4.75361e-06
-2.55229e-07
-6.26139e-06
-3.09641e-07
-7.62843e-06
-2.3856e-07
-8.62463e-06
5.65088e-08
-9.07571e-06
-8.76892e-06
6.55747e-07
-2.76838e-07
-4.47677e-06
-4.77748e-07
-6.06048e-06
-6.67466e-07
-7.43871e-06
-7.44341e-07
-8.54775e-06
-6.04143e-07
-9.21591e-06
-9.2118e-06
-1.61263e-07
-3.72494e-07
-4.10428e-06
-6.79958e-07
-5.75302e-06
-1.00281e-06
-7.11586e-06
-1.23314e-06
-8.31741e-06
-1.25744e-06
-9.19161e-06
-9.48197e-06
-9.87274e-07
-4.5161e-07
-3.65267e-06
-8.56552e-07
-5.34807e-06
-1.30756e-06
-6.66486e-06
-1.69461e-06
-7.93036e-06
-1.88646e-06
-8.99975e-06
-9.56852e-06
-1.79992e-06
-5.11341e-07
-3.14133e-06
-1.00259e-06
-4.85682e-06
-1.57244e-06
-6.09501e-06
-2.1153e-06
-7.38749e-06
-2.47695e-06
-8.6381e-06
-9.46836e-06
-2.57711e-06
-5.4899e-07
-2.59234e-06
-1.11324e-06
-4.29257e-06
-1.78865e-06
-5.41961e-06
-2.48067e-06
-6.69547e-06
-3.01734e-06
-8.10144e-06
-9.18848e-06
-3.29722e-06
-5.62013e-07
-2.03033e-06
-1.18393e-06
-3.67066e-06
-1.94775e-06
-4.65578e-06
-2.77646e-06
-5.86676e-06
-3.49199e-06
-7.38591e-06
-8.73681e-06
-3.94366e-06
-5.48097e-07
-1.48223e-06
-1.21035e-06
-3.0084e-06
-2.0409e-06
-3.82523e-06
-2.98693e-06
-4.92074e-06
-3.87855e-06
-6.49429e-06
-8.10333e-06
-4.51202e-06
-5.05244e-07
-9.76985e-07
-1.18828e-06
-2.32537e-06
-2.0572e-06
-2.9563e-06
-3.09581e-06
-3.88213e-06
-4.1617e-06
-5.4284e-06
-7.26524e-06
-4.99979e-06
-4.32073e-07
-5.44912e-07
-1.11346e-06
-1.64399e-06
-1.98449e-06
-2.08527e-06
-3.07984e-06
-2.78677e-06
-4.314e-06
-4.19424e-06
-6.18591e-06
-5.39334e-06
-3.28974e-07
-2.15938e-07
-9.80706e-07
-9.92253e-07
-1.80631e-06
-1.25967e-06
-2.9002e-06
-1.69289e-06
-4.29871e-06
-2.79573e-06
-4.82183e-06
-5.66278e-06
-1.9441e-07
-2.15281e-08
-7.7601e-07
-4.10653e-07
-1.49197e-06
-5.43702e-07
-2.47551e-06
-7.09351e-07
-4.00488e-06
-1.26637e-06
-3.04336e-06
-5.78335e-06
-2.15281e-08
-4.32181e-07
-9.75884e-07
-1.68523e-06
-2.9516e-06
-5.99496e-06
1.34952e-05
1.91818e-05
1.34792e-05
3.31454e-05
1.26714e-05
3.73353e-05
1.17052e-05
3.88274e-05
1.05924e-05
3.90959e-05
9.40035e-06
3.85315e-05
8.21417e-06
3.74697e-05
7.09409e-06
3.61788e-05
6.06773e-06
3.4826e-05
5.1366e-06
3.3489e-05
4.28894e-06
3.21875e-05
3.50987e-06
3.09155e-05
2.78613e-06
2.96606e-05
2.1073e-06
2.84109e-05
1.46557e-06
2.7157e-05
8.55232e-07
2.58909e-05
2.72261e-07
2.46052e-05
-2.85907e-07
2.32919e-05
-8.20485e-07
2.19422e-05
-1.33092e-06
2.05448e-05
-1.81334e-06
1.9085e-05
-2.25908e-06
1.75412e-05
-2.66931e-06
1.58732e-05
1.397e-05
1.1349e-05
1.35957e-05
1.34849e-05
3.10094e-05
1.36527e-05
3.71675e-05
1.31522e-05
3.93278e-05
1.23642e-05
3.98839e-05
1.14156e-05
3.94801e-05
1.04109e-05
3.84744e-05
9.43053e-06
3.71592e-05
8.52259e-06
3.57339e-05
7.70395e-06
3.43076e-05
6.97092e-06
3.29205e-05
6.31111e-06
3.15753e-05
5.71091e-06
3.02608e-05
5.1584e-06
2.89634e-05
4.64409e-06
2.76713e-05
4.16067e-06
2.63743e-05
3.7029e-06
2.50629e-05
3.26756e-06
2.37273e-05
2.85367e-06
2.23561e-05
2.46329e-06
2.09352e-05
2.10537e-06
1.94429e-05
1.80302e-06
1.78436e-05
1.57722e-06
1.6099e-05
1.42825e-05
9.56438e-06
8.95376e-06
1.31482e-05
2.74256e-05
1.43204e-05
3.59953e-05
1.43823e-05
3.92659e-05
1.39838e-05
4.02824e-05
1.33274e-05
4.01365e-05
1.25414e-05
3.92604e-05
1.17271e-05
3.79734e-05
1.09525e-05
3.65085e-05
1.02518e-05
3.50083e-05
9.63272e-06
3.35396e-05
9.08827e-06
3.21198e-05
8.60586e-06
3.07432e-05
8.17263e-06
2.93966e-05
7.77736e-06
2.80666e-05
7.4109e-06
2.67408e-05
7.06641e-06
2.54074e-05
6.73974e-06
2.4054e-05
6.43036e-06
2.26655e-05
6.14273e-06
2.12228e-05
5.88605e-06
1.96996e-05
5.66753e-06
1.80621e-05
5.48593e-06
1.62806e-05
1.43403e-05
8.2381e-06
5.31674e-06
1.2652e-05
2.30117e-05
1.47342e-05
3.39131e-05
1.54133e-05
3.85868e-05
1.54397e-05
4.02561e-05
1.51132e-05
4.0463e-05
1.4583e-05
3.97906e-05
1.39646e-05
3.85917e-05
1.33428e-05
3.71303e-05
1.27695e-05
3.55817e-05
1.22667e-05
3.40424e-05
1.18356e-05
3.25509e-05
1.14672e-05
3.11116e-05
1.11493e-05
2.97145e-05
1.08701e-05
2.83457e-05
1.06202e-05
2.69907e-05
1.03929e-05
2.56347e-05
1.01852e-05
2.42617e-05
9.99808e-06
2.28526e-05
9.83649e-06
2.13844e-05
9.70765e-06
1.98284e-05
9.61833e-06
1.81514e-05
9.57897e-06
1.632e-05
1.42982e-05
7.23478e-06
2.57531e-06
1.19437e-05
1.83027e-05
1.4873e-05
3.09838e-05
1.62262e-05
3.72336e-05
1.6719e-05
3.97633e-05
1.67564e-05
4.04256e-05
1.65153e-05
4.00317e-05
1.61227e-05
3.89844e-05
1.56769e-05
3.75761e-05
1.52455e-05
3.60131e-05
1.48654e-05
3.44225e-05
1.4549e-05
3.28673e-05
1.42936e-05
3.1367e-05
1.40897e-05
2.99185e-05
1.39267e-05
2.85087e-05
1.3796e-05
2.71214e-05
1.3692e-05
2.57387e-05
1.36126e-05
2.4341e-05
1.35589e-05
2.29063e-05
1.35341e-05
2.14092e-05
1.35416e-05
1.9821e-05
1.35847e-05
1.81083e-05
1.36708e-05
1.62339e-05
1.41514e-05
6.47601e-06
3.47356e-07
1.10364e-05
1.37423e-05
1.47082e-05
2.7312e-05
1.67806e-05
3.51612e-05
1.77936e-05
3.87504e-05
1.82274e-05
3.99917e-05
1.83089e-05
3.99503e-05
1.81748e-05
3.91184e-05
1.79333e-05
3.78176e-05
1.76642e-05
3.62821e-05
1.74191e-05
3.46676e-05
1.72234e-05
3.3063e-05
1.70832e-05
3.15072e-05
1.69943e-05
3.00074e-05
1.69488e-05
2.85542e-05
1.69397e-05
2.71305e-05
1.69623e-05
2.57161e-05
1.70147e-05
2.42886e-05
1.70967e-05
2.28243e-05
1.72083e-05
2.12976e-05
1.73492e-05
1.96801e-05
1.75197e-05
1.79378e-05
1.77244e-05
1.60292e-05
1.38978e-05
5.84232e-06
-1.62562e-06
1.00129e-05
9.57179e-06
1.42292e-05
2.30957e-05
1.70255e-05
3.23649e-05
1.86177e-05
3.71582e-05
1.94892e-05
3.91202e-05
1.9929e-05
3.95105e-05
2.00892e-05
3.89581e-05
2.00845e-05
3.78223e-05
2.00044e-05
3.63622e-05
1.99132e-05
3.47589e-05
1.98496e-05
3.31266e-05
1.9831e-05
3.15258e-05
1.98605e-05
2.99778e-05
1.99347e-05
2.848e-05
2.00487e-05
2.70165e-05
2.01987e-05
2.55661e-05
2.03824e-05
2.41049e-05
2.05975e-05
2.26092e-05
2.0841e-05
2.10541e-05
2.11096e-05
1.94115e-05
2.14013e-05
1.76461e-05
2.1719e-05
1.57114e-05
1.35405e-05
5.2449e-06
-3.47691e-06
8.94171e-06
5.87498e-06
1.34274e-05
1.861e-05
1.69042e-05
2.88882e-05
1.91313e-05
3.49311e-05
2.04955e-05
3.7756e-05
2.13332e-05
3.86728e-05
2.1826e-05
3.84653e-05
2.20953e-05
3.7553e-05
2.22371e-05
3.62205e-05
2.23256e-05
3.46704e-05
2.24123e-05
3.30399e-05
2.25268e-05
3.14113e-05
2.26815e-05
2.98231e-05
2.28788e-05
2.82826e-05
2.31171e-05
2.67783e-05
2.33936e-05
2.52896e-05
2.37054e-05
2.37931e-05
2.40488e-05
2.22658e-05
2.44184e-05
2.06845e-05
2.48084e-05
1.90215e-05
2.52148e-05
1.72397e-05
2.56391e-05
1.52871e-05
1.30854e-05
4.59386e-06
-5.24528e-06
7.83858e-06
2.63026e-06
1.23226e-05
1.4126e-05
1.63707e-05
2.484e-05
1.92644e-05
3.20374e-05
2.11848e-05
3.58356e-05
2.2469e-05
3.73886e-05
2.33364e-05
3.75979e-05
2.39209e-05
3.69685e-05
2.43231e-05
3.58183e-05
2.46246e-05
3.43689e-05
2.48875e-05
3.27769e-05
2.51532e-05
3.11456e-05
2.54445e-05
2.95319e-05
2.57712e-05
2.79559e-05
2.61359e-05
2.64136e-05
2.65377e-05
2.48878e-05
2.69739e-05
2.33569e-05
2.744e-05
2.17997e-05
2.79293e-05
2.01952e-05
2.84341e-05
1.85167e-05
2.89485e-05
1.67254e-05
2.94721e-05
1.47634e-05
1.25405e-05
3.83945e-06
-6.915e-06
6.70355e-06
-2.33834e-07
1.09701e-05
9.85946e-06
1.54017e-05
2.04083e-05
1.89448e-05
2.84944e-05
2.1479e-05
3.33014e-05
2.327e-05
3.55976e-05
2.45628e-05
3.63051e-05
2.55098e-05
3.60214e-05
2.62142e-05
3.51139e-05
2.67674e-05
3.38157e-05
2.724e-05
3.23043e-05
2.76828e-05
3.07028e-05
2.81288e-05
2.90859e-05
2.85962e-05
2.74886e-05
2.90928e-05
2.5917e-05
2.96207e-05
2.43599e-05
3.01786e-05
2.27991e-05
3.07624e-05
2.12159e-05
3.13653e-05
1.95922e-05
3.19784e-05
1.79036e-05
3.25938e-05
1.611e-05
3.3209e-05
1.41482e-05
1.19148e-05
2.9748e-06
-8.44986e-06
5.52206e-06
-2.78109e-06
9.44065e-06
5.94087e-06
1.40045e-05
1.58445e-05
1.81113e-05
2.43877e-05
2.12909e-05
3.01217e-05
2.36526e-05
3.32359e-05
2.54242e-05
3.45335e-05
2.67897e-05
3.4656e-05
2.78645e-05
3.40391e-05
2.87064e-05
3.29738e-05
2.94256e-05
3.15851e-05
3.00781e-05
3.00503e-05
3.07043e-05
2.84597e-05
3.13302e-05
2.68626e-05
3.197e-05
2.52772e-05
3.26296e-05
2.37003e-05
3.33099e-05
2.21188e-05
3.40084e-05
2.05174e-05
3.47201e-05
1.88806e-05
3.54355e-05
1.71881e-05
3.61451e-05
1.54004e-05
3.68437e-05
1.34497e-05
1.12185e-05
2.01479e-06
-9.8089e-06
4.27583e-06
-5.04213e-06
7.79253e-06
2.42417e-06
1.22403e-05
1.13967e-05
1.6735e-05
1.9893e-05
2.05391e-05
2.63177e-05
2.35221e-05
3.0253e-05
2.58385e-05
3.22171e-05
2.76617e-05
3.28327e-05
2.91572e-05
3.25437e-05
3.03949e-05
3.1736e-05
3.13992e-05
3.05808e-05
3.22958e-05
2.91537e-05
3.31325e-05
2.7623e-05
3.39415e-05
2.60536e-05
3.47426e-05
2.44761e-05
3.55458e-05
2.28971e-05
3.6355e-05
2.13096e-05
3.71703e-05
1.97022e-05
3.79885e-05
1.80624e-05
3.88025e-05
1.63741e-05
3.96008e-05
1.46022e-05
4.03751e-05
1.26753e-05
1.04613e-05
9.85473e-07
-1.09556e-05
2.96265e-06
-7.01931e-06
6.06604e-06
-6.79225e-07
1.02195e-05
7.24322e-06
1.48457e-05
1.52668e-05
1.91654e-05
2.19979e-05
2.27851e-05
2.66333e-05
2.57065e-05
2.92956e-05
2.80647e-05
3.04745e-05
3.00003e-05
3.06081e-05
3.16716e-05
3.00647e-05
3.30834e-05
2.9169e-05
3.42719e-05
2.79652e-05
3.53581e-05
2.65368e-05
3.6383e-05
2.50287e-05
3.73721e-05
2.34869e-05
3.834e-05
2.19292e-05
3.92935e-05
2.03561e-05
4.0235e-05
1.87606e-05
4.11642e-05
1.71332e-05
4.20769e-05
1.54614e-05
4.29618e-05
1.37172e-05
4.38069e-05
1.18303e-05
9.65262e-06
-8.39501e-08
-1.1859e-05
1.60257e-06
-8.70583e-06
4.29845e-06
-3.3751e-06
8.05812e-06
3.48355e-06
1.25556e-05
1.07693e-05
1.71722e-05
1.73814e-05
2.13615e-05
2.24441e-05
2.492e-05
2.5737e-05
2.78834e-05
2.75112e-05
3.03545e-05
2.81369e-05
3.24506e-05
2.79686e-05
3.42917e-05
2.73279e-05
3.58926e-05
2.63643e-05
3.72929e-05
2.51366e-05
3.85825e-05
2.37391e-05
3.9799e-05
2.22704e-05
4.0964e-05
2.07642e-05
4.20886e-05
1.92315e-05
4.31777e-05
1.76715e-05
4.4233e-05
1.60779e-05
4.52532e-05
1.44412e-05
4.62299e-05
1.27405e-05
4.7147e-05
1.09132e-05
8.79782e-06
-1.14894e-06
-1.25099e-05
2.32334e-07
-1.00871e-05
2.53134e-06
-5.67411e-06
5.84869e-06
1.66199e-07
1.00293e-05
6.5886e-06
1.46684e-05
1.27424e-05
1.92346e-05
1.78778e-05
2.33736e-05
2.15981e-05
2.69678e-05
2.39169e-05
3.00405e-05
2.50642e-05
3.26695e-05
2.53397e-05
3.49666e-05
2.50308e-05
3.70036e-05
2.43273e-05
3.88025e-05
2.33377e-05
4.04279e-05
2.21136e-05
4.19291e-05
2.07692e-05
4.3339e-05
1.93543e-05
4.46761e-05
1.78944e-05
4.59491e-05
1.63985e-05
4.71613e-05
1.48657e-05
4.8313e-05
1.32896e-05
4.93987e-05
1.16548e-05
5.0401e-05
9.91097e-06
7.89204e-06
-2.18686e-06
-1.29002e-05
-1.1074e-06
-1.11666e-05
8.06005e-07
-7.58752e-06
3.66646e-06
-2.69425e-06
7.42475e-06
2.83031e-06
1.18434e-05
8.32371e-06
1.65145e-05
1.32067e-05
2.10496e-05
1.7063e-05
2.5207e-05
1.97595e-05
2.88954e-05
2.13758e-05
3.21245e-05
2.21106e-05
3.49647e-05
2.21906e-05
3.74837e-05
2.18084e-05
3.97427e-05
2.10787e-05
4.17729e-05
2.00834e-05
4.36268e-05
1.89154e-05
4.53437e-05
1.76375e-05
4.69496e-05
1.62885e-05
4.84589e-05
1.48892e-05
4.98774e-05
1.34471e-05
5.12057e-05
1.19614e-05
5.24389e-05
1.04215e-05
5.35587e-05
8.79121e-06
6.91209e-06
-3.16396e-06
-1.30334e-05
-2.37976e-06
-1.19508e-05
-8.38364e-07
-9.12891e-06
1.57215e-06
-5.10476e-06
4.86209e-06
-4.59626e-07
8.89814e-06
4.28765e-06
1.34134e-05
8.69144e-06
1.8076e-05
1.24005e-05
2.26037e-05
1.52317e-05
2.68163e-05
1.71633e-05
3.06367e-05
1.82901e-05
3.40656e-05
1.87617e-05
3.71446e-05
1.87294e-05
3.99188e-05
1.83045e-05
4.2424e-05
1.75782e-05
4.47047e-05
1.66347e-05
4.68015e-05
1.55407e-05
4.87458e-05
1.43442e-05
5.05583e-05
1.30766e-05
5.22495e-05
1.1756e-05
5.38212e-05
1.03896e-05
5.52683e-05
8.97443e-06
5.65693e-05
7.49019e-06
5.80378e-06
-4.05572e-06
-1.29214e-05
-3.55146e-06
-1.2455e-05
-2.36623e-06
-1.03141e-05
-3.88485e-07
-7.08251e-06
2.42133e-06
-3.26944e-06
5.99572e-06
7.13258e-07
1.0168e-05
4.51914e-06
1.46949e-05
7.87356e-06
1.93252e-05
1.06014e-05
2.38503e-05
1.26382e-05
2.81322e-05
1.40082e-05
3.21035e-05
1.47904e-05
3.57508e-05
1.50821e-05
3.90842e-05
1.4971e-05
4.21255e-05
1.45369e-05
4.49066e-05
1.38537e-05
4.74622e-05
1.2985e-05
4.98245e-05
1.19819e-05
5.20185e-05
1.08827e-05
5.40606e-05
9.71389e-06
5.59575e-05
8.49266e-06
5.77069e-05
7.22509e-06
5.92878e-05
5.90923e-06
4.46586e-06
-4.84021e-06
-1.25932e-05
-4.59545e-06
-1.26998e-05
-3.74978e-06
-1.11598e-05
-2.18402e-06
-8.64827e-06
1.55189e-07
-5.60865e-06
3.24133e-06
-2.37288e-06
6.96916e-06
7.91316e-07
1.11707e-05
3.67202e-06
1.5651e-05
6.12114e-06
2.02224e-05
8.06679e-06
2.47315e-05
9.49911e-06
2.9072e-05
1.04499e-05
3.31821e-05
1.0972e-05
3.70309e-05
1.11222e-05
4.06094e-05
1.09584e-05
4.39256e-05
1.05374e-05
4.69982e-05
9.91243e-06
4.98503e-05
9.12983e-06
5.25046e-05
8.22838e-06
5.49799e-05
7.23862e-06
5.72883e-05
6.18425e-06
5.94337e-05
5.07972e-06
6.14071e-05
3.93582e-06
2.75427e-06
-5.49429e-06
-1.20987e-05
-5.4906e-06
-1.27035e-05
-4.9644e-06
-1.1686e-05
-3.78958e-06
-9.82309e-06
-1.90289e-06
-7.49534e-06
6.95793e-07
-4.97156e-06
3.93906e-06
-2.45195e-06
7.70985e-06
-9.87675e-08
1.18619e-05
1.96909e-06
1.62455e-05
3.68321e-06
2.07232e-05
5.02135e-06
2.51829e-05
5.99028e-06
2.9541e-05
6.61384e-06
3.37393e-05
6.92393e-06
3.77408e-05
6.95679e-06
4.15273e-05
6.75095e-06
4.50948e-05
6.34498e-06
4.8449e-05
5.77556e-06
5.16014e-05
5.076e-06
5.4565e-05
4.27506e-06
5.73517e-05
3.39753e-06
5.99686e-05
2.46282e-06
6.24224e-05
1.48197e-06
5.27366e-07
-6.00829e-06
-1.14837e-05
-6.22408e-06
-1.24877e-05
-5.9931e-06
-1.1917e-05
-5.18425e-06
-1.06319e-05
-3.72373e-06
-8.95586e-06
-1.5985e-06
-7.0968e-06
1.15104e-06
-5.20149e-06
4.44288e-06
-3.39061e-06
8.16654e-06
-1.75456e-06
1.22031e-05
-3.53342e-07
1.64397e-05
7.84787e-07
2.07765e-05
1.65341e-06
2.51303e-05
2.2601e-06
2.94344e-05
2.61977e-06
3.3639e-05
2.75221e-06
3.77094e-05
2.68059e-06
4.16244e-05
2.42999e-06
4.53736e-05
2.02628e-06
4.89547e-05
1.49493e-06
5.237e-05
8.59811e-07
5.56253e-05
1.42208e-07
5.87249e-05
-6.36834e-07
6.16803e-05
-1.47337e-06
-2.27956e-06
-6.37018e-06
-1.07763e-05
-6.78903e-06
-1.20688e-05
-6.82291e-06
-1.18831e-05
-6.34781e-06
-1.1107e-05
-5.28276e-06
-1.00209e-05
-3.60425e-06
-8.77531e-06
-1.33579e-06
-7.46994e-06
1.46103e-06
-6.18743e-06
4.70475e-06
-4.99828e-06
8.30116e-06
-3.94975e-06
1.21574e-05
-3.0715e-06
1.61881e-05
-2.3773e-06
2.03187e-05
-1.87045e-06
2.4486e-05
-1.54758e-06
2.86388e-05
-1.40057e-06
3.27374e-05
-1.41798e-06
3.67532e-05
-1.58583e-06
4.06679e-05
-1.88841e-06
4.44713e-05
-2.30848e-06
4.81587e-05
-2.82753e-06
5.17293e-05
-3.42843e-06
5.51836e-05
-4.09108e-06
5.85269e-05
-4.81669e-06
-5.55972e-06
-6.56819e-06
-9.9915e-06
-7.17043e-06
-1.14666e-05
-7.44888e-06
-1.16047e-05
-7.26779e-06
-1.12881e-05
-6.55207e-06
-1.07366e-05
-5.27714e-06
-1.00502e-05
-3.45957e-06
-9.28751e-06
-1.14464e-06
-8.50235e-06
1.60325e-06
-7.74618e-06
4.71066e-06
-7.05715e-06
8.10143e-06
-6.46227e-06
1.17032e-05
-5.97909e-06
1.54507e-05
-5.61797e-06
1.92869e-05
-5.38371e-06
2.31635e-05
-5.27718e-06
2.70414e-05
-5.29591e-06
3.089e-05
-5.43441e-06
3.46872e-05
-5.68561e-06
3.84199e-05
-6.04122e-06
4.20829e-05
-6.49048e-06
4.56752e-05
-7.02075e-06
4.91987e-05
-7.61461e-06
5.26549e-05
-8.27286e-06
-9.00341e-06
-6.50053e-06
-9.48593e-06
-7.35998e-06
-1.06072e-05
-7.87844e-06
-1.10862e-05
-7.94523e-06
-1.12214e-05
-7.51455e-06
-1.11673e-05
-6.57498e-06
-1.09898e-05
-5.14529e-06
-1.07172e-05
-3.26582e-06
-1.03818e-05
-9.88947e-07
-1.00231e-05
1.62555e-06
-9.67165e-06
4.51578e-06
-9.3525e-06
7.62083e-06
-9.08414e-06
1.08843e-05
-8.88146e-06
1.42553e-05
-8.75464e-06
1.76894e-05
-8.71132e-06
2.11506e-05
-8.75706e-06
2.46093e-05
-8.89321e-06
2.80432e-05
-9.11951e-06
3.14362e-05
-9.4342e-06
3.47794e-05
-9.83362e-06
3.80714e-05
-1.03128e-05
4.132e-05
-1.08632e-05
4.45314e-05
-1.14843e-05
-1.22091e-05
-5.24984e-07
5.24984e-07
-1.6922e-06
1.16722e-06
-3.06151e-06
1.3693e-06
-4.20836e-06
1.14685e-06
-4.97628e-06
7.67917e-07
-5.01191e-07
-4.47508e-06
-7.99348e-07
1.32433e-06
-1.98782e-06
2.35569e-06
-3.10231e-06
2.4838e-06
-4.03226e-06
2.0768e-06
-4.59083e-06
1.32649e-06
-5.00035e-07
-4.59199e-06
-8.31402e-07
2.15573e-06
-1.90998e-06
3.43427e-06
-2.87841e-06
3.45223e-06
-3.68545e-06
2.88384e-06
-4.22008e-06
1.86113e-06
-1.21978e-07
-4.59814e-06
-8.19096e-07
2.97483e-06
-1.75918e-06
4.37435e-06
-2.61928e-06
4.31233e-06
-3.34715e-06
3.61171e-06
-3.90713e-06
2.4211e-06
4.55029e-07
-4.48414e-06
-7.99085e-07
3.77392e-06
-1.59037e-06
5.16564e-06
-2.34619e-06
5.06815e-06
-3.01108e-06
4.2766e-06
-3.59858e-06
3.0086e-06
1.133e-06
-4.27655e-06
-7.68474e-07
4.54239e-06
-1.41504e-06
5.8122e-06
-2.0611e-06
5.71422e-06
-2.66585e-06
4.88134e-06
-3.26056e-06
3.60331e-06
1.84943e-06
-3.97699e-06
-6.98584e-07
5.24097e-06
-1.22403e-06
6.33765e-06
-1.76285e-06
6.25303e-06
-2.30217e-06
5.42066e-06
-2.87656e-06
4.1777e-06
2.55516e-06
-3.58229e-06
-6.01769e-07
5.84274e-06
-1.01677e-06
6.75265e-06
-1.45054e-06
6.6868e-06
-1.91481e-06
5.88494e-06
-2.44006e-06
4.70294e-06
3.20648e-06
-3.09138e-06
-4.88258e-07
6.331e-06
-7.95506e-07
7.0599e-06
-1.12476e-06
7.01605e-06
-1.50228e-06
6.26245e-06
-1.9507e-06
5.15136e-06
3.76377e-06
-2.50799e-06
-3.63314e-07
6.69432e-06
-5.62927e-07
7.25951e-06
-7.87391e-07
7.24052e-06
-1.06636e-06
6.54142e-06
-1.41342e-06
5.49842e-06
4.19221e-06
-1.84186e-06
-2.30296e-07
6.92461e-06
-3.21976e-07
7.35119e-06
-4.40485e-07
7.35903e-06
-6.11701e-07
6.71263e-06
-8.38267e-07
5.72499e-06
4.46409e-06
-1.11014e-06
-9.15782e-08
7.01619e-06
-7.59908e-08
7.33561e-06
-8.7324e-08
7.37036e-06
-1.45431e-07
6.77074e-06
-2.39929e-07
5.81949e-06
4.56219e-06
-3.3803e-07
5.02138e-08
6.96598e-06
1.73038e-07
7.21278e-06
2.67658e-07
7.27574e-06
3.23609e-07
6.71479e-06
3.63345e-07
5.77975e-06
4.48347e-06
4.42057e-07
1.90157e-07
6.77582e-06
4.21501e-07
6.98144e-06
6.19801e-07
7.07744e-06
7.85529e-07
6.54906e-06
9.5146e-07
5.61382e-06
4.24187e-06
1.19306e-06
3.28412e-07
6.44741e-06
6.65862e-07
6.64399e-06
9.64374e-07
6.77893e-06
1.23105e-06
6.28238e-06
1.505e-06
5.33988e-06
3.86923e-06
1.87764e-06
4.62795e-07
5.98461e-06
9.02663e-07
6.20412e-06
1.29669e-06
6.38491e-06
1.6518e-06
5.92727e-06
2.00762e-06
4.98405e-06
3.41528e-06
2.46156e-06
6.06051e-07
5.37856e-06
1.12731e-06
5.68286e-06
1.61156e-06
5.90066e-06
2.04199e-06
5.49685e-06
2.4488e-06
4.57725e-06
2.94654e-06
2.91754e-06
7.55791e-07
4.62277e-06
1.32882e-06
5.10983e-06
1.903e-06
5.32647e-06
2.39881e-06
5.00104e-06
2.82699e-06
4.14907e-06
2.53437e-06
3.23916e-06
8.30636e-07
3.79213e-06
1.49045e-06
4.45002e-06
2.16444e-06
4.65247e-06
2.72333e-06
4.44216e-06
3.14999e-06
3.72241e-06
2.24167e-06
3.44268e-06
8.59581e-07
2.93255e-06
1.61317e-06
3.69643e-06
2.39093e-06
3.87471e-06
3.02196e-06
3.81113e-06
3.43312e-06
3.31125e-06
2.15475e-06
3.52005e-06
8.61225e-07
2.07133e-06
1.69703e-06
2.86062e-06
2.57875e-06
2.993e-06
3.30421e-06
3.08567e-06
3.73166e-06
2.88379e-06
2.37333e-06
3.51308e-06
8.34125e-07
1.2372e-06
1.74062e-06
1.95413e-06
2.71624e-06
2.01738e-06
3.57297e-06
2.22893e-06
4.16462e-06
2.29215e-06
2.43105e-06
4.1069e-06
7.602e-07
4.77005e-07
1.7296e-06
9.84729e-07
2.75846e-06
9.88518e-07
3.78306e-06
1.20433e-06
4.75554e-06
1.31967e-06
1.61046e-06
5.57613e-06
4.77005e-07
1.46173e-06
2.45025e-06
3.65459e-06
4.97425e-06
6.58471e-06
-6.32814e-06
-7.63288e-06
-7.41996e-06
-9.51533e-06
-8.1404e-06
-1.03657e-05
-8.39859e-06
-1.09632e-05
-8.17546e-06
-1.13904e-05
-7.47944e-06
-1.16858e-05
-6.34035e-06
-1.18563e-05
-4.80214e-06
-1.192e-05
-2.91596e-06
-1.19092e-05
-7.3458e-07
-1.1853e-05
1.68967e-06
-1.17767e-05
4.30352e-06
-1.1698e-05
7.0601e-06
-1.16381e-05
9.91453e-06
-1.16091e-05
1.28266e-05
-1.16234e-05
1.57636e-05
-1.16941e-05
1.86981e-05
-1.18278e-05
2.16095e-05
-1.20308e-05
2.44844e-05
-1.23092e-05
2.73176e-05
-1.26668e-05
3.01111e-05
-1.31062e-05
3.28746e-05
-1.36268e-05
3.56186e-05
-1.42283e-05
-1.49329e-05
-6.13361e-06
-6.09126e-06
-7.41148e-06
-8.23746e-06
-8.26545e-06
-9.51178e-06
-8.65087e-06
-1.05777e-05
-8.55498e-06
-1.14863e-05
-8.00382e-06
-1.2237e-05
-7.0402e-06
-1.28199e-05
-5.71636e-06
-1.32439e-05
-4.09005e-06
-1.35355e-05
-2.21553e-06
-1.37276e-05
-1.43399e-07
-1.38489e-05
2.08299e-06
-1.39244e-05
4.42023e-06
-1.39753e-05
6.83012e-06
-1.4019e-05
9.27528e-06
-1.40685e-05
1.17216e-05
-1.41404e-05
1.41444e-05
-1.42505e-05
1.65259e-05
-1.44124e-05
1.88562e-05
-1.46395e-05
2.11321e-05
-1.49427e-05
2.33588e-05
-1.53328e-05
2.55514e-05
-1.58194e-05
2.77308e-05
-1.64077e-05
-1.70902e-05
-6.03953e-06
-4.64987e-06
-7.35089e-06
-6.9261e-06
-8.26571e-06
-8.59696e-06
-8.70959e-06
-1.01339e-05
-8.66147e-06
-1.15344e-05
-8.15604e-06
-1.27424e-05
-7.25017e-06
-1.37258e-05
-6.00811e-06
-1.44859e-05
-4.49691e-06
-1.50467e-05
-2.77517e-06
-1.54493e-05
-8.92492e-07
-1.57316e-05
1.10944e-06
-1.59263e-05
3.19556e-06
-1.60614e-05
5.3368e-06
-1.61602e-05
7.51082e-06
-1.62425e-05
9.69421e-06
-1.63238e-05
1.18654e-05
-1.64217e-05
1.40046e-05
-1.65515e-05
1.61032e-05
-1.67381e-05
1.81477e-05
-1.69872e-05
2.01301e-05
-1.73152e-05
2.20449e-05
-1.77341e-05
2.38863e-05
-1.8249e-05
-1.88404e-05
-5.89506e-06
-3.23895e-06
-7.19979e-06
-5.62137e-06
-8.12615e-06
-7.6706e-06
-8.56731e-06
-9.6927e-06
-8.48635e-06
-1.16154e-05
-7.92213e-06
-1.33067e-05
-6.95036e-06
-1.46975e-05
-5.65261e-06
-1.57837e-05
-4.10645e-06
-1.65929e-05
-2.37766e-06
-1.71781e-05
-5.17725e-07
-1.75915e-05
1.43374e-06
-1.78778e-05
3.44635e-06
-1.8074e-05
5.49639e-06
-1.82102e-05
7.56532e-06
-1.83115e-05
9.64055e-06
-1.8399e-05
1.17117e-05
-1.84929e-05
1.37717e-05
-1.86115e-05
1.58057e-05
-1.87721e-05
1.78061e-05
-1.89876e-05
1.97588e-05
-1.9268e-05
2.16407e-05
-1.9616e-05
2.34257e-05
-2.00341e-05
-2.0546e-05
-5.6513e-06
-1.8642e-06
-6.92234e-06
-4.35034e-06
-7.82206e-06
-6.77088e-06
-8.20047e-06
-9.31428e-06
-8.00037e-06
-1.18155e-05
-7.26621e-06
-1.40408e-05
-6.09874e-06
-1.5865e-05
-4.60465e-06
-1.72778e-05
-2.87625e-06
-1.83213e-05
-9.87656e-07
-1.90667e-05
1.00685e-06
-1.9586e-05
3.06957e-06
-1.99405e-05
5.17542e-06
-2.01799e-05
7.30739e-06
-2.03422e-05
9.45386e-06
-2.04579e-05
1.16074e-05
-2.05526e-05
1.37624e-05
-2.0648e-05
1.59142e-05
-2.07632e-05
1.80565e-05
-2.09145e-05
2.01837e-05
-2.11148e-05
2.22888e-05
-2.1373e-05
2.43657e-05
-2.1693e-05
2.64083e-05
-2.20766e-05
-2.25627e-05
-5.28856e-06
-5.52631e-07
-6.49595e-06
-3.14294e-06
-7.3257e-06
-5.94113e-06
-7.57462e-06
-9.06536e-06
-7.1573e-06
-1.22328e-05
-6.12825e-06
-1.50699e-05
-4.6232e-06
-1.73701e-05
-2.78342e-06
-1.91176e-05
-7.24147e-07
-2.03806e-05
1.46917e-06
-2.126e-05
3.73994e-06
-2.18568e-05
6.05396e-06
-2.22545e-05
8.39365e-06
-2.25195e-05
1.07519e-05
-2.27005e-05
1.31273e-05
-2.28333e-05
1.55217e-05
-2.29469e-05
1.79384e-05
-2.30647e-05
2.03807e-05
-2.32055e-05
2.28506e-05
-2.33844e-05
2.53492e-05
-2.36133e-05
2.78757e-05
-2.38995e-05
3.04292e-05
-2.42465e-05
3.30029e-05
-2.46504e-05
-2.51547e-05
-4.795e-06
6.60085e-07
-5.90007e-06
-2.03788e-06
-6.60703e-06
-5.23416e-06
-6.64638e-06
-9.02602e-06
-5.89461e-06
-1.29846e-05
-4.42515e-06
-1.65393e-05
-2.42681e-06
-1.93684e-05
-8.94343e-08
-2.14549e-05
2.43568e-06
-2.29057e-05
5.05153e-06
-2.38758e-05
7.70336e-06
-2.45086e-05
1.03666e-05
-2.49177e-05
1.30345e-05
-2.51875e-05
1.57117e-05
-2.53777e-05
1.8408e-05
-2.55296e-05
2.11356e-05
-2.56745e-05
2.39072e-05
-2.58363e-05
2.67347e-05
-2.60331e-05
2.96287e-05
-2.62784e-05
3.25972e-05
-2.65818e-05
3.56456e-05
-2.69479e-05
3.87811e-05
-2.7382e-05
4.19972e-05
-2.78665e-05
-2.84319e-05
-4.16288e-06
1.73159e-06
-5.11562e-06
-1.08514e-06
-5.63318e-06
-4.7166e-06
-5.36217e-06
-9.29703e-06
-4.13752e-06
-1.42093e-05
-2.07316e-06
-1.86037e-05
5.5599e-07
-2.19976e-05
3.48059e-06
-2.43795e-05
6.53448e-06
-2.59596e-05
9.61831e-06
-2.69597e-05
1.2688e-05
-2.75783e-05
1.57322e-05
-2.79619e-05
1.87574e-05
-2.82127e-05
2.17796e-05
-2.83999e-05
2.48195e-05
-2.85696e-05
2.7898e-05
-2.87529e-05
3.10347e-05
-2.8973e-05
3.42486e-05
-2.9247e-05
3.75557e-05
-2.95856e-05
4.09676e-05
-2.99937e-05
4.44881e-05
-3.04685e-05
4.81233e-05
-3.10172e-05
5.18614e-05
-3.16045e-05
-3.22872e-05
-3.38992e-06
2.61353e-06
-4.12767e-06
-3.47396e-07
-4.36861e-06
-4.47566e-06
-3.65644e-06
-1.00092e-05
-1.79862e-06
-1.60671e-05
9.95121e-07
-2.13974e-05
4.30968e-06
-2.53121e-05
7.8556e-06
-2.79254e-05
1.14441e-05
-2.95481e-05
1.49825e-05
-3.0498e-05
1.84396e-05
-3.10354e-05
2.18222e-05
-3.13445e-05
2.51547e-05
-3.15452e-05
2.84673e-05
-3.17126e-05
3.17933e-05
-3.18955e-05
3.51598e-05
-3.21194e-05
3.85914e-05
-3.24047e-05
4.21111e-05
-3.27666e-05
4.57357e-05
-3.32102e-05
4.94741e-05
-3.37321e-05
5.33347e-05
-3.43291e-05
5.73115e-05
-3.4994e-05
6.14149e-05
-3.57079e-05
-3.65069e-05
-2.48276e-06
3.25442e-06
-2.93015e-06
9.99925e-08
-2.77623e-06
-4.62958e-06
-1.44057e-06
-1.13448e-05
1.23694e-06
-1.87446e-05
4.83134e-06
-2.49918e-05
8.86918e-06
-2.935e-05
1.29854e-05
-3.20416e-05
1.70023e-05
-3.3565e-05
2.08534e-05
-3.43491e-05
2.45431e-05
-3.47252e-05
2.81084e-05
-3.49098e-05
3.15942e-05
-3.50309e-05
3.50456e-05
-3.5164e-05
3.85089e-05
-3.53588e-05
4.20273e-05
-3.56378e-05
4.56272e-05
-3.60046e-05
4.93099e-05
-3.64493e-05
5.30619e-05
-3.69622e-05
5.68551e-05
-3.75253e-05
6.06596e-05
-3.81336e-05
6.4428e-05
-3.87624e-05
6.81983e-05
-3.94782e-05
-4.02982e-05
-1.46212e-06
3.6064e-06
-1.53692e-06
1.74796e-07
-8.36181e-07
-5.33031e-06
1.3542e-06
-1.35352e-05
4.965e-06
-2.23554e-05
9.3831e-06
-2.94099e-05
1.39548e-05
-3.39217e-05
1.83362e-05
-3.6423e-05
2.24317e-05
-3.76606e-05
2.62496e-05
-3.8167e-05
2.98467e-05
-3.83223e-05
3.32906e-05
-3.83537e-05
3.66472e-05
-3.83875e-05
3.99768e-05
-3.84936e-05
4.33003e-05
-3.86824e-05
4.66048e-05
-3.89422e-05
4.98728e-05
-3.92726e-05
5.31047e-05
-3.96812e-05
5.63034e-05
-4.01609e-05
5.94663e-05
-4.06882e-05
6.25928e-05
-4.12602e-05
6.56969e-05
-4.18664e-05
6.87825e-05
-4.25639e-05
-4.32926e-05
-3.69554e-07
3.63792e-06
-3.61607e-08
-1.58597e-07
1.41905e-06
-6.78553e-06
4.64939e-06
-1.67656e-05
9.19023e-06
-2.68962e-05
1.41076e-05
-3.43273e-05
1.86987e-05
-3.85128e-05
2.27939e-05
-4.05181e-05
2.64716e-05
-4.13383e-05
2.98295e-05
-4.15249e-05
3.29699e-05
-4.14627e-05
3.59747e-05
-4.13584e-05
3.88975e-05
-4.13103e-05
4.17558e-05
-4.13519e-05
4.45617e-05
-4.14883e-05
4.73443e-05
-4.17249e-05
5.01158e-05
-4.20441e-05
5.28695e-05
-4.2435e-05
5.55918e-05
-4.28831e-05
5.82854e-05
-4.33818e-05
6.09622e-05
-4.39369e-05
6.36504e-05
-4.45546e-05
6.62795e-05
-4.5193e-05
-4.57546e-05
7.46369e-07
3.33361e-06
1.61466e-06
-1.02688e-06
3.92385e-06
-9.09472e-06
8.23762e-06
-2.10793e-05
1.33681e-05
-3.20268e-05
1.81803e-05
-3.91394e-05
2.22094e-05
-4.25418e-05
2.55883e-05
-4.38971e-05
2.8568e-05
-4.4318e-05
3.12796e-05
-4.42366e-05
3.38433e-05
-4.40264e-05
3.63355e-05
-4.38505e-05
3.87926e-05
-4.37675e-05
4.12298e-05
-4.37891e-05
4.3657e-05
-4.39155e-05
4.60731e-05
-4.4141e-05
4.84784e-05
-4.44493e-05
5.08611e-05
-4.48178e-05
5.32184e-05
-4.52404e-05
5.55673e-05
-4.57307e-05
5.79063e-05
-4.62759e-05
6.01905e-05
-4.68388e-05
6.23314e-05
-4.73339e-05
-4.76489e-05
1.81529e-06
2.71139e-06
3.21855e-06
-2.43014e-06
6.56127e-06
-1.24374e-05
1.17586e-05
-2.62766e-05
1.69427e-05
-3.72109e-05
2.11253e-05
-4.33221e-05
2.43342e-05
-4.57508e-05
2.69678e-05
-4.65307e-05
2.93096e-05
-4.66598e-05
3.14622e-05
-4.63892e-05
3.35449e-05
-4.61091e-05
3.56105e-05
-4.59161e-05
3.76813e-05
-4.58383e-05
3.9767e-05
-4.58748e-05
4.18649e-05
-4.60134e-05
4.39645e-05
-4.62406e-05
4.6057e-05
-4.65418e-05
4.81363e-05
-4.6897e-05
5.02017e-05
-4.73059e-05
5.22278e-05
-4.77567e-05
5.41766e-05
-4.82247e-05
5.60043e-05
-4.86666e-05
5.76721e-05
-4.90017e-05
-4.90451e-05
2.76998e-06
1.81905e-06
4.76064e-06
-4.42081e-06
9.2444e-06
-1.69212e-05
1.49045e-05
-3.19367e-05
1.96005e-05
-4.19069e-05
2.29352e-05
-4.66568e-05
2.53725e-05
-4.81881e-05
2.74242e-05
-4.85823e-05
2.92286e-05
-4.84642e-05
3.09423e-05
-4.81028e-05
3.26488e-05
-4.78156e-05
3.43777e-05
-4.7645e-05
3.61346e-05
-4.75952e-05
3.79157e-05
-4.76559e-05
3.97138e-05
-4.78115e-05
4.15184e-05
-4.80452e-05
4.3318e-05
-4.83414e-05
4.51074e-05
-4.86864e-05
4.68664e-05
-4.90649e-05
4.85619e-05
-4.94522e-05
5.01594e-05
-4.98223e-05
5.1631e-05
-5.01381e-05
5.29484e-05
-5.03191e-05
-5.01643e-05
3.5731e-06
7.07518e-07
6.28504e-06
-7.13276e-06
1.18663e-05
-2.25025e-05
1.74152e-05
-3.74856e-05
2.12695e-05
-4.57612e-05
2.37428e-05
-4.91301e-05
2.55762e-05
-5.00215e-05
2.71283e-05
-5.01344e-05
2.84775e-05
-4.98134e-05
2.98331e-05
-4.94584e-05
3.12339e-05
-4.92164e-05
3.26848e-05
-4.9096e-05
3.41778e-05
-4.90881e-05
3.57009e-05
-4.91791e-05
3.72424e-05
-4.9353e-05
3.87901e-05
-4.95929e-05
4.03305e-05
-4.98818e-05
4.18467e-05
-5.02026e-05
4.33179e-05
-5.05361e-05
4.4726e-05
-5.08602e-05
4.60503e-05
-5.11466e-05
4.7264e-05
-5.13518e-05
4.83403e-05
-5.13954e-05
-5.11108e-05
4.21773e-06
-5.92681e-07
7.92358e-06
-1.08386e-05
1.4254e-05
-2.88329e-05
1.91267e-05
-4.23583e-05
2.20379e-05
-4.86724e-05
2.37893e-05
-5.08816e-05
2.51246e-05
-5.13567e-05
2.6183e-05
-5.11928e-05
2.7211e-05
-5.08414e-05
2.83095e-05
-5.05568e-05
2.94725e-05
-5.03794e-05
3.06896e-05
-5.03132e-05
3.19491e-05
-5.03477e-05
3.32383e-05
-5.04683e-05
3.4544e-05
-5.06586e-05
3.58527e-05
-5.09016e-05
3.71507e-05
-5.11798e-05
3.84231e-05
-5.1475e-05
3.96552e-05
-5.17683e-05
4.08322e-05
-5.20372e-05
4.19359e-05
-5.22504e-05
4.29472e-05
-5.23631e-05
4.38549e-05
-5.23031e-05
-5.1935e-05
4.78366e-06
-2.13718e-06
9.79852e-06
-1.58535e-05
1.61499e-05
-3.51843e-05
2.00082e-05
-4.62167e-05
2.20526e-05
-5.07167e-05
2.32374e-05
-5.20664e-05
2.4077e-05
-5.21964e-05
2.48279e-05
-5.19437e-05
2.56483e-05
-5.16618e-05
2.65406e-05
-5.14491e-05
2.74975e-05
-5.13363e-05
2.85076e-05
-5.13233e-05
2.95579e-05
-5.1398e-05
3.06349e-05
-5.15453e-05
3.17253e-05
-5.1749e-05
3.28162e-05
-5.19925e-05
3.38954e-05
-5.2259e-05
3.49513e-05
-5.25308e-05
3.59722e-05
-5.27892e-05
3.69462e-05
-5.30111e-05
3.78605e-05
-5.31647e-05
3.87066e-05
-5.32092e-05
3.94848e-05
-5.30813e-05
-5.26672e-05
5.5584e-06
-4.2529e-06
1.18571e-05
-2.21522e-05
1.73418e-05
-4.0669e-05
2.01571e-05
-4.9032e-05
2.14673e-05
-5.20269e-05
2.21727e-05
-5.27717e-05
2.27053e-05
-5.27289e-05
2.32617e-05
-5.25001e-05
2.38832e-05
-5.22833e-05
2.45789e-05
-5.21448e-05
2.5341e-05
-5.20984e-05
2.61564e-05
-5.21387e-05
2.7011e-05
-5.22526e-05
2.78911e-05
-5.24254e-05
2.87838e-05
-5.26417e-05
2.96773e-05
-5.2886e-05
3.05608e-05
-5.31425e-05
3.14246e-05
-5.33946e-05
3.22596e-05
-5.36241e-05
3.30567e-05
-5.38083e-05
3.38088e-05
-5.39168e-05
3.4513e-05
-5.39134e-05
3.51738e-05
-5.37421e-05
-5.33081e-05
6.66006e-06
-7.39291e-06
1.37657e-05
-2.92579e-05
1.79175e-05
-4.48207e-05
1.97331e-05
-5.08475e-05
2.04575e-05
-5.27513e-05
2.08185e-05
-5.31328e-05
2.11322e-05
-5.30426e-05
2.14958e-05
-5.28637e-05
2.19386e-05
-5.27261e-05
2.24588e-05
-5.26649e-05
2.30439e-05
-5.26836e-05
2.36791e-05
-5.27739e-05
2.43502e-05
-5.29236e-05
2.5044e-05
-5.31192e-05
2.57493e-05
-5.3347e-05
2.64562e-05
-5.35929e-05
2.71561e-05
-5.38424e-05
2.78413e-05
-5.40798e-05
2.85049e-05
-5.42878e-05
2.91409e-05
-5.44443e-05
2.97456e-05
-5.45215e-05
3.03191e-05
-5.44869e-05
3.08685e-05
-5.42915e-05
-5.38583e-05
8.19233e-06
-1.20722e-05
1.50273e-05
-3.60928e-05
1.79116e-05
-4.77051e-05
1.88858e-05
-5.18217e-05
1.91608e-05
-5.30264e-05
1.92609e-05
-5.32328e-05
1.93796e-05
-5.31613e-05
1.95773e-05
-5.30614e-05
1.98609e-05
-5.30097e-05
2.02205e-05
-5.30246e-05
2.06415e-05
-5.31046e-05
2.11087e-05
-5.32411e-05
2.16082e-05
-5.34231e-05
2.21279e-05
-5.36389e-05
2.26575e-05
-5.38767e-05
2.31889e-05
-5.41243e-05
2.37153e-05
-5.43687e-05
2.42311e-05
-5.45957e-05
2.4732e-05
-5.47886e-05
2.52148e-05
-5.49271e-05
2.56788e-05
-5.49856e-05
2.61267e-05
-5.49347e-05
2.65676e-05
-5.47325e-05
-5.4317e-05
1.04398e-05
-1.84051e-05
1.57418e-05
-4.13949e-05
1.74324e-05
-4.93957e-05
1.77404e-05
-5.21296e-05
1.76605e-05
-5.29465e-05
1.75437e-05
-5.3116e-05
1.7499e-05
-5.31166e-05
1.75469e-05
-5.31094e-05
1.76815e-05
-5.31443e-05
1.78889e-05
-5.3232e-05
1.81535e-05
-5.33692e-05
1.84606e-05
-5.35481e-05
1.87969e-05
-5.37594e-05
1.91515e-05
-5.39935e-05
1.95154e-05
-5.42406e-05
1.98814e-05
-5.44903e-05
2.02442e-05
-5.47315e-05
2.05998e-05
-5.49513e-05
2.0946e-05
-5.51348e-05
2.12821e-05
-5.52632e-05
2.161e-05
-5.53134e-05
2.19339e-05
-5.52586e-05
2.22646e-05
-5.50632e-05
-5.46784e-05
1.3182e-05
-2.60109e-05
1.60074e-05
-4.42202e-05
1.65528e-05
-4.99411e-05
1.63439e-05
-5.19208e-05
1.59978e-05
-5.26004e-05
1.57085e-05
-5.28266e-05
1.55184e-05
-5.29265e-05
1.54269e-05
-5.30179e-05
1.54205e-05
-5.31379e-05
1.54828e-05
-5.32943e-05
1.55979e-05
-5.34843e-05
1.57515e-05
-5.37018e-05
1.59318e-05
-5.39397e-05
1.61288e-05
-5.41905e-05
1.63344e-05
-5.44462e-05
1.65426e-05
-5.46984e-05
1.67488e-05
-5.49378e-05
1.69507e-05
-5.51533e-05
1.71477e-05
-5.53317e-05
1.73411e-05
-5.54566e-05
1.75346e-05
-5.5507e-05
1.77343e-05
-5.54583e-05
1.7952e-05
-5.52809e-05
-5.49381e-05
1.51891e-05
-3.46154e-05
1.57967e-05
-4.48278e-05
1.53132e-05
-4.94576e-05
1.47331e-05
-5.13407e-05
1.42028e-05
-5.20701e-05
1.37744e-05
-5.23983e-05
1.34558e-05
-5.26079e-05
1.32352e-05
-5.27973e-05
1.30952e-05
-5.29979e-05
1.30184e-05
-5.32174e-05
1.29895e-05
-5.34554e-05
1.29957e-05
-5.3708e-05
1.30264e-05
-5.39704e-05
1.30725e-05
-5.42366e-05
1.3127e-05
-5.45007e-05
1.31844e-05
-5.47558e-05
1.3241e-05
-5.49943e-05
1.32951e-05
-5.52073e-05
1.33473e-05
-5.53838e-05
1.34004e-05
-5.55098e-05
1.346e-05
-5.55666e-05
1.35336e-05
-5.55318e-05
1.3635e-05
-5.53823e-05
-5.5093e-05
-4.34695e-07
4.34695e-07
-3.69673e-07
-6.50215e-08
6.78977e-07
-1.04865e-06
2.59658e-06
-1.91761e-06
7.14261e-06
-4.54603e-06
-7.81867e-06
1.49613e-05
-3.93673e-07
8.28368e-07
-9.01377e-08
-3.68557e-07
1.09557e-06
-2.23436e-06
3.39442e-06
-4.21645e-06
6.86166e-06
-8.01326e-06
-1.30238e-05
1.20668e-05
-3.05129e-07
1.1335e-06
1.17281e-07
-7.90967e-07
1.327e-06
-3.44408e-06
3.56046e-06
-6.44992e-06
6.62521e-06
-1.1078e-05
-1.67774e-05
1.03788e-05
-2.28849e-07
1.36235e-06
2.54103e-07
-1.27392e-06
1.42034e-06
-4.61031e-06
3.45086e-06
-8.48044e-06
6.06305e-06
-1.36902e-05
-1.94846e-05
8.77027e-06
-1.51481e-07
1.51383e-06
3.32696e-07
-1.7581e-06
1.40582e-06
-5.68343e-06
3.17557e-06
-1.02502e-05
5.29896e-06
-1.58136e-05
-2.13939e-05
7.20819e-06
-8.97587e-08
1.60359e-06
3.6061e-07
-2.20846e-06
1.30425e-06
-6.62707e-06
2.78608e-06
-1.1732e-05
4.44364e-06
-1.74712e-05
-2.26861e-05
5.73586e-06
-4.59888e-08
1.64957e-06
3.44483e-07
-2.59894e-06
1.13215e-06
-7.41474e-06
2.31827e-06
-1.29181e-05
3.54432e-06
-1.86972e-05
-2.34952e-05
4.35344e-06
-1.9308e-08
1.66888e-06
2.91762e-07
-2.91001e-06
9.04884e-07
-8.02787e-06
1.79739e-06
-1.38106e-05
2.63531e-06
-1.95351e-05
-2.39185e-05
3.05861e-06
-7.29539e-09
1.67618e-06
2.1083e-07
-3.12813e-06
6.37854e-07
-8.45489e-06
1.24325e-06
-1.4416e-05
1.7377e-06
-2.00296e-05
-2.40278e-05
1.84702e-06
-6.36337e-09
1.68254e-06
1.10748e-07
-3.24524e-06
3.46293e-07
-8.69043e-06
6.7429e-07
-1.4744e-05
8.64939e-07
-2.02202e-05
-2.38746e-05
7.11761e-07
-1.31206e-08
1.69566e-06
2.11881e-09
-3.26048e-06
4.66602e-08
-8.73498e-06
1.06592e-07
-1.4804e-05
1.56317e-08
-2.01292e-05
-2.3508e-05
-3.50999e-07
-2.28174e-08
1.71848e-06
-1.10351e-07
-3.17295e-06
-2.55236e-07
-8.59009e-06
-4.43411e-07
-1.46158e-05
-7.68629e-07
-1.9804e-05
-2.29362e-05
-1.34044e-06
-3.08151e-08
1.74929e-06
-2.13925e-07
-2.98984e-06
-5.39954e-07
-8.26406e-06
-9.66223e-07
-1.41895e-05
-1.51549e-06
-1.92548e-05
-2.21895e-05
-2.26216e-06
-3.29582e-08
1.78225e-06
-3.02002e-07
-2.7208e-06
-7.98206e-07
-7.76786e-06
-1.45044e-06
-1.35373e-05
-2.20768e-06
-1.84975e-05
-2.12827e-05
-3.11454e-06
-2.54327e-08
1.80769e-06
-3.67276e-07
-2.37895e-06
-1.01928e-06
-7.11585e-06
-1.88538e-06
-1.26712e-05
-2.8397e-06
-1.75432e-05
-2.02256e-05
-3.8968e-06
-4.76399e-09
1.81245e-06
-4.03119e-07
-1.9806e-06
-1.19261e-06
-6.32637e-06
-2.26017e-06
-1.16036e-05
-3.40602e-06
-1.63974e-05
-1.90237e-05
-4.6079e-06
3.08554e-08
1.78159e-06
-4.03646e-07
-1.5461e-06
-1.30739e-06
-5.42262e-06
-2.56261e-06
-1.03484e-05
-3.90027e-06
-1.50597e-05
-1.76775e-05
-5.24647e-06
8.44392e-08
1.69715e-06
-3.64249e-07
-1.09741e-06
-1.35263e-06
-4.43424e-06
-2.77852e-06
-8.92251e-06
-4.31433e-06
-1.35239e-05
-1.61807e-05
-5.81108e-06
1.57279e-07
1.53988e-06
-2.82695e-07
-6.57435e-07
-1.31703e-06
-3.39991e-06
-2.8914e-06
-7.34814e-06
-4.63673e-06
-1.17786e-05
-1.4517e-05
-6.30043e-06
2.19879e-07
1.32e-06
-1.60549e-07
-2.77006e-07
-1.18926e-06
-2.3712e-06
-2.88131e-06
-5.65609e-06
-4.85098e-06
-9.80889e-06
-1.26559e-05
-6.71215e-06
2.78041e-07
1.04195e-06
-5.81782e-09
6.85295e-09
-9.58012e-07
-1.419e-06
-2.71587e-06
-3.89823e-06
-4.92521e-06
-7.59955e-06
-1.05429e-05
-7.03812e-06
3.33022e-07
7.08932e-07
1.80494e-07
1.59382e-07
-6.13188e-07
-6.25319e-07
-2.33959e-06
-2.17183e-06
-4.79437e-06
-5.14477e-06
-8.08736e-06
-7.24996e-06
3.80323e-07
3.28609e-07
3.76396e-07
1.63309e-07
-1.43256e-07
-1.05667e-07
-1.6332e-06
-6.81888e-07
-4.23687e-06
-2.5411e-06
-4.92421e-06
-7.40003e-06
3.28609e-07
4.91918e-07
3.86251e-07
-2.95637e-07
-2.83674e-06
-7.76094e-06
1.46399e-05
-3.4294e-05
1.4415e-05
-4.46028e-05
1.37056e-05
-4.87482e-05
1.2959e-05
-5.05941e-05
1.23038e-05
-5.14149e-05
1.17625e-05
-5.1857e-05
1.133e-05
-5.21754e-05
1.0989e-05
-5.24563e-05
1.07209e-05
-5.27297e-05
1.05092e-05
-5.30058e-05
1.03407e-05
-5.32869e-05
1.02042e-05
-5.35715e-05
1.00904e-05
-5.38566e-05
9.99181e-06
-5.4138e-05
9.90203e-06
-5.44109e-05
9.81614e-06
-5.46699e-05
9.73073e-06
-5.49089e-05
9.6443e-06
-5.51209e-05
9.55772e-06
-5.52972e-05
9.47461e-06
-5.54267e-05
9.40106e-06
-5.54931e-05
9.34534e-06
-5.54761e-05
9.32451e-06
-5.53615e-05
-5.51427e-05
1.27717e-05
-3.4999e-05
1.25486e-05
-4.43797e-05
1.18741e-05
-4.80737e-05
1.1062e-05
-4.9782e-05
1.03231e-05
-5.0676e-05
9.6938e-06
-5.12277e-05
9.16042e-06
-5.1642e-05
8.70501e-06
-5.20009e-05
8.312e-06
-5.23367e-05
7.96829e-06
-5.26621e-05
7.66298e-06
-5.29815e-05
7.38702e-06
-5.32955e-05
7.1329e-06
-5.36025e-05
6.89435e-06
-5.38995e-05
6.66616e-06
-5.41827e-05
6.44415e-06
-5.44479e-05
6.22528e-06
-5.46901e-05
6.00797e-06
-5.49036e-05
5.79266e-06
-5.50819e-05
5.58245e-06
-5.52164e-05
5.38271e-06
-5.52933e-05
5.19667e-06
-5.52901e-05
5.02781e-06
-5.51926e-05
-5.51008e-05
1.1334e-05
-3.59541e-05
1.08121e-05
-4.38578e-05
9.98175e-06
-4.72434e-05
9.11799e-06
-4.89183e-05
8.32048e-06
-4.98785e-05
7.60716e-06
-5.05144e-05
6.971e-06
-5.10058e-05
6.40005e-06
-5.143e-05
5.88245e-06
-5.18191e-05
5.40776e-06
-5.21874e-05
4.96728e-06
-5.25411e-05
4.55386e-06
-5.28821e-05
4.1617e-06
-5.32103e-05
3.78604e-06
-5.35238e-05
3.42309e-06
-5.38198e-05
3.06994e-06
-5.40948e-05
2.72467e-06
-5.43448e-05
2.38643e-06
-5.45654e-05
2.0557e-06
-5.47512e-05
1.73483e-06
-5.48956e-05
1.43124e-06
-5.49897e-05
1.16558e-06
-5.50244e-05
9.59554e-07
-5.49866e-05
-5.48035e-05
9.50249e-06
-3.66863e-05
8.91569e-06
-4.3271e-05
8.0609e-06
-4.63886e-05
7.16684e-06
-4.80242e-05
6.30766e-06
-4.90193e-05
5.50883e-06
-4.97156e-05
4.77058e-06
-5.02676e-05
4.08521e-06
-5.07446e-05
3.44406e-06
-5.1178e-05
2.83938e-06
-5.15827e-05
2.26464e-06
-5.19663e-05
1.7145e-06
-5.2332e-05
1.1847e-06
-5.26805e-05
6.71896e-07
-5.3011e-05
1.7361e-07
-5.33215e-05
-3.11751e-07
-5.36094e-05
-7.84854e-07
-5.38717e-05
-1.24538e-06
-5.41048e-05
-1.69198e-06
-5.43046e-05
-2.12162e-06
-5.44659e-05
-2.52731e-06
-5.4584e-05
-2.89842e-06
-5.46533e-05
-3.24149e-06
-5.46435e-05
-5.44708e-05
7.66533e-06
-3.71435e-05
7.06224e-06
-4.26679e-05
6.17632e-06
-4.55026e-05
5.23363e-06
-4.70815e-05
4.30582e-06
-4.80915e-05
3.41864e-06
-4.88284e-05
2.57648e-06
-4.94254e-05
1.7757e-06
-4.99438e-05
1.01076e-06
-5.0413e-05
2.76257e-07
-5.08482e-05
-4.32493e-07
-5.12576e-05
-1.11937e-06
-5.16451e-05
-1.78752e-06
-5.20124e-05
-2.43939e-06
-5.23591e-05
-3.07678e-06
-5.26841e-05
-3.70087e-06
-5.29853e-05
-4.31223e-06
-5.32603e-05
-4.91084e-06
-5.35062e-05
-5.49603e-06
-5.37194e-05
-6.06632e-06
-5.38957e-05
-6.62044e-06
-5.40299e-05
-7.16194e-06
-5.41118e-05
-7.69382e-06
-5.41116e-05
-5.40298e-05
5.92047e-06
-3.73281e-05
5.26618e-06
-4.20136e-05
4.33681e-06
-4.45733e-05
3.33479e-06
-4.60795e-05
2.33022e-06
-4.70869e-05
1.35e-06
-4.78482e-05
4.01603e-07
-4.8477e-05
-5.15512e-07
-4.90267e-05
-1.40433e-06
-4.95242e-05
-2.26825e-06
-4.99843e-05
-3.11045e-06
-5.04154e-05
-3.93366e-06
-5.08219e-05
-4.74018e-06
-5.12059e-05
-5.53188e-06
-5.15674e-05
-6.31017e-06
-5.19058e-05
-7.07611e-06
-5.22194e-05
-7.83029e-06
-5.25061e-05
-8.57288e-06
-5.27636e-05
-9.3035e-06
-5.29888e-05
-1.00213e-05
-5.31779e-05
-1.07253e-05
-5.33259e-05
-1.14141e-05
-5.34231e-05
-1.20759e-05
-5.34498e-05
-5.34447e-05
4.28535e-06
-3.726e-05
3.54925e-06
-4.12775e-05
2.55749e-06
-4.35815e-05
1.48323e-06
-4.50052e-05
3.93629e-07
-4.59973e-05
-6.84315e-07
-4.67702e-05
-1.74126e-06
-4.74201e-05
-2.77544e-06
-4.79925e-05
-3.78786e-06
-4.85118e-05
-4.78032e-06
-4.89918e-05
-5.75476e-06
-4.94409e-05
-6.71298e-06
-4.98637e-05
-7.65657e-06
-5.02623e-05
-8.58692e-06
-5.06371e-05
-9.50511e-06
-5.09876e-05
-1.04119e-05
-5.13126e-05
-1.13076e-05
-5.16104e-05
-1.21921e-05
-5.18791e-05
-1.30645e-05
-5.21164e-05
-1.39233e-05
-5.23192e-05
-1.47658e-05
-5.24833e-05
-1.55877e-05
-5.26012e-05
-1.63774e-05
-5.26601e-05
-5.27217e-05
2.75662e-06
-3.6958e-05
1.91655e-06
-4.04374e-05
8.45145e-07
-4.25101e-05
-3.12082e-07
-4.3848e-05
-1.49361e-06
-4.48158e-05
-2.67303e-06
-4.55908e-05
-3.84013e-06
-4.6253e-05
-4.99157e-06
-4.68411e-05
-6.12679e-06
-4.73766e-05
-7.24629e-06
-4.78723e-05
-8.35098e-06
-4.83362e-05
-9.44187e-06
-4.87728e-05
-1.052e-05
-4.91842e-05
-1.15862e-05
-4.95709e-05
-1.26411e-05
-4.99327e-05
-1.36853e-05
-5.02685e-05
-1.47185e-05
-5.05772e-05
-1.57402e-05
-5.08574e-05
-1.67488e-05
-5.11078e-05
-1.77418e-05
-5.13261e-05
-1.87157e-05
-5.15095e-05
-1.96648e-05
-5.1652e-05
-2.05787e-05
-5.17463e-05
-5.18692e-05
1.32624e-06
-3.64372e-05
3.68946e-07
-3.94802e-05
-7.95106e-07
-4.13461e-05
-2.04378e-06
-4.25993e-05
-3.32213e-06
-4.35375e-05
-4.60572e-06
-4.43072e-05
-5.88387e-06
-4.49748e-05
-7.15209e-06
-4.55729e-05
-8.40863e-06
-4.612e-05
-9.65297e-06
-4.6628e-05
-1.08852e-05
-4.7104e-05
-1.21055e-05
-4.75524e-05
-1.33146e-05
-4.79751e-05
-1.45127e-05
-4.83728e-05
-1.57001e-05
-4.87452e-05
-1.68769e-05
-4.90917e-05
-1.80424e-05
-4.94117e-05
-1.91955e-05
-4.97044e-05
-2.0334e-05
-4.99692e-05
-2.14549e-05
-5.02052e-05
-2.25539e-05
-5.04105e-05
-2.36252e-05
-5.05808e-05
-2.46591e-05
-5.07124e-05
-5.08925e-05
-1.21587e-08
-3.57133e-05
-1.09437e-06
-3.83979e-05
-2.35918e-06
-4.00813e-05
-3.70493e-06
-4.12536e-05
-5.08364e-06
-4.21587e-05
-6.47294e-06
-4.29179e-05
-7.86211e-06
-4.35857e-05
-9.24587e-06
-4.41891e-05
-1.06216e-05
-4.47443e-05
-1.19878e-05
-4.52617e-05
-1.33441e-05
-4.57478e-05
-1.46901e-05
-4.62064e-05
-1.60258e-05
-4.66394e-05
-1.73512e-05
-4.70475e-05
-1.8666e-05
-4.74303e-05
-1.997e-05
-4.77878e-05
-2.1262e-05
-4.81196e-05
-2.25405e-05
-4.84259e-05
-2.38028e-05
-4.87069e-05
-2.50454e-05
-4.89626e-05
-2.62638e-05
-4.91921e-05
-2.74522e-05
-4.93924e-05
-2.86022e-05
-4.95625e-05
-4.97955e-05
-1.26341e-06
-3.48009e-05
-2.47315e-06
-3.71882e-05
-3.84353e-06
-3.87109e-05
-5.28977e-06
-3.98074e-05
-6.77068e-06
-4.06778e-05
-8.26604e-06
-4.14226e-05
-9.76525e-06
-4.20865e-05
-1.12625e-05
-4.26919e-05
-1.27545e-05
-4.32524e-05
-1.42392e-05
-4.3777e-05
-1.57155e-05
-4.42715e-05
-1.71827e-05
-4.47392e-05
-1.86402e-05
-4.5182e-05
-2.00875e-05
-4.56001e-05
-2.15243e-05
-4.59936e-05
-2.29497e-05
-4.63625e-05
-2.43622e-05
-4.67071e-05
-2.57598e-05
-4.70283e-05
-2.71397e-05
-4.7327e-05
-2.8498e-05
-4.76043e-05
-2.98302e-05
-4.78598e-05
-3.1131e-05
-4.80917e-05
-3.23929e-05
-4.83006e-05
-4.85823e-05
-2.43112e-06
-3.37102e-05
-3.76737e-06
-3.58519e-05
-5.24487e-06
-3.72334e-05
-6.79303e-06
-3.82592e-05
-8.37653e-06
-3.90943e-05
-9.97711e-06
-3.9822e-05
-1.15844e-05
-4.04792e-05
-1.31923e-05
-4.1084e-05
-1.4797e-05
-4.16477e-05
-1.6396e-05
-4.21779e-05
-1.79878e-05
-4.26797e-05
-1.95712e-05
-4.31559e-05
-2.11451e-05
-4.3608e-05
-2.2709e-05
-4.40362e-05
-2.42618e-05
-4.44408e-05
-2.58024e-05
-4.48219e-05
-2.73291e-05
-4.51804e-05
-2.88395e-05
-4.55178e-05
-3.03306e-05
-4.58359e-05
-3.17985e-05
-4.61364e-05
-3.3239e-05
-4.64193e-05
-3.46472e-05
-4.66835e-05
-3.60169e-05
-4.69309e-05
-4.72572e-05
-3.51698e-06
-3.24554e-05
-4.97624e-06
-3.43927e-05
-6.56029e-06
-3.56493e-05
-8.21005e-06
-3.66094e-05
-9.89506e-06
-3.74093e-05
-1.15988e-05
-3.81182e-05
-1.33113e-05
-3.87667e-05
-1.50262e-05
-3.93691e-05
-1.67395e-05
-3.99344e-05
-1.84482e-05
-4.04692e-05
-2.01504e-05
-4.09775e-05
-2.18444e-05
-4.14618e-05
-2.35292e-05
-4.19232e-05
-2.52035e-05
-4.23619e-05
-2.68661e-05
-4.27781e-05
-2.85156e-05
-4.31724e-05
-3.015e-05
-4.3546e-05
-3.17668e-05
-4.39011e-05
-3.33627e-05
-4.424e-05
-3.49342e-05
-4.45649e-05
-3.64773e-05
-4.48762e-05
-3.79879e-05
-4.51729e-05
-3.94608e-05
-4.5458e-05
-4.58249e-05
-4.52162e-06
-3.10483e-05
-6.0989e-06
-3.28154e-05
-7.78706e-06
-3.39612e-05
-9.53643e-06
-3.48601e-05
-1.13206e-05
-3.56252e-05
-1.31245e-05
-3.63143e-05
-1.49384e-05
-3.69527e-05
-1.67561e-05
-3.75514e-05
-1.8573e-05
-3.81175e-05
-2.03862e-05
-3.8656e-05
-2.21932e-05
-3.91705e-05
-2.39922e-05
-3.96628e-05
-2.57817e-05
-4.01338e-05
-2.75602e-05
-4.05835e-05
-2.93262e-05
-4.10121e-05
-3.1078e-05
-4.14205e-05
-3.28134e-05
-4.18105e-05
-3.45298e-05
-4.21847e-05
-3.62241e-05
-4.25457e-05
-3.7893e-05
-4.2896e-05
-3.95331e-05
-4.32361e-05
-4.11408e-05
-4.35652e-05
-4.2712e-05
-4.38867e-05
-4.42905e-05
-5.44518e-06
-2.94999e-05
-7.13412e-06
-3.11265e-05
-8.92237e-06
-3.21729e-05
-1.0768e-05
-3.30145e-05
-1.26477e-05
-3.37455e-05
-1.45477e-05
-3.44143e-05
-1.64586e-05
-3.50418e-05
-1.8374e-05
-3.56361e-05
-2.02893e-05
-3.62022e-05
-2.22013e-05
-3.67441e-05
-2.41072e-05
-3.72645e-05
-2.6005e-05
-3.7765e-05
-2.78928e-05
-3.8246e-05
-2.97689e-05
-3.87073e-05
-3.16316e-05
-3.91494e-05
-3.3479e-05
-3.95732e-05
-3.53087e-05
-3.99809e-05
-3.7118e-05
-4.03753e-05
-3.89042e-05
-4.07596e-05
-4.06642e-05
-4.1136e-05
-4.23952e-05
-4.15051e-05
-4.40944e-05
-4.1866e-05
-4.57586e-05
-4.22225e-05
-4.26598e-05
-6.28725e-06
-2.78206e-05
-8.08029e-06
-2.93334e-05
-9.9633e-06
-3.02899e-05
-1.19006e-05
-3.10772e-05
-1.38714e-05
-3.17746e-05
-1.58627e-05
-3.2423e-05
-1.78654e-05
-3.30391e-05
-1.9873e-05
-3.36285e-05
-2.18809e-05
-3.41943e-05
-2.38855e-05
-3.47394e-05
-2.5884e-05
-3.5266e-05
-2.78741e-05
-3.5775e-05
-2.98536e-05
-3.62665e-05
-3.18205e-05
-3.67404e-05
-3.37731e-05
-3.71969e-05
-3.5709e-05
-3.76372e-05
-3.76261e-05
-3.80638e-05
-3.95216e-05
-3.84798e-05
-4.13929e-05
-3.88882e-05
-4.32377e-05
-3.92913e-05
-4.50536e-05
-3.96892e-05
-4.68383e-05
-4.00812e-05
-4.85896e-05
-4.04713e-05
-4.09389e-05
-7.04698e-06
-2.60201e-05
-8.93544e-06
-2.7445e-05
-1.09067e-05
-2.83186e-05
-1.29302e-05
-2.90537e-05
-1.49869e-05
-2.9718e-05
-1.7064e-05
-3.03459e-05
-1.91526e-05
-3.09505e-05
-2.12465e-05
-3.15346e-05
-2.33406e-05
-3.21001e-05
-2.54315e-05
-3.26486e-05
-2.7516e-05
-3.31815e-05
-2.95915e-05
-3.36995e-05
-3.16557e-05
-3.42023e-05
-3.37065e-05
-3.46895e-05
-3.57418e-05
-3.51616e-05
-3.77594e-05
-3.56197e-05
-3.97568e-05
-3.60664e-05
-4.17316e-05
-3.65049e-05
-4.36816e-05
-3.69383e-05
-4.56045e-05
-3.73683e-05
-4.74987e-05
-3.7795e-05
-4.93626e-05
-3.82173e-05
-5.11946e-05
-3.86392e-05
-3.91345e-05
-7.72273e-06
-2.41084e-05
-9.69696e-06
-2.54707e-05
-1.17493e-05
-2.62663e-05
-1.38529e-05
-2.69501e-05
-1.59895e-05
-2.75814e-05
-1.81464e-05
-2.81889e-05
-2.03149e-05
-2.8782e-05
-2.24886e-05
-2.9361e-05
-2.46625e-05
-2.99262e-05
-2.68327e-05
-3.04783e-05
-2.89962e-05
-3.10181e-05
-3.115e-05
-3.15456e-05
-3.32918e-05
-3.20604e-05
-3.54193e-05
-3.25621e-05
-3.75301e-05
-3.30507e-05
-3.96221e-05
-3.35277e-05
-4.16929e-05
-3.39956e-05
-4.37402e-05
-3.44576e-05
-4.57619e-05
-3.49165e-05
-4.77564e-05
-3.53739e-05
-4.97221e-05
-3.58293e-05
-5.1658e-05
-3.62814e-05
-5.35637e-05
-3.67336e-05
-3.7253e-05
-8.31145e-06
-2.20974e-05
-1.03607e-05
-2.34215e-05
-1.24873e-05
-2.41397e-05
-1.46648e-05
-2.47726e-05
-1.68751e-05
-2.53711e-05
-1.91055e-05
-2.59585e-05
-2.13474e-05
-2.65401e-05
-2.35941e-05
-2.71143e-05
-2.58408e-05
-2.76795e-05
-2.80833e-05
-2.82357e-05
-3.03185e-05
-2.87829e-05
-3.25434e-05
-2.93207e-05
-3.47554e-05
-2.98485e-05
-3.6952e-05
-3.03655e-05
-3.91309e-05
-3.08718e-05
-4.12899e-05
-3.13687e-05
-4.34268e-05
-3.18587e-05
-4.55396e-05
-3.23449e-05
-4.76264e-05
-3.28297e-05
-4.96858e-05
-3.33145e-05
-5.17162e-05
-3.37988e-05
-5.37161e-05
-3.42815e-05
-5.56851e-05
-3.47646e-05
-3.52982e-05
-8.80631e-06
-2.00033e-05
-1.09213e-05
-2.13065e-05
-1.31159e-05
-2.19451e-05
-1.53617e-05
-2.25268e-05
-1.76397e-05
-2.30932e-05
-1.99371e-05
-2.36611e-05
-2.22455e-05
-2.42317e-05
-2.45584e-05
-2.48014e-05
-2.68707e-05
-2.53673e-05
-2.91783e-05
-2.59281e-05
-3.14778e-05
-2.64834e-05
-3.37661e-05
-2.70324e-05
-3.60406e-05
-2.7574e-05
-3.82987e-05
-2.81074e-05
-4.0538e-05
-2.86325e-05
-4.27564e-05
-2.91503e-05
-4.49518e-05
-2.96633e-05
-4.71227e-05
-3.01741e-05
-4.92674e-05
-3.0685e-05
-5.13848e-05
-3.11971e-05
-5.34737e-05
-3.171e-05
-5.55325e-05
-3.22228e-05
-5.75584e-05
-3.27387e-05
-3.32831e-05
-9.19961e-06
-1.78418e-05
-1.13735e-05
-1.91326e-05
-1.36303e-05
-1.96883e-05
-1.59395e-05
-2.02176e-05
-1.82797e-05
-2.07529e-05
-2.06377e-05
-2.13031e-05
-2.30058e-05
-2.18635e-05
-2.53776e-05
-2.24295e-05
-2.77482e-05
-2.29967e-05
-3.01133e-05
-2.3563e-05
-3.24694e-05
-2.41273e-05
-3.48135e-05
-2.46883e-05
-3.71428e-05
-2.52448e-05
-3.94545e-05
-2.57957e-05
-4.17464e-05
-2.63406e-05
-4.40162e-05
-2.68804e-05
-4.62624e-05
-2.74171e-05
-4.84833e-05
-2.79531e-05
-5.06781e-05
-2.84902e-05
-5.2846e-05
-2.90292e-05
-5.49861e-05
-2.95698e-05
-5.70975e-05
-3.01114e-05
-5.91784e-05
-3.06578e-05
-3.12198e-05
-9.48284e-06
-1.56089e-05
-1.17094e-05
-1.69061e-05
-1.40249e-05
-1.73727e-05
-1.63939e-05
-1.78486e-05
-1.87916e-05
-1.83552e-05
-2.12045e-05
-1.88903e-05
-2.36253e-05
-1.94427e-05
-2.60487e-05
-2.00061e-05
-2.847e-05
-2.05755e-05
-3.08849e-05
-2.11481e-05
-3.329e-05
-2.17222e-05
-3.5682e-05
-2.22962e-05
-3.80582e-05
-2.28686e-05
-4.04158e-05
-2.34381e-05
-4.27524e-05
-2.4004e-05
-4.5066e-05
-2.45668e-05
-4.73551e-05
-2.51281e-05
-4.96185e-05
-2.56897e-05
-5.18556e-05
-2.62531e-05
-5.4066e-05
-2.68188e-05
-5.62493e-05
-2.73865e-05
-5.8405e-05
-2.79557e-05
-6.05334e-05
-2.85294e-05
-2.91144e-05
-9.63199e-06
-1.33769e-05
-1.19125e-05
-1.46255e-05
-1.42941e-05
-1.49912e-05
-1.67225e-05
-1.54202e-05
-1.91732e-05
-1.59045e-05
-2.16352e-05
-1.64282e-05
-2.41022e-05
-1.69757e-05
-2.65697e-05
-1.75386e-05
-2.90338e-05
-1.81114e-05
-3.14906e-05
-1.86913e-05
-3.39366e-05
-1.92762e-05
-3.63687e-05
-1.98642e-05
-3.87839e-05
-2.04534e-05
-4.11795e-05
-2.10424e-05
-4.35532e-05
-2.16303e-05
-4.5903e-05
-2.2217e-05
-4.82275e-05
-2.28036e-05
-5.05258e-05
-2.33913e-05
-5.27977e-05
-2.39812e-05
-5.50429e-05
-2.45736e-05
-5.72613e-05
-2.51681e-05
-5.94526e-05
-2.57643e-05
-6.16175e-05
-2.63646e-05
-2.69737e-05
-9.50955e-06
-1.19662e-05
-1.44375e-05
-1.69255e-05
-1.94242e-05
-2.19287e-05
-2.44347e-05
-2.6939e-05
-2.9438e-05
-3.19285e-05
-3.44073e-05
-3.68712e-05
-3.93175e-05
-4.17434e-05
-4.41464e-05
-4.65246e-05
-4.88769e-05
-5.12025e-05
-5.35012e-05
-5.57732e-05
-5.80183e-05
-6.02364e-05
-6.2428e-05
)
;

boundaryField
{
    rotor
    {
        type            calculated;
        value           nonuniform List<scalar> 
144
(
-2.11758e-22
-2.11758e-22
0
0
0
-4.23516e-22
-2.46104e-24
-3.5282e-25
6.4006e-25
-1.74029e-24
3.12766e-24
-1.20837e-24
1.877e-24
-2.60614e-25
-1.24927e-24
-2.3011e-24
5.5621e-26
4.80656e-24
1.13232e-24
-1.16806e-23
7.58669e-24
2.37764e-24
-1.99432e-25
-1.98818e-24
-1.43697e-24
-6.92194e-25
-5.33059e-25
3.7324e-24
1.41525e-24
2.36482e-24
0
0
-2.11758e-22
-4.23516e-22
0
4.23516e-22
0
0
2.11758e-22
4.23516e-22
0
0
2.72413e-25
-3.5282e-25
6.4006e-25
-1.74029e-24
3.12766e-24
-1.20837e-24
1.877e-24
-2.60614e-25
-1.24927e-24
-2.3011e-24
5.5621e-26
4.80656e-24
1.13232e-24
-1.16806e-23
7.58669e-24
2.37764e-24
-1.99432e-25
-1.98818e-24
-1.43697e-24
-6.92194e-25
-5.33059e-25
3.7324e-24
1.41525e-24
2.68086e-25
2.11758e-22
0
2.11758e-22
0
0
0
0
0
2.11758e-22
0
0
-4.23516e-22
1.00348e-24
-3.5282e-25
6.4006e-25
-1.74029e-24
3.12766e-24
-1.20837e-24
1.877e-24
-2.60614e-25
-1.24927e-24
-2.3011e-24
5.5621e-26
4.80656e-24
1.13232e-24
-1.16806e-23
7.58669e-24
2.37764e-24
-1.99432e-25
-1.98818e-24
-1.43697e-24
-6.92194e-25
-5.33059e-25
3.7324e-24
1.41525e-24
1.57429e-24
0
0
-2.11758e-22
4.23516e-22
-4.23516e-22
0
0
0
-4.23516e-22
4.23516e-22
4.23516e-22
0
1.23774e-24
-3.5282e-25
6.4006e-25
-1.74029e-24
3.12766e-24
-1.20837e-24
1.877e-24
-2.60614e-25
-1.24927e-24
-2.3011e-24
5.5621e-26
4.80656e-24
1.13232e-24
-1.16806e-23
7.58669e-24
2.37764e-24
-1.99432e-25
-1.98818e-24
-1.43697e-24
-6.92194e-25
-5.33059e-25
3.7324e-24
1.41525e-24
-1.48573e-24
2.11758e-22
0
0
0
0
0
)
;
    }
    freestream
    {
        type            calculated;
        value           nonuniform List<scalar> 
96
(
-6.51477e-05
-6.54127e-05
-6.53897e-05
-6.50785e-05
-6.44804e-05
-6.35974e-05
-6.24328e-05
-6.0992e-05
-5.92802e-05
-5.7302e-05
-5.5065e-05
-5.25778e-05
-4.98497e-05
-4.6891e-05
-4.37127e-05
-4.03271e-05
-3.67471e-05
-3.29866e-05
-2.90603e-05
-2.49839e-05
-2.0774e-05
-1.64487e-05
-1.20282e-05
-7.53927e-06
-3.05398e-06
1.26465e-06
5.42815e-06
9.62103e-06
1.38176e-05
1.7978e-05
2.20763e-05
2.60942e-05
3.00171e-05
3.38346e-05
3.754e-05
4.11322e-05
4.46156e-05
4.80018e-05
5.13068e-05
5.45387e-05
5.76776e-05
6.06257e-05
6.31187e-05
6.46493e-05
6.44872e-05
6.1807e-05
5.60986e-05
4.77371e-05
3.83423e-05
2.98881e-05
2.56365e-05
2.51313e-05
2.8425e-05
3.55949e-05
4.52745e-05
5.57167e-05
6.56346e-05
7.19896e-05
7.17769e-05
6.87416e-05
6.42257e-05
5.90683e-05
5.40675e-05
4.92868e-05
4.46791e-05
4.0217e-05
3.58147e-05
3.14188e-05
2.70263e-05
2.2626e-05
1.82117e-05
1.37899e-05
9.37425e-06
4.98592e-06
6.62225e-07
-3.5742e-06
-8.13481e-06
-1.2661e-05
-1.71004e-05
-2.14311e-05
-2.56358e-05
-2.96992e-05
-3.3606e-05
-3.7342e-05
-4.08931e-05
-4.42464e-05
-4.73894e-05
-5.03105e-05
-5.29991e-05
-5.54452e-05
-5.76399e-05
-5.95734e-05
-6.12417e-05
-6.26388e-05
-6.37582e-05
-6.45955e-05
)
;
    }
    frontAndBack
    {
        type            empty;
    }
}


// ************************************************************************* //
