/*--------------------------------*- C++ -*----------------------------------*\
  =========                 |
  \\      /  F ield         | OpenFOAM: The Open Source CFD Toolbox
   \\    /   O peration     | Website:  https://openfoam.org
    \\  /    A nd           | Version:  11
     \\/     M anipulation  |
\*---------------------------------------------------------------------------*/
FoamFile
{
    format      ascii;
    class       surfaceScalarField;
    location    "0.44";
    object      phi;
}
// * * * * * * * * * * * * * * * * * * * * * * * * * * * * * * * * * * * * * //

dimensions      [0 3 -1 0 0 0 0];

internalField   nonuniform List<scalar> 
5640
(
-1.87413e-07
1.87413e-07
-4.03349e-07
2.15936e-07
-5.12732e-07
1.09384e-07
-4.62617e-07
-5.01158e-08
2.28435e-07
-6.91051e-07
-1.1637e-06
1.39213e-06
-2.26209e-07
4.13621e-07
-4.29268e-07
4.18995e-07
-5.01471e-07
1.81587e-07
-3.61368e-07
-1.90219e-07
1.34199e-07
-1.18662e-06
-2.10684e-06
1.07735e-06
-2.24628e-07
6.3825e-07
-4.13528e-07
6.07895e-07
-4.81584e-07
2.49644e-07
-3.45741e-07
-3.26062e-07
1.24059e-08
-1.54477e-06
-2.71155e-06
6.17109e-07
-2.21164e-07
8.59414e-07
-3.992e-07
7.85931e-07
-4.78605e-07
3.29049e-07
-3.9337e-07
-4.11296e-07
-2.07075e-07
-1.73106e-06
-3.04537e-06
1.26748e-07
-2.1699e-07
1.0764e-06
-3.8934e-07
9.5828e-07
-4.90884e-07
4.30594e-07
-4.74836e-07
-4.27345e-07
-4.16508e-07
-1.78939e-06
-3.19097e-06
-2.70911e-07
-2.12003e-07
1.28841e-06
-3.82478e-07
1.12875e-06
-5.12541e-07
5.60657e-07
-5.70282e-07
-3.69605e-07
-6.19759e-07
-1.73991e-06
-3.17622e-06
-6.34506e-07
-2.07653e-07
1.49606e-06
-3.76325e-07
1.29743e-06
-5.36686e-07
7.21018e-07
-6.66172e-07
-2.40119e-07
-8.11518e-07
-1.59457e-06
-3.03089e-06
-9.56848e-07
-2.00778e-07
1.69684e-06
-3.68206e-07
1.46485e-06
-5.57073e-07
9.09885e-07
-7.5219e-07
-4.50012e-08
-9.80202e-07
-1.36655e-06
-2.79007e-06
-1.22102e-06
-1.83016e-07
1.87985e-06
-3.53261e-07
1.6351e-06
-5.67704e-07
1.12433e-06
-8.19846e-07
2.0714e-07
-1.11639e-06
-1.07001e-06
-2.48232e-06
-1.42414e-06
-1.58587e-07
2.03844e-06
-3.28483e-07
1.805e-06
-5.63256e-07
1.3591e-06
-8.62091e-07
5.05975e-07
-1.21336e-06
-7.18738e-07
-2.12875e-06
-1.56693e-06
-1.30097e-07
2.16854e-06
-2.9201e-07
1.96691e-06
-5.39186e-07
1.60628e-06
-8.72992e-07
8.39781e-07
-1.26517e-06
-3.2656e-07
-1.74796e-06
-1.64596e-06
-9.64901e-08
2.26503e-06
-2.42169e-07
2.11259e-06
-4.91732e-07
1.85584e-06
-8.4767e-07
1.19572e-06
-1.26769e-06
9.34551e-08
-1.35304e-06
-1.66261e-06
-5.63849e-08
2.32141e-06
-1.77702e-07
2.23391e-06
-4.17949e-07
2.09609e-06
-7.82071e-07
1.55984e-06
-1.21707e-06
5.2845e-07
-9.55797e-07
-1.6143e-06
-7.54649e-09
2.32896e-06
-9.8067e-08
2.32443e-06
-3.15824e-07
2.31384e-06
-6.72861e-07
1.91688e-06
-1.10986e-06
9.65451e-07
-5.65782e-07
-1.49988e-06
4.94904e-08
2.27947e-06
-4.53111e-09
2.37845e-06
-1.84463e-07
2.49377e-06
-5.17449e-07
2.24986e-06
-9.42818e-07
1.39082e-06
-1.90233e-07
-1.31837e-06
1.16257e-07
2.16321e-06
1.03403e-07
2.3913e-06
-2.43768e-08
2.62155e-06
-3.14135e-07
2.53962e-06
-7.12744e-07
1.78943e-06
1.66632e-07
-1.06961e-06
1.79561e-07
1.98365e-06
2.19508e-07
2.35135e-06
1.62442e-07
2.67862e-06
-6.24025e-08
2.76447e-06
-4.16891e-07
2.14392e-06
5.02924e-07
-7.53183e-07
2.27958e-07
1.75569e-06
3.39097e-07
2.24021e-06
3.71834e-07
2.64588e-06
2.36764e-07
2.89954e-06
-6.16668e-08
2.44235e-06
8.12638e-07
-3.71381e-07
2.66168e-07
1.48953e-06
4.57486e-07
2.0489e-06
5.97947e-07
2.50542e-06
5.81445e-07
2.91604e-06
3.78717e-07
2.64508e-06
1.09127e-06
1.00081e-07
2.95978e-07
1.19355e-06
5.69803e-07
1.77507e-06
8.32726e-07
2.2425e-06
9.66589e-07
2.78218e-06
8.97536e-07
2.71413e-06
1.33777e-06
6.51044e-07
3.15851e-07
8.77698e-07
6.70343e-07
1.42058e-06
1.06492e-06
1.84792e-06
1.3855e-06
2.4616e-06
1.50902e-06
2.5906e-06
1.48046e-06
1.36633e-06
3.24202e-07
5.53496e-07
7.52452e-07
9.92329e-07
1.27793e-06
1.32244e-06
1.82527e-06
1.91426e-06
2.23692e-06
2.17895e-06
1.37848e-06
2.3389e-06
3.16588e-07
2.36907e-07
8.05749e-07
5.03168e-07
1.44249e-06
6.85702e-07
2.2548e-06
1.10196e-06
3.08749e-06
1.34625e-06
8.924e-07
3.57357e-06
2.36907e-07
7.40076e-07
1.42578e-06
2.52773e-06
3.87399e-06
4.76639e-06
-9.54529e-07
-1.0959e-05
1.33057e-05
-1.10901e-06
-1.02178e-05
1.03723e-05
-1.19078e-07
-7.91635e-06
6.92642e-06
1.61373e-06
-5.52874e-06
3.79594e-06
3.91671e-06
-3.36898e-06
1.066e-06
6.63446e-06
-1.5562e-06
-1.16155e-06
9.63843e-06
-1.2268e-07
-2.88129e-06
1.28263e-05
9.28851e-07
-4.11672e-06
1.61177e-05
1.61692e-06
-4.90833e-06
1.94513e-05
1.97118e-06
-5.30475e-06
2.27843e-05
2.0263e-06
-5.35931e-06
2.609e-05
1.82061e-06
-5.12629e-06
2.93547e-05
1.39374e-06
-4.65845e-06
3.25754e-05
7.84108e-07
-4.00483e-06
3.57567e-05
2.85386e-08
-3.2098e-06
3.89083e-05
-8.38813e-07
-2.31288e-06
4.20444e-05
-1.78781e-06
-1.34821e-06
4.51798e-05
-2.79006e-06
-3.45358e-07
4.83301e-05
-3.82038e-06
6.70109e-07
5.15094e-05
-4.85527e-06
1.67598e-06
5.4734e-05
-5.87757e-06
2.6529e-06
5.80107e-05
-6.86294e-06
3.58625e-06
6.13551e-05
-7.82208e-06
4.47772e-06
-8.74155e-06
5.27381e-06
-2.28476e-07
-9.65319e-06
-7.36593e-07
-9.70967e-06
-2.04765e-07
-8.44818e-06
1.04592e-06
-6.77942e-06
2.85785e-06
-5.18092e-06
5.09088e-06
-3.78923e-06
7.62605e-06
-2.65785e-06
1.0364e-05
-1.80909e-06
1.3226e-05
-1.24503e-06
1.61503e-05
-9.53159e-07
1.90907e-05
-9.1413e-07
2.20151e-05
-1.10377e-06
2.49041e-05
-1.49524e-06
2.77487e-05
-2.06051e-06
3.05476e-05
-2.77033e-06
3.33067e-05
-3.59794e-06
3.60385e-05
-4.51962e-06
3.87597e-05
-5.51129e-06
4.14907e-05
-6.55132e-06
4.42542e-05
-7.61886e-06
4.70721e-05
-8.69539e-06
4.99662e-05
-9.75709e-06
5.29412e-05
-1.07971e-05
-1.18113e-05
-2.53168e-07
-8.78291e-06
-7.12818e-07
-9.25002e-06
-4.43612e-07
-8.71739e-06
4.32475e-07
-7.65551e-06
1.8078e-06
-6.55624e-06
3.56789e-06
-5.54933e-06
5.61284e-06
-4.7028e-06
7.85369e-06
-4.04994e-06
1.02145e-05
-3.60582e-06
1.26333e-05
-3.37201e-06
1.50619e-05
-3.3427e-06
1.7464e-05
-3.50584e-06
1.98154e-05
-3.84671e-06
2.21034e-05
-4.34843e-06
2.43252e-05
-4.99213e-06
2.64884e-05
-5.76118e-06
2.86084e-05
-6.63964e-06
3.07078e-05
-7.61069e-06
3.28151e-05
-8.65862e-06
3.49625e-05
-9.7662e-06
3.71798e-05
-1.09127e-05
3.94918e-05
-1.20692e-05
4.1896e-05
-1.32012e-05
-1.42631e-05
-5.1908e-07
-8.13708e-06
-8.95778e-07
-8.87332e-06
-7.83204e-07
-8.82996e-06
-1.81583e-07
-8.25713e-06
8.30828e-07
-7.56865e-06
2.17108e-06
-6.88957e-06
3.7575e-06
-6.28922e-06
5.51432e-06
-5.80676e-06
7.37352e-06
-5.46502e-06
9.27776e-06
-5.27625e-06
1.11802e-05
-5.24512e-06
1.30455e-05
-5.37111e-06
1.48497e-05
-5.65099e-06
1.65798e-05
-6.07852e-06
1.82345e-05
-6.64681e-06
1.98231e-05
-7.34978e-06
2.13641e-05
-8.1806e-06
2.28848e-05
-9.13139e-06
2.44194e-05
-1.01932e-05
2.6006e-05
-1.13528e-05
2.76822e-05
-1.25888e-05
2.94779e-05
-1.38649e-05
3.13933e-05
-1.51166e-05
-1.62343e-05
-8.40794e-07
-7.5672e-06
-1.17616e-06
-8.53796e-06
-1.15208e-06
-8.85404e-06
-7.37955e-07
-8.67125e-06
8.90001e-09
-8.31551e-06
1.0231e-06
-7.90377e-06
2.23881e-06
-7.50493e-06
3.59309e-06
-7.16105e-06
5.02924e-06
-6.90117e-06
6.49805e-06
-6.74506e-06
7.95838e-06
-6.70545e-06
9.37818e-06
-6.79091e-06
1.07354e-05
-7.0082e-06
1.20193e-05
-7.36246e-06
1.32299e-05
-7.85735e-06
1.43764e-05
-8.49635e-06
1.54775e-05
-9.28169e-06
1.6561e-05
-1.02149e-05
1.76618e-05
-1.1294e-05
1.88188e-05
-1.25098e-05
2.007e-05
-1.38401e-05
2.14466e-05
-1.52416e-05
2.29589e-05
-1.66289e-05
-1.78297e-05
-1.16167e-06
-7.04004e-06
-1.47478e-06
-8.22484e-06
-1.49365e-06
-8.83517e-06
-1.18944e-06
-8.97546e-06
-6.07737e-07
-8.89721e-06
1.96684e-07
-8.70819e-06
1.16879e-06
-8.47703e-06
2.25581e-06
-8.24807e-06
3.40975e-06
-8.05511e-06
4.59049e-06
-7.92579e-06
5.76673e-06
-7.8817e-06
6.9164e-06
-7.94057e-06
8.02559e-06
-8.11739e-06
9.08857e-06
-8.42544e-06
1.01082e-05
-8.87697e-06
1.10957e-05
-9.48389e-06
1.20691e-05
-1.0255e-05
1.30489e-05
-1.11947e-05
1.40579e-05
-1.23031e-05
1.51207e-05
-1.35726e-05
1.62609e-05
-1.49803e-05
1.74952e-05
-1.64759e-05
1.88163e-05
-1.79499e-05
-1.91792e-05
-1.45349e-06
-6.54339e-06
-1.74253e-06
-7.93581e-06
-1.7644e-06
-8.8133e-06
-1.50033e-06
-9.23953e-06
-9.89973e-07
-9.40757e-06
-2.80618e-07
-9.41755e-06
5.80939e-07
-9.33859e-06
1.55386e-06
-9.22099e-06
2.6018e-06
-9.10305e-06
3.69386e-06
-9.01785e-06
4.80497e-06
-8.9928e-06
5.917e-06
-9.0526e-06
7.01843e-06
-9.21883e-06
8.10363e-06
-9.51063e-06
9.17154e-06
-9.94488e-06
1.02234e-05
-1.05357e-05
1.12645e-05
-1.12962e-05
1.2306e-05
-1.22362e-05
1.33629e-05
-1.33599e-05
1.4453e-05
-1.46627e-05
1.55965e-05
-1.61238e-05
1.68119e-05
-1.76912e-05
1.81085e-05
-1.92465e-05
-2.05604e-05
-1.69732e-06
-6.0671e-06
-1.95018e-06
-7.68294e-06
-1.93535e-06
-8.82814e-06
-1.64647e-06
-9.52842e-06
-1.12091e-06
-9.93313e-06
-4.02352e-07
-1.01361e-05
4.6833e-07
-1.02093e-05
1.45568e-06
-1.02083e-05
2.52981e-06
-1.01772e-05
3.66857e-06
-1.01566e-05
4.85199e-06
-1.01762e-05
6.06577e-06
-1.02664e-05
7.29931e-06
-1.04524e-05
8.5459e-06
-1.07572e-05
9.80271e-06
-1.12017e-05
1.10705e-05
-1.18035e-05
1.23522e-05
-1.25779e-05
1.36533e-05
-1.35373e-05
1.49833e-05
-1.469e-05
1.63576e-05
-1.6037e-05
1.7799e-05
-1.75651e-05
1.93512e-05
-1.92435e-05
2.10299e-05
-2.09252e-05
-2.24082e-05
-1.8784e-06
-5.61284e-06
-2.07562e-06
-7.48572e-06
-1.98465e-06
-8.91911e-06
-1.60949e-06
-9.90358e-06
-9.90203e-07
-1.05524e-05
-1.69067e-07
-1.09572e-05
8.16385e-07
-1.11947e-05
1.93632e-06
-1.13283e-05
3.16848e-06
-1.14093e-05
4.49394e-06
-1.14821e-05
5.90032e-06
-1.15826e-05
7.37936e-06
-1.17454e-05
8.92461e-06
-1.19976e-05
1.05326e-05
-1.23653e-05
1.2202e-05
-1.2871e-05
1.39329e-05
-1.35344e-05
1.57265e-05
-1.43715e-05
1.75848e-05
-1.53956e-05
1.95112e-05
-1.66163e-05
2.1512e-05
-1.80378e-05
2.35968e-05
-1.96499e-05
2.57767e-05
-2.14234e-05
2.81153e-05
-2.32638e-05
-2.49437e-05
-1.99071e-06
-5.18906e-06
-2.10732e-06
-7.36911e-06
-1.89303e-06
-9.1334e-06
-1.36945e-06
-1.04272e-05
-5.82244e-07
-1.13396e-05
4.25232e-07
-1.19647e-05
1.61837e-06
-1.23879e-05
2.97155e-06
-1.26815e-05
4.46745e-06
-1.29053e-05
6.09424e-06
-1.31089e-05
7.84551e-06
-1.33339e-05
9.71683e-06
-1.36167e-05
1.17073e-05
-1.39881e-05
1.38168e-05
-1.44747e-05
1.60451e-05
-1.50993e-05
1.83923e-05
-1.58816e-05
2.0857e-05
-1.68362e-05
2.34353e-05
-1.79739e-05
2.61203e-05
-1.93013e-05
2.89009e-05
-2.08185e-05
3.17661e-05
-2.25152e-05
3.47117e-05
-2.43691e-05
3.77553e-05
-2.63074e-05
-2.81463e-05
-2.02355e-06
-4.81148e-06
-2.02769e-06
-7.36497e-06
-1.63888e-06
-9.52221e-06
-9.02094e-07
-1.11639e-05
1.25766e-07
-1.23675e-05
1.39665e-06
-1.32356e-05
2.87716e-06
-1.38684e-05
4.54499e-06
-1.43493e-05
6.38714e-06
-1.47474e-05
8.39702e-06
-1.51187e-05
1.05728e-05
-1.55097e-05
1.29153e-05
-1.59592e-05
1.54265e-05
-1.64993e-05
1.81079e-05
-1.71561e-05
2.09593e-05
-1.79508e-05
2.39783e-05
-1.89006e-05
2.71592e-05
-2.0017e-05
3.04908e-05
-2.13056e-05
3.39541e-05
-2.27646e-05
3.75217e-05
-2.4386e-05
4.11574e-05
-2.61509e-05
4.48254e-05
-2.80371e-05
4.84904e-05
-2.99724e-05
-3.18944e-05
-1.97619e-06
-4.4979e-06
-1.82244e-06
-7.51871e-06
-1.19838e-06
-1.01463e-05
-1.78644e-07
-1.21837e-05
1.16058e-06
-1.37067e-05
2.76554e-06
-1.48406e-05
4.6009e-06
-1.57037e-05
6.64706e-06
-1.63955e-05
8.895e-06
-1.69953e-05
1.13423e-05
-1.7566e-05
1.399e-05
-1.81574e-05
1.684e-05
-1.88092e-05
1.98937e-05
-1.9553e-05
2.31503e-05
-2.04127e-05
2.66062e-05
-2.14067e-05
3.02524e-05
-2.25467e-05
3.40733e-05
-2.3838e-05
3.80464e-05
-2.52786e-05
4.21401e-05
-2.68583e-05
4.63199e-05
-2.85658e-05
5.05398e-05
-3.03708e-05
5.47433e-05
-3.22406e-05
5.88593e-05
-3.40883e-05
-3.60563e-05
-1.83917e-06
-4.27303e-06
-1.47453e-06
-7.88336e-06
-5.4494e-07
-1.10759e-05
8.30129e-07
-1.35588e-05
2.55138e-06
-1.54279e-05
4.55502e-06
-1.68442e-05
6.80432e-06
-1.7953e-05
9.28013e-06
-1.88713e-05
1.19738e-05
-1.9689e-05
1.48814e-05
-2.04736e-05
1.8001e-05
-2.1277e-05
2.13308e-05
-2.21391e-05
2.48685e-05
-2.30907e-05
2.86093e-05
-2.41536e-05
3.25445e-05
-2.53419e-05
3.66584e-05
-2.66606e-05
4.09324e-05
-2.8112e-05
4.53399e-05
-2.96861e-05
4.98374e-05
-3.13559e-05
5.43932e-05
-3.31215e-05
5.89638e-05
-3.49414e-05
6.34945e-05
-3.67714e-05
6.79002e-05
-3.8494e-05
-4.02658e-05
-1.60514e-06
-4.16777e-06
-9.64415e-07
-8.52408e-06
3.50219e-07
-1.23905e-05
2.1561e-06
-1.53646e-05
4.32672e-06
-1.75986e-05
6.78327e-06
-1.93008e-05
9.4789e-06
-2.06486e-05
1.23885e-05
-2.17809e-05
1.55015e-05
-2.2802e-05
1.88149e-05
-2.3787e-05
2.23272e-05
-2.47892e-05
2.60364e-05
-2.58483e-05
2.99385e-05
-2.69929e-05
3.40239e-05
-2.82389e-05
3.82806e-05
-2.95986e-05
4.26789e-05
-3.10589e-05
4.71972e-05
-3.26303e-05
5.18038e-05
-3.42927e-05
5.64658e-05
-3.60178e-05
6.1071e-05
-3.77268e-05
6.54772e-05
-3.93476e-05
6.95382e-05
-4.08323e-05
7.32431e-05
-4.21989e-05
-4.35858e-05
-1.26613e-06
-4.22001e-06
-2.66663e-07
-9.52355e-06
1.51614e-06
-1.41733e-05
3.82479e-06
-1.76733e-05
6.48238e-06
-2.02561e-05
9.38511e-06
-2.22035e-05
1.24848e-05
-2.37483e-05
1.57664e-05
-2.50626e-05
1.9226e-05
-2.62615e-05
2.2861e-05
-2.7422e-05
2.66669e-05
-2.85951e-05
3.06352e-05
-2.98166e-05
3.4756e-05
-3.11137e-05
3.90074e-05
-3.24903e-05
4.33734e-05
-3.39647e-05
4.78309e-05
-3.55163e-05
5.22893e-05
-3.70887e-05
5.66021e-05
-3.86055e-05
6.0627e-05
-4.00428e-05
6.42756e-05
-4.13754e-05
6.75605e-05
-4.26325e-05
7.05204e-05
-4.37922e-05
7.32559e-05
-4.49344e-05
-4.59763e-05
-8.10489e-07
-4.47913e-06
6.45045e-07
-1.09791e-05
2.98042e-06
-1.65087e-05
5.81501e-06
-2.05079e-05
8.92434e-06
-2.33655e-05
1.22092e-05
-2.54883e-05
1.56385e-05
-2.71776e-05
1.92037e-05
-2.86277e-05
2.29004e-05
-2.99582e-05
2.67194e-05
-3.1241e-05
3.06488e-05
-3.25245e-05
3.46723e-05
-3.38401e-05
3.87798e-05
-3.52212e-05
4.29421e-05
-3.66525e-05
4.70441e-05
-3.80667e-05
5.09348e-05
-3.9407e-05
5.45085e-05
-4.06624e-05
5.77651e-05
-4.18621e-05
6.07358e-05
-4.30135e-05
6.34849e-05
-4.41245e-05
6.60488e-05
-4.51964e-05
6.84654e-05
-4.62088e-05
7.06568e-05
-4.71258e-05
-4.77998e-05
-2.12501e-07
-5.01981e-06
1.80861e-06
-1.30002e-05
4.73395e-06
-1.9434e-05
8.04944e-06
-2.38234e-05
1.1521e-05
-2.68371e-05
1.50717e-05
-2.9039e-05
1.86876e-05
-3.07935e-05
2.23663e-05
-3.23064e-05
2.60989e-05
-3.36908e-05
2.98688e-05
-3.5011e-05
3.36628e-05
-3.63185e-05
3.74687e-05
-3.7646e-05
4.11861e-05
-3.89386e-05
4.46784e-05
-4.01448e-05
4.78752e-05
-4.12635e-05
5.08085e-05
-4.23404e-05
5.35311e-05
-4.3385e-05
5.60874e-05
-4.44184e-05
5.85139e-05
-4.54399e-05
6.08187e-05
-4.64292e-05
6.29729e-05
-4.73506e-05
6.49273e-05
-4.81632e-05
6.65611e-05
-4.87596e-05
-4.91079e-05
5.55873e-07
-5.94706e-06
3.25605e-06
-1.57004e-05
6.73282e-06
-2.29108e-05
1.03969e-05
-2.74874e-05
1.40451e-05
-3.04853e-05
1.76549e-05
-3.26488e-05
2.12367e-05
-3.43753e-05
2.47892e-05
-3.58589e-05
2.82993e-05
-3.72009e-05
3.17537e-05
-3.84654e-05
3.51203e-05
-3.9685e-05
3.82965e-05
-4.08222e-05
4.12112e-05
-4.18533e-05
4.38951e-05
-4.28288e-05
4.64029e-05
-4.37713e-05
4.87772e-05
-4.47146e-05
5.10538e-05
-4.56616e-05
5.32277e-05
-4.65924e-05
5.52602e-05
-4.74724e-05
5.71058e-05
-4.82749e-05
5.87441e-05
-4.8989e-05
6.0176e-05
-4.95951e-05
6.14306e-05
-5.00142e-05
-5.00905e-05
1.55534e-06
-7.40232e-06
4.99021e-06
-1.91352e-05
8.8502e-06
-2.67708e-05
1.25985e-05
-3.12358e-05
1.61644e-05
-3.40512e-05
1.95935e-05
-3.60779e-05
2.2908e-05
-3.76897e-05
2.61059e-05
-3.90569e-05
2.91752e-05
-4.02703e-05
3.20949e-05
-4.13851e-05
3.48087e-05
-4.23988e-05
3.7298e-05
-4.33116e-05
3.96188e-05
-4.4174e-05
4.1812e-05
-4.5022e-05
4.39193e-05
-4.58787e-05
4.59402e-05
-4.67355e-05
4.78375e-05
-4.75589e-05
4.95782e-05
-4.8333e-05
5.11578e-05
-4.90521e-05
5.25881e-05
-4.97051e-05
5.38776e-05
-5.02786e-05
5.50277e-05
-5.07452e-05
5.60402e-05
-5.10266e-05
-5.09038e-05
2.86166e-06
-9.61294e-06
6.91434e-06
-2.31879e-05
1.08293e-05
-3.06857e-05
1.43488e-05
-3.47553e-05
1.76004e-05
-3.73028e-05
2.06616e-05
-3.91391e-05
2.35534e-05
-4.05816e-05
2.62754e-05
-4.17789e-05
2.88216e-05
-4.28165e-05
3.11731e-05
-4.37366e-05
3.33363e-05
-4.4562e-05
3.5362e-05
-4.53373e-05
3.72944e-05
-4.61065e-05
3.9153e-05
-4.68806e-05
4.09115e-05
-4.76371e-05
4.25393e-05
-4.83632e-05
4.40391e-05
-4.90587e-05
4.54243e-05
-4.97183e-05
4.67057e-05
-5.03334e-05
4.789e-05
-5.08894e-05
4.89744e-05
-5.1363e-05
4.99445e-05
-5.17153e-05
5.07816e-05
-5.18637e-05
-5.16184e-05
4.5171e-06
-1.27637e-05
8.79494e-06
-2.74657e-05
1.23854e-05
-3.42762e-05
1.54675e-05
-3.78374e-05
1.82801e-05
-4.01154e-05
2.08911e-05
-4.175e-05
2.33143e-05
-4.30048e-05
2.55548e-05
-4.40194e-05
2.76162e-05
-4.48778e-05
2.95125e-05
-4.56328e-05
3.12919e-05
-4.63414e-05
3.2988e-05
-4.70334e-05
3.45976e-05
-4.7716e-05
3.61017e-05
-4.83848e-05
3.75035e-05
-4.90389e-05
3.88174e-05
-4.96771e-05
4.00537e-05
-5.0295e-05
4.12184e-05
-5.0883e-05
4.23112e-05
-5.14262e-05
4.33266e-05
-5.19048e-05
4.4254e-05
-5.22905e-05
4.50813e-05
-5.25426e-05
4.58035e-05
-5.25859e-05
-5.22731e-05
6.44402e-06
-1.68688e-05
1.03859e-05
-3.14076e-05
1.33946e-05
-3.72849e-05
1.59657e-05
-4.04085e-05
1.83088e-05
-4.24585e-05
2.04632e-05
-4.39044e-05
2.24362e-05
-4.49778e-05
2.42402e-05
-4.58234e-05
2.5903e-05
-4.65407e-05
2.74567e-05
-4.71865e-05
2.89164e-05
-4.78011e-05
3.02904e-05
-4.84074e-05
3.15831e-05
-4.90087e-05
3.28051e-05
-4.96067e-05
3.3966e-05
-5.01998e-05
3.50707e-05
-5.07818e-05
3.61187e-05
-5.13431e-05
3.71067e-05
-5.18709e-05
3.80297e-05
-5.23492e-05
3.88823e-05
-5.27575e-05
3.96599e-05
-5.3068e-05
4.03606e-05
-5.32433e-05
4.09935e-05
-5.32189e-05
-5.28765e-05
8.49238e-06
-2.17876e-05
1.15684e-05
-3.44836e-05
1.3862e-05
-3.95786e-05
1.59279e-05
-4.24743e-05
1.78236e-05
-4.43542e-05
1.95486e-05
-4.56294e-05
2.11129e-05
-4.65422e-05
2.25432e-05
-4.72536e-05
2.38645e-05
-4.7862e-05
2.51014e-05
-4.84234e-05
2.62713e-05
-4.8971e-05
2.73823e-05
-4.95184e-05
2.84426e-05
-5.00691e-05
2.94565e-05
-5.06206e-05
3.04239e-05
-5.11672e-05
3.13428e-05
-5.17007e-05
3.22109e-05
-5.22112e-05
3.30257e-05
-5.26857e-05
3.3785e-05
-5.31085e-05
3.44867e-05
-5.34591e-05
3.51302e-05
-5.37115e-05
3.57185e-05
-5.38316e-05
3.62652e-05
-5.37655e-05
-5.34186e-05
1.04933e-05
-2.75145e-05
1.2213e-05
-3.62034e-05
1.38174e-05
-4.1183e-05
1.54321e-05
-4.4089e-05
1.69237e-05
-4.58457e-05
1.82648e-05
-4.69706e-05
1.94748e-05
-4.77522e-05
2.0582e-05
-4.83608e-05
2.16132e-05
-4.88932e-05
2.25897e-05
-4.93999e-05
2.35229e-05
-4.99042e-05
2.44184e-05
-5.04139e-05
2.52776e-05
-5.09283e-05
2.60995e-05
-5.14425e-05
2.68823e-05
-5.195e-05
2.76241e-05
-5.24425e-05
2.8323e-05
-5.29101e-05
2.89776e-05
-5.33403e-05
2.95867e-05
-5.37176e-05
3.01499e-05
-5.40224e-05
3.06696e-05
-5.42311e-05
3.11517e-05
-5.43138e-05
3.16115e-05
-5.42254e-05
-5.38929e-05
-6.57256e-07
6.57256e-07
-1.24997e-06
5.92716e-07
-1.09688e-06
-1.53091e-07
1.57183e-07
-1.25406e-06
3.48849e-06
-3.3313e-06
-6.13246e-06
9.62094e-06
-7.44356e-07
1.40161e-06
-1.06605e-06
9.14415e-07
-6.21388e-07
-5.97758e-07
8.48317e-07
-2.72377e-06
3.55452e-06
-6.0375e-06
-1.06358e-05
8.05785e-06
-7.05086e-07
2.1067e-06
-8.43842e-07
1.05317e-06
-2.58658e-07
-1.18294e-06
1.24706e-06
-4.22948e-06
3.72515e-06
-8.5156e-06
-1.40572e-05
7.14657e-06
-6.35084e-07
2.74178e-06
-6.5922e-07
1.07731e-06
-1.65282e-08
-1.82563e-06
1.41681e-06
-5.66282e-06
3.6337e-06
-1.07325e-05
-1.67775e-05
6.35398e-06
-5.55742e-07
3.29752e-06
-5.12937e-07
1.0345e-06
1.13647e-07
-2.45222e-06
1.42048e-06
-6.96965e-06
3.34106e-06
-1.26531e-05
-1.89855e-05
5.54911e-06
-4.74792e-07
3.77232e-06
-4.00694e-07
9.60403e-07
1.69823e-07
-3.02273e-06
1.30669e-06
-8.10652e-06
2.93144e-06
-1.42778e-05
-2.07788e-05
4.72468e-06
-3.96404e-07
4.16872e-06
-3.18002e-07
8.82e-07
1.6497e-07
-3.5057e-06
1.10855e-06
-9.0501e-06
2.45117e-06
-1.56204e-05
-2.22169e-05
3.88931e-06
-3.22343e-07
4.49106e-06
-2.59816e-07
8.19474e-07
1.12766e-07
-3.87829e-06
8.49741e-07
-9.78707e-06
1.92127e-06
-1.6692e-05
-2.33403e-05
3.04469e-06
-2.52737e-07
4.7438e-06
-2.20391e-07
7.87128e-07
2.73447e-08
-4.12602e-06
5.48335e-07
-1.03081e-05
1.35575e-06
-1.74994e-05
-2.41766e-05
2.19196e-06
-1.86601e-07
4.9304e-06
-1.93447e-07
7.93975e-07
-8.26835e-08
-4.23679e-06
2.19395e-07
-1.06101e-05
7.66116e-07
-1.80461e-05
-2.47445e-05
1.33404e-06
-1.2225e-07
5.05265e-06
-1.72214e-07
8.43939e-07
-2.01581e-07
-4.20742e-06
-1.23375e-07
-1.06883e-05
1.63637e-07
-1.83331e-05
-2.50611e-05
4.80289e-07
-5.75627e-08
5.11021e-06
-1.49865e-07
9.36241e-07
-3.18667e-07
-4.03862e-06
-4.67576e-07
-1.05394e-05
-4.40125e-07
-1.83606e-05
-2.51372e-05
-3.64091e-07
9.7301e-09
5.10048e-06
-1.19638e-07
1.06561e-06
-4.2231e-07
-3.73594e-06
-7.98943e-07
-1.01628e-05
-1.03252e-06
-1.8127e-05
-2.49832e-05
-1.18653e-06
8.07634e-08
5.01972e-06
-7.50096e-08
1.22138e-06
-5.00334e-07
-3.31062e-06
-1.10309e-06
-9.56005e-06
-1.60232e-06
-1.76278e-05
-2.46017e-05
-1.98378e-06
1.57391e-07
4.86233e-06
-1.06902e-08
1.38946e-06
-5.40267e-07
-2.78104e-06
-1.36351e-06
-8.73681e-06
-2.13666e-06
-1.68546e-05
-2.39952e-05
-2.74313e-06
2.40809e-07
4.62152e-06
8.03226e-08
1.54995e-06
-5.29484e-07
-2.17124e-06
-1.5617e-06
-7.7046e-06
-2.61863e-06
-1.57977e-05
-2.31592e-05
-3.45464e-06
3.31391e-07
4.29013e-06
1.99399e-07
1.68194e-06
-4.56022e-07
-1.51582e-06
-1.67657e-06
-6.48405e-06
-3.02614e-06
-1.44481e-05
-2.20772e-05
-4.10818e-06
4.29194e-07
3.86093e-06
3.48044e-07
1.76309e-06
-3.09757e-07
-8.58016e-07
-1.68386e-06
-5.10995e-06
-3.32996e-06
-1.2802e-05
-2.07138e-05
-4.69328e-06
5.33377e-07
3.32756e-06
5.2335e-07
1.77312e-06
-8.81019e-08
-2.46564e-07
-1.55477e-06
-3.64328e-06
-3.49051e-06
-1.08663e-05
-1.90071e-05
-5.19724e-06
6.40577e-07
2.68698e-06
7.14841e-07
1.69886e-06
2.17324e-07
2.50954e-07
-1.25454e-06
-2.17142e-06
-3.4561e-06
-8.66472e-06
-1.68628e-05
-5.60039e-06
6.96222e-07
1.99076e-06
9.01084e-07
1.49399e-06
5.90034e-07
5.62004e-07
-7.42765e-07
-8.38619e-07
-3.15372e-06
-6.25376e-06
-1.41594e-05
-5.85713e-06
7.26664e-07
1.26409e-06
1.07608e-06
1.14457e-06
9.99621e-07
6.38467e-07
5.65145e-08
1.04488e-07
-2.46954e-06
-3.7277e-06
-1.07376e-05
-5.89131e-06
7.28902e-07
5.35192e-07
1.22369e-06
6.49783e-07
1.39668e-06
4.65484e-07
1.02891e-06
4.72255e-07
-1.23792e-06
-1.46087e-06
-6.16711e-06
-5.80845e-06
5.35192e-07
1.18497e-06
1.65046e-06
2.12271e-06
6.61845e-07
-5.50526e-06
1.04255e-05
-2.83191e-05
1.18942e-05
-3.76721e-05
1.32806e-05
-4.25694e-05
1.45578e-05
-4.53662e-05
1.56995e-05
-4.69874e-05
1.67089e-05
-4.79799e-05
1.7616e-05
-4.86593e-05
1.84524e-05
-4.91972e-05
1.92411e-05
-4.96818e-05
1.99959e-05
-5.01548e-05
2.07235e-05
-5.06318e-05
2.14249e-05
-5.11153e-05
2.20987e-05
-5.1602e-05
2.27423e-05
-5.20862e-05
2.33533e-05
-5.2561e-05
2.39293e-05
-5.30186e-05
2.44687e-05
-5.34495e-05
2.49706e-05
-5.38422e-05
2.54353e-05
-5.41823e-05
2.58648e-05
-5.44518e-05
2.62634e-05
-5.46297e-05
2.66394e-05
-5.46898e-05
2.70096e-05
-5.45955e-05
-5.42923e-05
9.79461e-06
-3.00558e-05
1.12127e-05
-3.90902e-05
1.24122e-05
-4.37689e-05
1.34038e-05
-4.63579e-05
1.42388e-05
-4.78224e-05
1.49621e-05
-4.87032e-05
1.56117e-05
-4.9309e-05
1.62163e-05
-4.98017e-05
1.67933e-05
-5.02589e-05
1.73513e-05
-5.07128e-05
1.78923e-05
-5.11728e-05
1.84149e-05
-5.16379e-05
1.89159e-05
-5.2103e-05
1.93919e-05
-5.25622e-05
1.98399e-05
-5.30089e-05
2.02574e-05
-5.34361e-05
2.06433e-05
-5.38355e-05
2.09978e-05
-5.41968e-05
2.13227e-05
-5.45071e-05
2.16216e-05
-5.47507e-05
2.19007e-05
-5.49089e-05
2.21696e-05
-5.49587e-05
2.24454e-05
-5.48713e-05
-5.46085e-05
9.11122e-06
-3.20205e-05
1.03646e-05
-4.03435e-05
1.13144e-05
-4.47187e-05
1.20347e-05
-4.70782e-05
1.26048e-05
-4.83925e-05
1.30844e-05
-4.91828e-05
1.35127e-05
-4.97373e-05
1.39141e-05
-5.02031e-05
1.43014e-05
-5.06462e-05
1.46791e-05
-5.10905e-05
1.50465e-05
-5.15402e-05
1.54003e-05
-5.19917e-05
1.57368e-05
-5.24395e-05
1.60521e-05
-5.28775e-05
1.63433e-05
-5.33e-05
1.66082e-05
-5.3701e-05
1.68461e-05
-5.40734e-05
1.70578e-05
-5.44085e-05
1.72463e-05
-5.46956e-05
1.74167e-05
-5.49211e-05
1.75762e-05
-5.50683e-05
1.7735e-05
-5.51175e-05
1.79109e-05
-5.50472e-05
-5.48343e-05
8.22206e-06
-3.38885e-05
9.31033e-06
-4.14318e-05
1.00236e-05
-4.5432e-05
1.05083e-05
-4.75629e-05
1.08534e-05
-4.87376e-05
1.1123e-05
-4.94523e-05
1.13561e-05
-4.99704e-05
1.15742e-05
-5.04212e-05
1.17867e-05
-5.08587e-05
1.19951e-05
-5.12989e-05
1.21971e-05
-5.17422e-05
1.2389e-05
-5.21836e-05
1.25668e-05
-5.26173e-05
1.27271e-05
-5.30377e-05
1.28669e-05
-5.34399e-05
1.29845e-05
-5.38186e-05
1.30793e-05
-5.41681e-05
1.31525e-05
-5.44817e-05
1.32076e-05
-5.47507e-05
1.32504e-05
-5.49639e-05
1.32889e-05
-5.51068e-05
1.33337e-05
-5.51623e-05
1.34038e-05
-5.51173e-05
-5.49639e-05
7.20731e-06
-3.55467e-05
8.10881e-06
-4.23333e-05
8.61003e-06
-4.59332e-05
8.88416e-06
-4.7837e-05
9.03042e-06
-4.88839e-05
9.11274e-06
-4.95346e-05
9.16873e-06
-5.00264e-05
9.21709e-06
-5.04696e-05
9.26441e-06
-5.0906e-05
9.31064e-06
-5.13451e-05
9.35287e-06
-5.17844e-05
9.38749e-06
-5.22182e-05
9.41103e-06
-5.26408e-05
9.42053e-06
-5.30472e-05
9.41363e-06
-5.3433e-05
9.38877e-06
-5.37937e-05
9.3455e-06
-5.41249e-05
9.28494e-06
-5.44212e-05
9.21034e-06
-5.46761e-05
9.12739e-06
-5.4881e-05
9.04361e-06
-5.5023e-05
8.96838e-06
-5.50871e-05
8.92266e-06
-5.50716e-05
-5.49952e-05
6.13445e-06
-3.69565e-05
6.82098e-06
-4.30198e-05
7.12098e-06
-4.62332e-05
7.20319e-06
-4.79192e-05
7.16895e-06
-4.88497e-05
7.07988e-06
-4.94456e-05
6.97094e-06
-4.99174e-05
6.85827e-06
-5.03569e-05
6.74665e-06
-5.07944e-05
6.63527e-06
-5.12338e-05
6.52133e-06
-5.16705e-05
6.40181e-06
-5.20987e-05
6.27404e-06
-5.2513e-05
6.13589e-06
-5.29091e-05
5.98576e-06
-5.32828e-05
5.82265e-06
-5.36306e-05
5.64637e-06
-5.39486e-05
5.45785e-06
-5.42327e-05
5.25967e-06
-5.4478e-05
5.0567e-06
-5.4678e-05
4.85541e-06
-5.48217e-05
4.65609e-06
-5.48877e-05
4.44489e-06
-5.48604e-05
-5.49488e-05
5.01701e-06
-3.80842e-05
5.48445e-06
-4.34872e-05
5.59258e-06
-4.63413e-05
5.49686e-06
-4.78235e-05
5.29468e-06
-4.86475e-05
5.04468e-06
-4.91956e-05
4.77872e-06
-4.96515e-05
4.51066e-06
-5.00889e-05
4.2441e-06
-5.05278e-05
3.97808e-06
-5.09677e-05
3.71031e-06
-5.14027e-05
3.43856e-06
-5.18269e-05
3.16111e-06
-5.22356e-05
2.87677e-06
-5.26247e-05
2.58493e-06
-5.2991e-05
2.28552e-06
-5.33312e-05
1.97919e-06
-5.36423e-05
1.66752e-06
-5.3921e-05
1.35321e-06
-5.41636e-05
1.04067e-06
-5.43655e-05
7.40626e-07
-5.45217e-05
4.86905e-07
-5.4634e-05
3.32685e-07
-5.47062e-05
-5.45423e-05
3.87807e-06
-3.89176e-05
4.12812e-06
-4.37373e-05
4.05182e-06
-4.6265e-05
3.78825e-06
-4.75599e-05
3.42709e-06
-4.82863e-05
3.0232e-06
-4.87917e-05
2.6054e-06
-4.92337e-05
2.18564e-06
-4.96691e-05
1.76686e-06
-5.0109e-05
1.34832e-06
-5.05492e-05
9.28341e-07
-5.09828e-05
5.05505e-07
-5.14041e-05
7.88834e-08
-5.1809e-05
-3.51905e-07
-5.21939e-05
-7.86731e-07
-5.25562e-05
-1.22495e-06
-5.2893e-05
-1.66537e-06
-5.32019e-05
-2.10615e-06
-5.34802e-05
-2.54465e-06
-5.37251e-05
-2.97642e-06
-5.39337e-05
-3.39374e-06
-5.41044e-05
-3.79283e-06
-5.42349e-05
-4.20339e-06
-5.42956e-05
-5.42439e-05
2.73436e-06
-3.946e-05
2.77189e-06
-4.37748e-05
2.51958e-06
-4.60127e-05
2.0956e-06
-4.7136e-05
1.58172e-06
-4.77724e-05
1.02874e-06
-4.82387e-05
4.62617e-07
-4.86676e-05
-1.06171e-07
-4.91003e-05
-6.7499e-07
-4.95402e-05
-1.24422e-06
-4.998e-05
-1.81487e-06
-5.04121e-05
-2.3877e-06
-5.08313e-05
-2.96305e-06
-5.12336e-05
-3.54082e-06
-5.16162e-05
-4.12055e-06
-5.19764e-05
-4.70139e-06
-5.23121e-05
-5.28217e-06
-5.26211e-05
-5.86128e-06
-5.29011e-05
-6.43651e-06
-5.31499e-05
-7.0049e-06
-5.33653e-05
-7.56396e-06
-5.35453e-05
-8.11469e-06
-5.36842e-05
-8.64806e-06
-5.37623e-05
-5.38021e-05
1.59914e-06
-3.97251e-05
1.43256e-06
-4.36082e-05
1.01199e-06
-4.55921e-05
4.33513e-07
-4.65575e-05
-2.2855e-07
-4.71104e-05
-9.27254e-07
-4.754e-05
-1.63902e-06
-4.79558e-05
-2.35456e-06
-4.83848e-05
-3.07131e-06
-4.88235e-05
-3.7892e-06
-4.92621e-05
-4.50861e-06
-4.96927e-05
-5.22972e-06
-5.01102e-05
-5.95242e-06
-5.05109e-05
-6.67629e-06
-5.08923e-05
-7.40066e-06
-5.12521e-05
-8.12467e-06
-5.15881e-05
-8.84717e-06
-5.18986e-05
-9.56663e-06
-5.21816e-05
-1.0281e-05
-5.24355e-05
-1.09878e-05
-5.26585e-05
-1.16842e-05
-5.28489e-05
-1.23663e-05
-5.30021e-05
-1.30211e-05
-5.31075e-05
-5.32138e-05
4.84372e-07
-3.97292e-05
1.24673e-07
-4.32486e-05
-4.58045e-07
-4.50094e-05
-1.18644e-06
-4.58291e-05
-1.99302e-06
-4.63038e-05
-2.83453e-06
-4.66985e-05
-3.68954e-06
-4.71008e-05
-4.54958e-06
-4.75247e-05
-5.41196e-06
-4.79611e-05
-6.27609e-06
-4.83979e-05
-7.14177e-06
-4.8827e-05
-8.00867e-06
-4.92433e-05
-8.87625e-06
-4.96433e-05
-9.74382e-06
-5.00247e-05
-1.06105e-05
-5.03854e-05
-1.14754e-05
-5.07233e-05
-1.23371e-05
-5.10368e-05
-1.31942e-05
-5.13246e-05
-1.40443e-05
-5.15854e-05
-1.48847e-05
-5.18181e-05
-1.5712e-05
-5.20217e-05
-1.6521e-05
-5.2193e-05
-1.73015e-05
-5.23271e-05
-5.24884e-05
-6.05198e-07
-3.94881e-05
-1.14433e-06
-4.27094e-05
-1.88073e-06
-4.4273e-05
-2.754e-06
-4.49558e-05
-3.7018e-06
-4.5356e-05
-4.68358e-06
-4.57167e-05
-5.67948e-06
-4.61049e-05
-6.68157e-06
-4.65226e-05
-7.68694e-06
-4.69557e-05
-8.69445e-06
-4.73904e-05
-9.70336e-06
-4.78181e-05
-1.07129e-05
-4.82338e-05
-1.1722e-05
-4.86342e-05
-1.27299e-05
-4.90169e-05
-1.37354e-05
-4.93798e-05
-1.47375e-05
-4.97212e-05
-1.57348e-05
-5.00396e-05
-1.67255e-05
-5.03339e-05
-1.77074e-05
-5.06035e-05
-1.86774e-05
-5.08481e-05
-1.96317e-05
-5.10673e-05
-2.05654e-05
-5.12594e-05
-2.14697e-05
-5.14227e-05
-5.16329e-05
-1.65371e-06
-3.90209e-05
-2.36084e-06
-4.20023e-05
-3.24572e-06
-4.33881e-05
-4.26012e-06
-4.39414e-05
-5.34609e-06
-4.427e-05
-6.46551e-06
-4.45973e-05
-7.59979e-06
-4.49706e-05
-8.74123e-06
-4.53812e-05
-9.88656e-06
-4.58104e-05
-1.10342e-05
-4.62428e-05
-1.21828e-05
-4.66695e-05
-1.33311e-05
-4.70854e-05
-1.4478e-05
-4.74873e-05
-1.56222e-05
-4.78727e-05
-1.67625e-05
-4.82395e-05
-1.78976e-05
-4.85861e-05
-1.90261e-05
-4.89111e-05
-2.01462e-05
-4.92138e-05
-2.12555e-05
-4.94942e-05
-2.23509e-05
-4.97527e-05
-2.34286e-05
-4.99895e-05
-2.44839e-05
-5.02041e-05
-2.55094e-05
-5.03972e-05
-5.06519e-05
-2.65467e-06
-3.835e-05
-3.51745e-06
-4.11395e-05
-4.54502e-06
-4.23605e-05
-5.69659e-06
-4.27899e-05
-6.91772e-06
-4.30489e-05
-8.17206e-06
-4.3343e-05
-9.44194e-06
-4.37007e-05
-1.07196e-05
-4.41035e-05
-1.20015e-05
-4.45285e-05
-1.32855e-05
-4.49588e-05
-1.45699e-05
-4.53852e-05
-1.5853e-05
-4.58023e-05
-1.71333e-05
-4.6207e-05
-1.84094e-05
-4.65966e-05
-1.96799e-05
-4.6969e-05
-2.09436e-05
-4.73224e-05
-2.21988e-05
-4.76558e-05
-2.34439e-05
-4.79688e-05
-2.46762e-05
-4.82618e-05
-2.58929e-05
-4.8536e-05
-2.70902e-05
-4.87922e-05
-2.82636e-05
-4.90307e-05
-2.94068e-05
-4.9254e-05
-4.95495e-05
-3.59976e-06
-3.74934e-05
-4.60589e-06
-4.01334e-05
-5.77069e-06
-4.11957e-05
-7.05569e-06
-4.15049e-05
-8.40897e-06
-4.16956e-05
-9.79538e-06
-4.19566e-05
-1.11978e-05
-4.22983e-05
-1.26084e-05
-4.26929e-05
-1.40231e-05
-4.31138e-05
-1.54394e-05
-4.35425e-05
-1.68552e-05
-4.39694e-05
-1.82686e-05
-4.4389e-05
-1.96777e-05
-4.47979e-05
-2.10809e-05
-4.51933e-05
-2.2477e-05
-4.55729e-05
-2.38645e-05
-4.5935e-05
-2.52418e-05
-4.62785e-05
-2.66071e-05
-4.66035e-05
-2.7958e-05
-4.69109e-05
-2.92914e-05
-4.72025e-05
-3.0604e-05
-4.74797e-05
-3.18915e-05
-4.77433e-05
-3.31485e-05
-4.7997e-05
-4.833e-05
-4.48056e-06
-3.64674e-05
-5.61757e-06
-3.89964e-05
-6.91455e-06
-3.98988e-05
-8.32999e-06
-4.00894e-05
-9.8126e-06
-4.0213e-05
-1.13281e-05
-4.04411e-05
-1.28597e-05
-4.07667e-05
-1.43995e-05
-4.11532e-05
-1.59429e-05
-4.15703e-05
-1.74872e-05
-4.19982e-05
-1.90298e-05
-4.24267e-05
-2.05686e-05
-4.28502e-05
-2.21016e-05
-4.32649e-05
-2.36271e-05
-4.36678e-05
-2.51437e-05
-4.40563e-05
-2.66499e-05
-4.44287e-05
-2.81443e-05
-4.47841e-05
-2.96249e-05
-4.51229e-05
-3.10893e-05
-4.54465e-05
-3.25348e-05
-4.57571e-05
-3.39579e-05
-4.60566e-05
-3.5355e-05
-4.63462e-05
-3.67217e-05
-4.66302e-05
-4.69977e-05
-5.28785e-06
-3.52878e-05
-6.54341e-06
-3.77408e-05
-7.96834e-06
-3.84738e-05
-9.5123e-06
-3.85455e-05
-1.11217e-05
-3.86036e-05
-1.27632e-05
-3.87995e-05
-1.44206e-05
-3.91093e-05
-1.60856e-05
-3.94882e-05
-1.77534e-05
-3.99026e-05
-1.94208e-05
-4.03308e-05
-2.10853e-05
-4.07623e-05
-2.27444e-05
-4.11911e-05
-2.43961e-05
-4.16132e-05
-2.60386e-05
-4.20252e-05
-2.76704e-05
-4.24245e-05
-2.92902e-05
-4.2809e-05
-3.08963e-05
-4.3178e-05
-3.24868e-05
-4.35323e-05
-3.40596e-05
-4.38738e-05
-3.56117e-05
-4.4205e-05
-3.71402e-05
-4.45281e-05
-3.86421e-05
-4.48443e-05
-4.01138e-05
-4.51585e-05
-4.55575e-05
-6.01031e-06
-3.39707e-05
-7.37233e-06
-3.63788e-05
-8.92349e-06
-3.69227e-05
-1.05951e-05
-3.68738e-05
-1.23297e-05
-3.6869e-05
-1.40945e-05
-3.70347e-05
-1.5874e-05
-3.73297e-05
-1.76599e-05
-3.77023e-05
-1.94473e-05
-3.81151e-05
-2.1233e-05
-3.85451e-05
-2.3014e-05
-3.89812e-05
-2.4788e-05
-3.94171e-05
-2.65529e-05
-3.98483e-05
-2.83069e-05
-4.02713e-05
-3.00484e-05
-4.0683e-05
-3.1776e-05
-4.10814e-05
-3.34882e-05
-4.14659e-05
-3.5183e-05
-4.18375e-05
-3.68583e-05
-4.21985e-05
-3.85115e-05
-4.25518e-05
-4.01399e-05
-4.28996e-05
-4.17413e-05
-4.3243e-05
-4.33129e-05
-4.35868e-05
-4.40148e-05
-6.63248e-06
-3.25355e-05
-8.09224e-06
-3.4919e-05
-9.77157e-06
-3.52434e-05
-1.15708e-05
-3.50746e-05
-1.34303e-05
-3.50095e-05
-1.53162e-05
-3.51489e-05
-1.72141e-05
-3.54318e-05
-1.91165e-05
-3.58e-05
-2.10185e-05
-3.62131e-05
-2.2917e-05
-3.66467e-05
-2.4809e-05
-3.70892e-05
-2.66921e-05
-3.7534e-05
-2.85643e-05
-3.79761e-05
-3.04238e-05
-3.84118e-05
-3.22691e-05
-3.88377e-05
-3.40986e-05
-3.92518e-05
-3.59109e-05
-3.96536e-05
-3.7704e-05
-4.00444e-05
-3.94757e-05
-4.04267e-05
-4.12239e-05
-4.08036e-05
-4.29465e-05
-4.11771e-05
-4.46415e-05
-4.15479e-05
-4.63075e-05
-4.19208e-05
-4.23756e-05
-7.13102e-06
-3.10049e-05
-8.68999e-06
-3.33601e-05
-1.0504e-05
-3.34294e-05
-1.24339e-05
-3.31447e-05
-1.44184e-05
-3.30251e-05
-1.64236e-05
-3.31437e-05
-1.84362e-05
-3.34191e-05
-2.04502e-05
-3.3786e-05
-2.24615e-05
-3.42018e-05
-2.44669e-05
-3.46413e-05
-2.64638e-05
-3.50923e-05
-2.84499e-05
-3.55479e-05
-3.04232e-05
-3.60028e-05
-3.2382e-05
-3.6453e-05
-3.43247e-05
-3.6895e-05
-3.62498e-05
-3.73267e-05
-3.81558e-05
-3.77477e-05
-4.00408e-05
-3.81594e-05
-4.19027e-05
-3.85648e-05
-4.37396e-05
-3.89667e-05
-4.55499e-05
-3.93668e-05
-4.73325e-05
-3.97653e-05
-4.90868e-05
-4.01665e-05
-4.06459e-05
-7.47255e-06
-2.93894e-05
-9.15179e-06
-3.16808e-05
-1.11115e-05
-3.14697e-05
-1.31797e-05
-3.10765e-05
-1.52901e-05
-3.09146e-05
-1.74128e-05
-3.1021e-05
-1.95364e-05
-3.12955e-05
-2.16569e-05
-3.16655e-05
-2.37715e-05
-3.20871e-05
-2.58776e-05
-3.25351e-05
-2.7973e-05
-3.2997e-05
-3.00554e-05
-3.34654e-05
-3.21231e-05
-3.39351e-05
-3.41744e-05
-3.44017e-05
-3.62078e-05
-3.48616e-05
-3.82218e-05
-3.53127e-05
-4.02148e-05
-3.57547e-05
-4.2185e-05
-3.61893e-05
-4.41305e-05
-3.66194e-05
-4.60495e-05
-3.70477e-05
-4.7941e-05
-3.74753e-05
-4.98043e-05
-3.7902e-05
-5.16399e-05
-3.83309e-05
-3.88321e-05
-7.61075e-06
-2.767e-05
-9.45786e-06
-2.98337e-05
-1.15856e-05
-2.93419e-05
-1.38059e-05
-2.88561e-05
-1.60448e-05
-2.86758e-05
-1.82822e-05
-2.87835e-05
-2.05122e-05
-2.90655e-05
-2.27334e-05
-2.94443e-05
-2.49448e-05
-2.98757e-05
-2.71449e-05
-3.03351e-05
-2.93316e-05
-3.08103e-05
-3.15032e-05
-3.12938e-05
-3.36581e-05
-3.17802e-05
-3.57947e-05
-3.22651e-05
-3.79116e-05
-3.27447e-05
-4.00073e-05
-3.3217e-05
-4.20803e-05
-3.36817e-05
-4.41287e-05
-3.41408e-05
-4.6151e-05
-3.45971e-05
-4.81456e-05
-3.5053e-05
-5.01114e-05
-3.55095e-05
-5.20475e-05
-3.59659e-05
-5.39544e-05
-3.6424e-05
-3.69374e-05
-7.43269e-06
-2.60458e-05
-9.5717e-06
-2.76947e-05
-1.1927e-05
-2.69866e-05
-1.43166e-05
-2.64665e-05
-1.66845e-05
-2.63079e-05
-1.9032e-05
-2.64361e-05
-2.13624e-05
-2.67352e-05
-2.36777e-05
-2.7129e-05
-2.59788e-05
-2.75746e-05
-2.82651e-05
-2.80488e-05
-3.05356e-05
-2.85398e-05
-3.27887e-05
-2.90406e-05
-3.50231e-05
-2.95459e-05
-3.72374e-05
-3.00509e-05
-3.943e-05
-3.0552e-05
-4.15997e-05
-3.10473e-05
-4.37449e-05
-3.15365e-05
-4.58641e-05
-3.20216e-05
-4.79559e-05
-3.25052e-05
-5.00193e-05
-3.29896e-05
-5.20534e-05
-3.34754e-05
-5.40573e-05
-3.3962e-05
-5.60292e-05
-3.44521e-05
-3.49748e-05
-6.60011e-06
-2.49509e-05
-9.48975e-06
-2.48051e-05
-1.21613e-05
-2.43151e-05
-1.47241e-05
-2.39037e-05
-1.72149e-05
-2.38171e-05
-1.96646e-05
-2.39864e-05
-2.20872e-05
-2.43125e-05
-2.44886e-05
-2.47276e-05
-2.68712e-05
-2.51921e-05
-2.92357e-05
-2.56843e-05
-3.15817e-05
-2.61938e-05
-3.39081e-05
-2.67142e-05
-3.62139e-05
-2.72401e-05
-3.84976e-05
-2.77672e-05
-4.07578e-05
-2.82918e-05
-4.29932e-05
-2.88119e-05
-4.52025e-05
-2.93273e-05
-4.73843e-05
-2.98398e-05
-4.95377e-05
-3.03518e-05
-5.16622e-05
-3.08652e-05
-5.37574e-05
-3.13802e-05
-5.58229e-05
-3.18965e-05
-5.78575e-05
-3.24175e-05
-3.29557e-05
-5.03506e-07
5.03506e-07
-1.55323e-06
1.04973e-06
-2.61509e-06
1.06186e-06
-3.20044e-06
5.85344e-07
-2.86531e-06
-3.35124e-07
-1.76747e-06
-1.09785e-06
-6.88583e-07
1.19209e-06
-1.67412e-06
2.03526e-06
-2.56055e-06
1.9483e-06
-3.16353e-06
1.18832e-06
-3.26211e-06
-2.36543e-07
-2.77001e-06
-2.25956e-06
-7.46636e-07
1.93872e-06
-1.60814e-06
2.89676e-06
-2.38446e-06
2.72462e-06
-2.96587e-06
1.76972e-06
-3.22971e-06
2.73002e-08
-2.89438e-06
-3.10534e-06
-7.56014e-07
2.69474e-06
-1.506e-06
3.64675e-06
-2.1992e-06
3.41781e-06
-2.77611e-06
2.34663e-06
-3.21992e-06
4.71108e-07
-2.39932e-06
-3.71498e-06
-7.31849e-07
3.42659e-06
-1.38564e-06
4.30055e-06
-2.01764e-06
4.04981e-06
-2.61589e-06
2.94488e-06
-3.23355e-06
1.08876e-06
-1.51404e-06
-4.11883e-06
-6.82367e-07
4.10895e-06
-1.2512e-06
4.86938e-06
-1.83553e-06
4.63414e-06
-2.46601e-06
3.57536e-06
-3.23197e-06
1.85472e-06
-3.9251e-07
-4.3535e-06
-6.13104e-07
4.72206e-06
-1.10355e-06
5.35983e-06
-1.64604e-06
5.17663e-06
-2.30544e-06
4.23476e-06
-3.18373e-06
2.73301e-06
8.69814e-07
-4.44605e-06
-5.27852e-07
5.24991e-06
-9.42362e-07
5.77434e-06
-1.44255e-06
5.67682e-06
-2.11781e-06
4.91003e-06
-3.06952e-06
3.68472e-06
2.21099e-06
-4.4107e-06
-4.29528e-07
5.67944e-06
-7.6704e-07
6.11185e-06
-1.2194e-06
6.12918e-06
-1.89174e-06
5.58236e-06
-2.87958e-06
4.67256e-06
3.58601e-06
-4.25459e-06
-3.20472e-07
5.99991e-06
-5.77304e-07
6.36868e-06
-9.7245e-07
6.52432e-06
-1.61972e-06
6.22963e-06
-2.60873e-06
5.66157e-06
4.95967e-06
-3.98239e-06
-2.02419e-07
6.20233e-06
-3.73558e-07
6.53982e-06
-6.9919e-07
6.84996e-06
-1.29722e-06
6.82767e-06
-2.25426e-06
6.6186e-06
6.30251e-06
-3.5971e-06
-7.70432e-08
6.27937e-06
-1.56916e-07
6.6197e-06
-3.98832e-07
7.09187e-06
-9.22124e-07
7.35096e-06
-1.81516e-06
7.51164e-06
7.58803e-06
-3.10069e-06
5.34192e-08
6.22595e-06
7.06449e-08
6.60247e-06
-7.23393e-08
7.23486e-06
-4.94537e-07
7.77316e-06
-1.29197e-06
8.30908e-06
8.79035e-06
-2.49429e-06
1.85781e-07
6.04017e-06
3.06478e-07
6.48177e-06
2.77289e-07
7.26405e-06
-1.72255e-08
8.06767e-06
-6.86503e-07
8.97835e-06
9.88228e-06
-1.77843e-06
3.17939e-07
5.72223e-06
5.46193e-07
6.25352e-06
6.45053e-07
7.16519e-06
5.0553e-07
8.2072e-06
-9.85817e-10
9.48487e-06
1.08349e-05
-9.53564e-07
4.45791e-07
5.27644e-06
7.84182e-07
5.91513e-06
1.02328e-06
6.92609e-06
1.06464e-06
8.16584e-06
7.55523e-07
9.79398e-06
1.16183e-05
-2.78843e-08
5.64394e-07
4.71205e-06
1.01305e-06
5.46647e-06
1.40151e-06
6.53763e-06
1.64853e-06
7.91881e-06
1.57839e-06
9.86412e-06
1.21805e-05
1.01617e-06
6.67363e-07
4.04469e-06
1.22344e-06
4.91039e-06
1.76616e-06
5.99491e-06
2.24078e-06
7.4442e-06
2.45144e-06
9.65346e-06
1.24764e-05
2.15549e-06
7.46323e-07
3.29836e-06
1.40385e-06
4.25287e-06
2.10039e-06
5.29837e-06
2.81957e-06
6.72501e-06
3.3542e-06
9.11884e-06
1.24412e-05
3.38942e-06
7.90739e-07
2.50762e-06
1.54078e-06
3.50283e-06
2.38436e-06
4.45478e-06
3.35712e-06
5.75225e-06
4.25675e-06
8.21921e-06
1.19896e-05
4.70841e-06
7.89021e-07
1.7186e-06
1.61947e-06
2.67238e-06
2.596e-06
3.47826e-06
3.81884e-06
4.52941e-06
5.11679e-06
6.92126e-06
1.09978e-05
6.10849e-06
7.32061e-07
9.86542e-07
1.62509e-06
1.77935e-06
2.7115e-06
2.39186e-06
4.15895e-06
3.08196e-06
5.87592e-06
5.20429e-06
9.23088e-06
7.64288e-06
6.12748e-07
3.73793e-07
1.53602e-06
8.56076e-07
2.699e-06
1.22888e-06
4.29506e-06
1.48589e-06
6.4534e-06
3.04596e-06
6.04327e-06
9.64101e-06
3.73793e-07
1.22987e-06
2.45874e-06
3.94464e-06
6.9906e-06
1.30339e-05
-6.11317e-06
-1.99356e-05
-9.42057e-06
-2.14977e-05
-1.23344e-05
-2.14012e-05
-1.50452e-05
-2.1193e-05
-1.76435e-05
-2.12187e-05
-2.01834e-05
-2.14464e-05
-2.26877e-05
-2.18082e-05
-2.51655e-05
-2.22498e-05
-2.76205e-05
-2.27371e-05
-3.00543e-05
-2.32505e-05
-3.24671e-05
-2.3781e-05
-3.48582e-05
-2.4323e-05
-3.72268e-05
-2.48716e-05
-3.95715e-05
-2.54224e-05
-4.18911e-05
-2.59722e-05
-4.4184e-05
-2.65189e-05
-4.64491e-05
-2.70622e-05
-4.86854e-05
-2.76035e-05
-5.08924e-05
-2.81448e-05
-5.30701e-05
-2.86875e-05
-5.52184e-05
-2.92318e-05
-5.73377e-05
-2.97772e-05
-5.94285e-05
-3.03267e-05
-3.08872e-05
-6.06138e-06
-1.61338e-05
-9.4727e-06
-1.80864e-05
-1.24949e-05
-1.83791e-05
-1.52975e-05
-1.83904e-05
-1.79781e-05
-1.85381e-05
-2.05921e-05
-1.88324e-05
-2.3165e-05
-1.92353e-05
-2.5708e-05
-1.97069e-05
-2.82253e-05
-2.02197e-05
-3.0719e-05
-2.07568e-05
-3.31894e-05
-2.13106e-05
-3.56363e-05
-2.18761e-05
-3.80589e-05
-2.24489e-05
-4.04561e-05
-2.30253e-05
-4.28265e-05
-2.36018e-05
-4.51687e-05
-2.41767e-05
-4.74817e-05
-2.47493e-05
-4.97645e-05
-2.53206e-05
-5.20172e-05
-2.58921e-05
-5.424e-05
-2.64648e-05
-5.64333e-05
-2.70385e-05
-5.85976e-05
-2.7613e-05
-6.07339e-05
-2.81904e-05
-2.8776e-05
-6.35934e-06
-1.28798e-05
-9.62167e-06
-1.4824e-05
-1.26431e-05
-1.53577e-05
-1.54877e-05
-1.55458e-05
-1.82232e-05
-1.58026e-05
-2.0893e-05
-1.61627e-05
-2.35202e-05
-1.66081e-05
-2.61157e-05
-1.71114e-05
-2.86844e-05
-1.76511e-05
-3.12278e-05
-1.82134e-05
-3.37463e-05
-1.87921e-05
-3.62398e-05
-1.93826e-05
-3.87075e-05
-1.99812e-05
-4.11484e-05
-2.05844e-05
-4.35611e-05
-2.11891e-05
-4.59443e-05
-2.17935e-05
-4.82968e-05
-2.23967e-05
-5.06182e-05
-2.29992e-05
-5.29085e-05
-2.36018e-05
-5.51682e-05
-2.42051e-05
-5.73979e-05
-2.48088e-05
-5.95982e-05
-2.54127e-05
-6.177e-05
-2.60185e-05
-2.663e-05
-6.67426e-06
-9.92051e-06
-9.77756e-06
-1.17207e-05
-1.2757e-05
-1.23782e-05
-1.56117e-05
-1.26911e-05
-1.83784e-05
-1.30359e-05
-2.10861e-05
-1.3455e-05
-2.37529e-05
-1.39413e-05
-2.63883e-05
-1.4476e-05
-2.89966e-05
-1.50428e-05
-3.15791e-05
-1.56309e-05
-3.41359e-05
-1.62353e-05
-3.66664e-05
-1.6852e-05
-3.91701e-05
-1.74776e-05
-4.16457e-05
-1.81087e-05
-4.4092e-05
-1.87428e-05
-4.65076e-05
-1.93779e-05
-4.88913e-05
-2.0013e-05
-5.12429e-05
-2.06477e-05
-5.35624e-05
-2.12823e-05
-5.58505e-05
-2.19169e-05
-5.8108e-05
-2.25513e-05
-6.03353e-05
-2.31854e-05
-6.25336e-05
-2.38202e-05
-2.44583e-05
-6.91152e-06
-7.12782e-06
-9.88374e-06
-8.74851e-06
-1.28123e-05
-9.44962e-06
-1.56593e-05
-9.84407e-06
-1.8439e-05
-1.02562e-05
-2.11688e-05
-1.07251e-05
-2.38618e-05
-1.12483e-05
-2.6525e-05
-1.18128e-05
-2.91616e-05
-1.24061e-05
-3.17724e-05
-1.30201e-05
-3.4357e-05
-1.36507e-05
-3.69148e-05
-1.42942e-05
-3.94449e-05
-1.49474e-05
-4.19462e-05
-1.56074e-05
-4.44172e-05
-1.62718e-05
-4.68565e-05
-1.69387e-05
-4.92629e-05
-1.76066e-05
-5.1636e-05
-1.82745e-05
-5.39762e-05
-1.89421e-05
-5.62842e-05
-1.96089e-05
-5.85606e-05
-2.02749e-05
-6.08061e-05
-2.09399e-05
-6.30218e-05
-2.16046e-05
-2.227e-05
-7.03948e-06
-4.44184e-06
-9.91157e-06
-5.87642e-06
-1.27899e-05
-6.5713e-06
-1.56187e-05
-7.01525e-06
-1.8398e-05
-7.47694e-06
-2.1137e-05
-7.98607e-06
-2.38443e-05
-8.54106e-06
-2.65244e-05
-9.13279e-06
-2.91788e-05
-9.75163e-06
-3.18075e-05
-1.03914e-05
-3.44098e-05
-1.10485e-05
-3.69847e-05
-1.17193e-05
-3.95315e-05
-1.24006e-05
-4.20489e-05
-1.30901e-05
-4.45354e-05
-1.37854e-05
-4.69894e-05
-1.44847e-05
-4.94098e-05
-1.51862e-05
-5.1796e-05
-1.58883e-05
-5.41483e-05
-1.65898e-05
-5.64674e-05
-1.72898e-05
-5.8754e-05
-1.79883e-05
-6.10087e-05
-1.86852e-05
-6.32327e-05
-1.93806e-05
-2.00742e-05
-7.04977e-06
-1.83812e-06
-9.8448e-06
-3.08139e-06
-1.26758e-05
-3.74026e-06
-1.548e-05
-4.21108e-06
-1.82495e-05
-4.70747e-06
-2.09876e-05
-5.24799e-06
-2.36987e-05
-5.82994e-06
-2.63851e-05
-6.44638e-06
-2.9047e-05
-7.08971e-06
-3.16835e-05
-7.755e-06
-3.42934e-05
-8.43858e-06
-3.68758e-05
-9.13688e-06
-3.94296e-05
-9.84683e-06
-4.19536e-05
-1.05661e-05
-4.44462e-05
-1.12927e-05
-4.6906e-05
-1.20249e-05
-4.93315e-05
-1.27607e-05
-5.17221e-05
-1.34977e-05
-5.40778e-05
-1.4234e-05
-5.63994e-05
-1.49683e-05
-5.86874e-05
-1.57003e-05
-6.09423e-05
-1.64303e-05
-6.31654e-05
-1.71575e-05
-1.78801e-05
-6.9425e-06
6.93682e-07
-9.67415e-06
-3.49736e-07
-1.24602e-05
-9.54166e-07
-1.52364e-05
-1.43492e-06
-1.79895e-05
-1.95434e-06
-2.07181e-05
-2.51943e-06
-2.34234e-05
-3.1246e-06
-2.61062e-05
-3.7636e-06
-2.87655e-05
-4.43043e-06
-3.13997e-05
-5.12078e-06
-3.40075e-05
-5.83082e-06
-3.65876e-05
-6.55678e-06
-3.91389e-05
-7.29555e-06
-4.166e-05
-8.04489e-06
-4.41496e-05
-8.80311e-06
-4.6606e-05
-9.56855e-06
-4.90277e-05
-1.0339e-05
-5.14139e-05
-1.11116e-05
-5.37643e-05
-1.18835e-05
-5.60795e-05
-1.26531e-05
-5.83601e-05
-1.34198e-05
-6.06066e-05
-1.41838e-05
-6.28202e-05
-1.49439e-05
-1.56969e-05
-6.71911e-06
3.15819e-06
-9.39427e-06
2.32543e-06
-1.21374e-05
1.789e-06
-1.48836e-05
1.31119e-06
-1.7615e-05
7.77107e-07
-2.03265e-05
1.92096e-07
-2.30174e-05
-4.33734e-07
-2.56872e-05
-1.0938e-06
-2.83343e-05
-1.78335e-06
-3.09566e-05
-2.49841e-06
-3.35526e-05
-3.23483e-06
-3.61209e-05
-3.98853e-06
-3.86602e-05
-4.75628e-06
-4.11692e-05
-5.53589e-06
-4.36465e-05
-6.32582e-06
-4.60905e-05
-7.12455e-06
-4.84996e-05
-7.92981e-06
-5.08728e-05
-8.7384e-06
-5.32094e-05
-9.54689e-06
-5.55097e-05
-1.03528e-05
-5.77742e-05
-1.11553e-05
-6.00034e-05
-1.19546e-05
-6.21984e-05
-1.2749e-05
-1.35337e-05
-6.37978e-06
5.55558e-06
-9.00193e-06
4.94759e-06
-1.17037e-05
4.4908e-06
-1.44183e-05
4.02579e-06
-1.71237e-05
3.48251e-06
-1.98117e-05
2.8801e-06
-2.24803e-05
2.2348e-06
-2.51284e-05
1.55432e-06
-2.77541e-05
8.42389e-07
-3.03553e-05
1.02787e-07
-3.29302e-05
-6.59979e-07
-3.54772e-05
-1.4415e-06
-3.79951e-05
-2.23835e-06
-4.04827e-05
-3.0483e-06
-4.29386e-05
-3.86995e-06
-4.53612e-05
-4.70191e-06
-4.7749e-05
-5.54203e-06
-5.01005e-05
-6.3869e-06
-5.24148e-05
-7.23255e-06
-5.46918e-05
-8.07584e-06
-5.69316e-05
-8.9155e-06
-5.91347e-05
-9.75146e-06
-6.13022e-05
-1.05815e-05
-1.13995e-05
-5.92405e-06
7.88254e-06
-8.49479e-06
7.51832e-06
-1.11566e-05
7.15257e-06
-1.38388e-05
6.70803e-06
-1.65148e-05
6.15848e-06
-1.91737e-05
5.53909e-06
-2.18129e-05
4.87391e-06
-2.44311e-05
4.17259e-06
-2.70268e-05
3.43808e-06
-2.95978e-05
2.67381e-06
-3.21424e-05
1.88457e-06
-3.4659e-05
1.0751e-06
-3.71464e-05
2.49048e-07
-3.96034e-05
-5.91291e-07
-4.20288e-05
-1.44457e-06
-4.44211e-05
-2.30962e-06
-4.67787e-05
-3.18443e-06
-4.90999e-05
-4.06565e-06
-5.13835e-05
-4.94899e-06
-5.36286e-05
-5.83066e-06
-5.58353e-05
-6.70882e-06
-5.80038e-05
-7.58301e-06
-6.0135e-05
-8.45026e-06
-9.30309e-06
-5.35111e-06
1.0133e-05
-7.87073e-06
1.00379e-05
-1.04943e-05
9.77612e-06
-1.31442e-05
9.3579e-06
-1.57883e-05
8.80258e-06
-1.84136e-05
8.16443e-06
-2.10169e-05
7.47724e-06
-2.35978e-05
6.75342e-06
-2.61551e-05
5.9954e-06
-2.86872e-05
5.20594e-06
-3.11925e-05
4.38988e-06
-3.36697e-05
3.55223e-06
-3.61175e-05
2.69685e-06
-3.85349e-05
1.82611e-06
-4.09207e-05
9.41302e-07
-4.32738e-05
4.34307e-08
-4.55924e-05
-8.65796e-07
-4.78748e-05
-1.78324e-06
-5.01193e-05
-2.70455e-06
-5.23245e-05
-3.62546e-06
-5.44898e-05
-4.5435e-06
-5.6615e-05
-5.45774e-06
-5.87009e-05
-6.36437e-06
-7.25284e-06
-4.65981e-06
1.22985e-05
-7.12789e-06
1.2506e-05
-9.71601e-06
1.23642e-05
-1.23347e-05
1.19765e-05
-1.49455e-05
1.14134e-05
-1.75334e-05
1.07524e-05
-2.00954e-05
1.00392e-05
-2.26317e-05
9.28972e-06
-2.51427e-05
8.50641e-06
-2.76275e-05
7.6907e-06
-3.00848e-05
6.84718e-06
-3.25135e-05
5.98099e-06
-3.49128e-05
5.0961e-06
-3.72816e-05
4.19494e-06
-3.96191e-05
3.27877e-06
-4.1924e-05
2.34839e-06
-4.4195e-05
1.40516e-06
-4.64301e-05
4.51821e-07
-4.86271e-05
-5.07487e-07
-5.07843e-05
-1.4683e-06
-5.29002e-05
-2.42761e-06
-5.49739e-05
-3.38405e-06
-5.70046e-05
-4.33366e-06
-5.25579e-06
-3.84912e-06
1.43692e-05
-6.2652e-06
1.49221e-05
-8.82148e-06
1.49205e-05
-1.14112e-05
1.45663e-05
-1.39885e-05
1.39907e-05
-1.65364e-05
1.33003e-05
-1.90521e-05
1.25549e-05
-2.15375e-05
1.1775e-05
-2.39946e-05
1.09635e-05
-2.64237e-05
1.01198e-05
-2.88244e-05
9.24784e-06
-3.11959e-05
8.35253e-06
-3.35377e-05
7.43788e-06
-3.58491e-05
6.5063e-06
-3.81293e-05
5.55895e-06
-4.03773e-05
4.59641e-06
-4.25918e-05
3.61967e-06
-4.47709e-05
2.6309e-06
-4.69121e-05
1.63379e-06
-4.90131e-05
6.32652e-07
-5.10715e-05
-3.69213e-07
-5.30854e-05
-1.37013e-06
-5.50532e-05
-2.36589e-06
-3.31858e-06
-2.91861e-06
1.63342e-05
-5.28274e-06
1.72862e-05
-7.81144e-06
1.74492e-05
-1.03759e-05
1.71308e-05
-1.29207e-05
1.65355e-05
-1.54268e-05
1.58063e-05
-1.78922e-05
1.50203e-05
-2.03207e-05
1.42036e-05
-2.27167e-05
1.33596e-05
-2.50822e-05
1.24853e-05
-2.74176e-05
1.15833e-05
-2.97232e-05
1.06581e-05
-3.19986e-05
9.71332e-06
-3.42436e-05
8.75127e-06
-3.64575e-05
7.77292e-06
-3.86397e-05
6.7786e-06
-4.07889e-05
5.76886e-06
-4.29033e-05
4.74524e-06
-4.49802e-05
3.71075e-06
-4.70169e-05
2.66928e-06
-4.90102e-05
1.62416e-06
-5.09577e-05
5.77362e-07
-5.28572e-05
-4.66371e-07
-1.45087e-06
-1.86897e-06
1.81753e-05
-4.18193e-06
1.95992e-05
-6.68825e-06
1.99555e-05
-9.23208e-06
1.96746e-05
-1.17467e-05
1.90501e-05
-1.42102e-05
1.82698e-05
-1.66218e-05
1.74319e-05
-1.89881e-05
1.65699e-05
-2.13161e-05
1.56875e-05
-2.361e-05
1.47791e-05
-2.58718e-05
1.38451e-05
-2.81026e-05
1.28889e-05
-3.03028e-05
1.19135e-05
-3.24724e-05
1.09209e-05
-3.46113e-05
9.91178e-06
-3.67187e-05
8.88608e-06
-3.87938e-05
7.84391e-06
-4.08347e-05
6.78615e-06
-4.28389e-05
5.71499e-06
-4.48033e-05
4.63367e-06
-4.67244e-05
3.54525e-06
-4.8599e-05
2.4519e-06
-5.04241e-05
1.35879e-06
3.39275e-07
-7.00636e-07
1.98921e-05
-2.96662e-06
2.18652e-05
-5.45678e-06
2.24457e-05
-7.98544e-06
2.22033e-05
-1.04728e-05
2.15375e-05
-1.28936e-05
2.06907e-05
-1.52487e-05
1.9787e-05
-1.75478e-05
1.8869e-05
-1.9801e-05
1.79407e-05
-2.20154e-05
1.69936e-05
-2.41952e-05
1.60249e-05
-2.63425e-05
1.50362e-05
-2.84585e-05
1.40296e-05
-3.05439e-05
1.30063e-05
-3.25988e-05
1.19666e-05
-3.46227e-05
1.091e-05
-3.6615e-05
9.83615e-06
-3.85739e-05
8.74512e-06
-4.04972e-05
7.63827e-06
-4.23816e-05
6.51802e-06
-4.42232e-05
5.38691e-06
-4.60183e-05
4.24698e-06
-4.77632e-05
3.10364e-06
2.04446e-06
5.80166e-07
2.14674e-05
-1.64487e-06
2.40902e-05
-4.12573e-06
2.49266e-05
-6.64473e-06
2.47223e-05
-9.10773e-06
2.40005e-05
-1.1486e-05
2.3069e-05
-1.37819e-05
2.20829e-05
-1.60088e-05
2.10959e-05
-1.81806e-05
2.01125e-05
-2.03079e-05
1.91209e-05
-2.23973e-05
1.81142e-05
-2.44524e-05
1.70913e-05
-2.64754e-05
1.60526e-05
-2.84676e-05
1.49985e-05
-3.04296e-05
1.39286e-05
-3.23613e-05
1.28418e-05
-3.42622e-05
1.1737e-05
-3.61309e-05
1.06138e-05
-3.79652e-05
9.47254e-06
-3.97619e-05
8.3147e-06
-4.1517e-05
7.14204e-06
-4.32262e-05
5.95619e-06
-4.48849e-05
4.76232e-06
3.65773e-06
1.96025e-06
2.28966e-05
-2.31673e-07
2.62821e-05
-2.70957e-06
2.74045e-05
-5.22299e-06
2.72357e-05
-7.66325e-06
2.64407e-05
-9.99822e-06
2.54039e-05
-1.22319e-05
2.43166e-05
-1.43816e-05
2.32456e-05
-1.64654e-05
2.21963e-05
-1.8498e-05
2.11535e-05
-2.04886e-05
2.01049e-05
-2.24428e-05
1.90454e-05
-2.43639e-05
1.79738e-05
-2.62541e-05
1.68887e-05
-2.81144e-05
1.57889e-05
-2.99452e-05
1.46726e-05
-3.17463e-05
1.35381e-05
-3.35166e-05
1.23841e-05
-3.52541e-05
1.121e-05
-3.69556e-05
1.00162e-05
-3.86172e-05
8.80365e-06
-4.02342e-05
7.57313e-06
-4.18008e-05
6.329e-06
5.17264e-06
3.42377e-06
2.41812e-05
1.24859e-06
2.84573e-05
-1.23083e-06
2.98839e-05
-3.73874e-06
2.97436e-05
-6.15464e-06
2.88566e-05
-8.44335e-06
2.76927e-05
-1.06105e-05
2.64837e-05
-1.26775e-05
2.53125e-05
-1.46667e-05
2.41854e-05
-1.65969e-05
2.30837e-05
-1.84804e-05
2.19884e-05
-2.0325e-05
2.089e-05
-2.21354e-05
1.97842e-05
-2.39147e-05
1.86679e-05
-2.56646e-05
1.75388e-05
-2.7386e-05
1.63941e-05
-2.90791e-05
1.52312e-05
-3.0743e-05
1.4048e-05
-3.2376e-05
1.2843e-05
-3.39751e-05
1.16154e-05
-3.55364e-05
1.03649e-05
-3.70547e-05
9.09143e-06
-3.85236e-05
7.79786e-06
6.58331e-06
4.9383e-06
2.53514e-05
2.75656e-06
3.06391e-05
2.78954e-07
3.23615e-05
-2.21734e-06
3.22399e-05
-4.60149e-06
3.12408e-05
-6.83723e-06
2.99284e-05
-8.93152e-06
2.8578e-05
-1.09091e-05
2.72901e-05
-1.27966e-05
2.6073e-05
-1.46167e-05
2.49038e-05
-1.63849e-05
2.37567e-05
-1.81114e-05
2.26165e-05
-1.98023e-05
2.14751e-05
-2.1462e-05
2.03276e-05
-2.30928e-05
1.91697e-05
-2.46964e-05
1.79977e-05
-2.62733e-05
1.68081e-05
-2.7823e-05
1.55977e-05
-2.93441e-05
1.4364e-05
-3.08338e-05
1.3105e-05
-3.2288e-05
1.18192e-05
-3.37015e-05
1.05049e-05
-3.50667e-05
9.16305e-06
7.88436e-06
6.44555e-06
2.65488e-05
4.22937e-06
3.28553e-05
1.76797e-06
3.48229e-05
-6.93747e-07
3.47016e-05
-3.02857e-06
3.35756e-05
-5.19854e-06
3.20984e-05
-7.21009e-06
3.05896e-05
-9.08986e-06
2.91699e-05
-1.08679e-05
2.7851e-05
-1.25699e-05
2.66057e-05
-1.42146e-05
2.54014e-05
-1.58145e-05
2.42164e-05
-1.73776e-05
2.30382e-05
-1.89091e-05
2.18591e-05
-2.04125e-05
2.06731e-05
-2.189e-05
1.94752e-05
-2.33426e-05
1.82607e-05
-2.47704e-05
1.70255e-05
-2.61722e-05
1.57658e-05
-2.75455e-05
1.44783e-05
-2.88864e-05
1.316e-05
-3.0189e-05
1.18075e-05
-3.14449e-05
1.04189e-05
9.07095e-06
7.84096e-06
2.83488e-05
5.57898e-06
3.51172e-05
3.17347e-06
3.72284e-05
7.85986e-07
3.70891e-05
-1.46687e-06
3.58284e-05
-3.54923e-06
3.41808e-05
-5.46291e-06
3.25033e-05
-7.23394e-06
3.09409e-05
-8.89344e-06
2.95105e-05
-1.04691e-05
2.81814e-05
-1.19823e-05
2.69146e-05
-1.34476e-05
2.56817e-05
-1.48747e-05
2.44652e-05
-1.62699e-05
2.32543e-05
-1.76378e-05
2.20409e-05
-1.89811e-05
2.08185e-05
-2.03017e-05
1.95813e-05
-2.15999e-05
1.83238e-05
-2.28752e-05
1.70411e-05
-2.41254e-05
1.57285e-05
-2.53466e-05
1.43812e-05
-2.65326e-05
1.29936e-05
-2.76737e-05
1.156e-05
1.01387e-05
9.40068e-06
3.1982e-05
6.80404e-06
3.77139e-05
4.41739e-06
3.9615e-05
2.1656e-06
3.93409e-05
4.28155e-08
3.79512e-05
-1.91352e-06
3.61371e-05
-3.70728e-06
3.4297e-05
-5.35533e-06
3.25889e-05
-6.88594e-06
3.10411e-05
-8.3268e-06
2.96223e-05
-9.70072e-06
2.82886e-05
-1.1024e-05
2.70049e-05
-1.23076e-05
2.57488e-05
-1.35591e-05
2.45059e-05
-1.47839e-05
2.32657e-05
-1.59854e-05
2.20201e-05
-1.71662e-05
2.0762e-05
-1.83274e-05
1.9485e-05
-1.94689e-05
1.81826e-05
-2.05891e-05
1.68487e-05
-2.16844e-05
1.54765e-05
-2.27484e-05
1.40576e-05
-2.37697e-05
1.25813e-05
1.10837e-05
1.30801e-06
-1.30801e-06
2.95689e-06
-1.64887e-06
4.42281e-06
-1.46593e-06
5.46187e-06
-1.03906e-06
5.66485e-06
-2.02981e-07
3.56118e-07
5.30873e-06
1.66721e-06
-2.97523e-06
3.34859e-06
-3.33025e-06
4.83009e-06
-2.94743e-06
5.82151e-06
-2.03048e-06
6.03776e-06
-4.19225e-07
1.02919e-06
5.36469e-06
1.71246e-06
-4.68769e-06
3.29111e-06
-4.9089e-06
4.65593e-06
-4.31224e-06
5.56015e-06
-2.93471e-06
5.78635e-06
-6.45421e-07
1.73623e-06
5.0793e-06
1.64032e-06
-6.32801e-06
3.07685e-06
-6.34542e-06
4.29789e-06
-5.53328e-06
5.14157e-06
-3.77839e-06
5.42459e-06
-9.28447e-07
2.3216e-06
4.83923e-06
1.49835e-06
-7.82636e-06
2.77512e-06
-7.6222e-06
3.85772e-06
-6.61587e-06
4.64792e-06
-4.56859e-06
5.00724e-06
-1.28777e-06
2.65109e-06
4.67776e-06
1.31604e-06
-9.1424e-06
2.42194e-06
-8.7281e-06
3.36982e-06
-7.56374e-06
4.10337e-06
-5.30214e-06
4.54782e-06
-1.73222e-06
2.69377e-06
4.50514e-06
1.10854e-06
-1.02509e-05
2.03663e-06
-9.6562e-06
2.84871e-06
-8.37582e-06
3.52283e-06
-5.97627e-06
4.0406e-06
-2.24999e-06
2.50003e-06
4.23434e-06
8.84744e-07
-1.11357e-05
1.62903e-06
-1.04005e-05
2.30172e-06
-9.04851e-06
2.90663e-06
-6.58118e-06
3.46729e-06
-2.81064e-06
2.11451e-06
3.85281e-06
6.46711e-07
-1.17824e-05
1.21233e-06
-1.09661e-05
1.73417e-06
-9.57036e-06
2.25368e-06
-7.10069e-06
2.82349e-06
-3.38045e-06
1.57471e-06
3.36329e-06
4.04814e-07
-1.21872e-05
7.87091e-07
-1.13484e-05
1.15029e-06
-9.93356e-06
1.56537e-06
-7.51578e-06
2.11246e-06
-3.92753e-06
9.21546e-07
2.76562e-06
1.61134e-07
-1.23483e-05
3.5779e-07
-1.1545e-05
5.55407e-07
-1.01312e-05
8.46403e-07
-7.80677e-06
1.34014e-06
-4.42126e-06
1.97718e-07
2.06396e-06
-8.01451e-08
-1.22682e-05
-7.07824e-08
-1.15544e-05
-4.37998e-08
-1.01582e-05
1.04624e-07
-7.9552e-06
5.15573e-07
-4.83221e-06
-5.53303e-07
1.26659e-06
-3.11616e-07
-1.19566e-05
-4.87748e-07
-1.13783e-05
-6.38112e-07
-1.00078e-05
-6.48426e-07
-7.94488e-06
-3.47779e-07
-5.13286e-06
-1.28632e-06
3.85236e-07
-5.32983e-07
-1.14236e-05
-8.90963e-07
-1.10203e-05
-1.21833e-06
-9.68043e-06
-1.39906e-06
-7.76415e-06
-1.23299e-06
-5.29892e-06
-1.96004e-06
-5.59274e-07
-7.38737e-07
-1.06849e-05
-1.27176e-06
-1.04873e-05
-1.77303e-06
-9.17916e-06
-2.13079e-06
-7.40639e-06
-2.12041e-06
-5.3093e-06
-2.53714e-06
-1.5433e-06
-9.2444e-07
-9.76042e-06
-1.62295e-06
-9.78874e-06
-2.29021e-06
-8.51191e-06
-2.82508e-06
-6.87151e-06
-2.9852e-06
-5.14919e-06
-2.98606e-06
-2.53627e-06
-1.0858e-06
-8.67462e-06
-1.93754e-06
-8.93701e-06
-2.75736e-06
-7.69209e-06
-3.46163e-06
-6.16724e-06
-3.79995e-06
-4.81088e-06
-3.28264e-06
-3.50337e-06
-1.2184e-06
-7.45622e-06
-2.20869e-06
-7.94672e-06
-3.16177e-06
-6.739e-06
-4.01834e-06
-5.31068e-06
-4.53274e-06
-4.29647e-06
-3.40745e-06
-4.40794e-06
-1.31688e-06
-6.13933e-06
-2.43024e-06
-6.83337e-06
-3.49106e-06
-5.67818e-06
-4.47045e-06
-4.33128e-06
-5.14721e-06
-3.61971e-06
-3.34567e-06
-5.20899e-06
-1.37447e-06
-4.76486e-06
-2.59653e-06
-5.61131e-06
-3.73499e-06
-4.53972e-06
-4.78654e-06
-3.27973e-06
-5.60025e-06
-2.806e-06
-3.09156e-06
-5.85437e-06
-1.38311e-06
-3.38176e-06
-2.70048e-06
-4.29394e-06
-3.87494e-06
-3.36526e-06
-4.92666e-06
-2.22801e-06
-5.83127e-06
-1.90139e-06
-2.65736e-06
-6.26547e-06
-1.33195e-06
-2.04981e-06
-2.73056e-06
-2.89533e-06
-3.89586e-06
-2.19995e-06
-4.87193e-06
-1.25194e-06
-5.76356e-06
-1.00975e-06
-2.05619e-06
-6.36473e-06
-1.20182e-06
-8.4799e-07
-2.65178e-06
-1.44536e-06
-3.76837e-06
-1.08336e-06
-4.54259e-06
-4.7772e-07
-5.27101e-06
-2.8133e-07
-1.2469e-06
-6.08031e-06
-8.4799e-07
-2.29335e-06
-3.37672e-06
-3.85444e-06
-4.13577e-06
-5.38266e-06
9.4147e-06
2.7876e-05
7.45106e-06
3.96775e-05
5.38158e-06
4.16845e-05
3.39733e-06
4.13251e-05
1.48353e-06
3.9865e-05
-3.11222e-07
3.79318e-05
-1.95859e-06
3.59444e-05
-3.46677e-06
3.40971e-05
-4.85718e-06
3.24316e-05
-6.15483e-06
3.09199e-05
-7.38232e-06
2.95161e-05
-8.55686e-06
2.81794e-05
-9.69054e-06
2.68825e-05
-1.07918e-05
2.56072e-05
-1.18667e-05
2.43406e-05
-1.29196e-05
2.3073e-05
-1.39534e-05
2.17959e-05
-1.49703e-05
2.05018e-05
-1.59707e-05
1.91831e-05
-1.69539e-05
1.78319e-05
-1.79168e-05
1.64394e-05
-1.88532e-05
1.4994e-05
-1.97501e-05
1.34782e-05
1.19023e-05
7.94523e-06
2.52955e-05
7.50513e-06
4.01176e-05
6.09174e-06
4.30979e-05
4.4839e-06
4.2933e-05
2.83688e-06
4.1512e-05
1.24871e-06
3.952e-05
-2.27489e-07
3.74206e-05
-1.5781e-06
3.54477e-05
-2.81736e-06
3.36708e-05
-3.96398e-06
3.20665e-05
-5.03898e-06
3.05911e-05
-6.05948e-06
2.91999e-05
-7.03809e-06
2.78611e-05
-7.98391e-06
2.6553e-05
-8.90353e-06
2.52602e-05
-9.80184e-06
2.39713e-05
-1.06825e-05
2.26765e-05
-1.1548e-05
2.13673e-05
-1.23999e-05
2.0035e-05
-1.32385e-05
1.86705e-05
-1.4062e-05
1.72629e-05
-1.48649e-05
1.5797e-05
-1.56329e-05
1.42462e-05
1.25915e-05
7.16011e-06
2.32147e-05
7.46931e-06
3.98084e-05
6.65916e-06
4.39081e-05
5.45916e-06
4.4133e-05
4.11729e-06
4.28539e-05
2.7661e-06
4.08712e-05
1.4835e-06
3.87032e-05
3.016e-07
3.66296e-05
-7.75064e-07
3.47475e-05
-1.76379e-06
3.30553e-05
-2.68175e-06
3.1509e-05
-3.54455e-06
3.00627e-05
-4.36485e-06
2.86814e-05
-5.15204e-06
2.73402e-05
-5.913e-06
2.60212e-05
-6.6529e-06
2.47112e-05
-7.37564e-06
2.33993e-05
-8.08422e-06
2.20759e-05
-8.7808e-06
2.07316e-05
-9.46664e-06
1.93563e-05
-1.01419e-05
1.79381e-05
-1.08036e-05
1.64587e-05
-1.14377e-05
1.48802e-05
1.3148e-05
6.60878e-06
2.14451e-05
7.46416e-06
3.8953e-05
7.16271e-06
4.42095e-05
6.3601e-06
4.49356e-05
5.33797e-06
4.3876e-05
4.24319e-06
4.1966e-05
3.17173e-06
3.97746e-05
2.17422e-06
3.76271e-05
1.26421e-06
3.56575e-05
4.37042e-07
3.38824e-05
-3.20691e-07
3.22668e-05
-1.02406e-06
3.07661e-05
-1.68514e-06
2.93425e-05
-2.3132e-06
2.79682e-05
-2.91519e-06
2.66232e-05
-3.49626e-06
2.52922e-05
-4.06019e-06
2.39632e-05
-4.60976e-06
2.26255e-05
-5.14697e-06
2.12688e-05
-5.67311e-06
1.98825e-05
-6.18925e-06
1.84543e-05
-6.69668e-06
1.69661e-05
-7.18949e-06
1.5373e-05
1.35683e-05
6.20128e-06
1.99216e-05
7.46872e-06
3.76856e-05
7.62312e-06
4.40551e-05
7.20559e-06
4.53531e-05
6.50917e-06
4.45724e-05
5.68264e-06
4.27925e-05
4.83454e-06
4.06227e-05
4.02926e-06
3.84324e-05
3.29429e-06
3.63925e-05
2.63281e-06
3.45439e-05
2.03584e-06
3.28637e-05
1.49142e-06
3.13105e-05
9.88084e-07
2.98458e-05
5.16594e-07
2.84397e-05
6.99446e-08
2.70698e-05
-3.56957e-07
2.57191e-05
-7.67644e-07
2.43739e-05
-1.16428e-06
2.30221e-05
-1.54784e-06
2.16524e-05
-1.91793e-06
2.02526e-05
-2.27226e-06
1.88086e-05
-2.60736e-06
1.73012e-05
-2.92726e-06
1.56929e-05
1.38712e-05
5.90353e-06
1.85232e-05
7.46956e-06
3.61195e-05
8.04169e-06
4.3483e-05
8.00099e-06
4.53938e-05
7.63444e-06
4.4939e-05
7.08428e-06
4.33427e-05
6.46983e-06
4.12372e-05
5.86554e-06
3.90367e-05
5.31034e-06
3.69477e-05
4.81654e-06
3.50377e-05
4.3809e-06
3.32994e-05
3.99392e-06
3.16975e-05
3.64517e-06
3.01946e-05
3.32548e-06
2.87594e-05
3.02746e-06
2.73678e-05
2.74555e-06
2.6001e-05
2.47586e-06
2.46436e-05
2.21627e-06
2.32817e-05
1.96645e-06
2.19022e-05
1.72835e-06
2.04907e-05
1.50883e-06
1.90281e-05
1.3252e-06
1.74849e-05
1.19204e-06
1.58261e-05
1.40912e-05
5.64032e-06
1.71173e-05
7.44785e-06
3.4312e-05
8.41149e-06
4.25193e-05
8.74356e-06
4.50617e-05
8.71208e-06
4.49705e-05
8.44278e-06
4.3612e-05
8.07255e-06
4.16074e-05
7.67806e-06
3.94312e-05
7.30819e-06
3.73175e-05
6.98459e-06
3.53613e-05
6.71029e-06
3.35737e-05
6.47915e-06
3.19286e-05
6.28208e-06
3.03917e-05
6.11012e-06
2.89314e-05
5.95563e-06
2.75223e-05
5.81257e-06
2.61441e-05
5.67669e-06
2.47794e-05
5.54585e-06
2.34125e-05
5.42068e-06
2.20274e-05
5.30551e-06
2.06058e-05
5.20793e-06
1.91257e-05
5.13292e-06
1.75599e-05
5.07657e-06
1.58824e-05
1.407e-05
5.34105e-06
1.5629e-05
7.37665e-06
3.22764e-05
8.71578e-06
4.11802e-05
9.41587e-06
4.43616e-05
9.72815e-06
4.46582e-05
9.7627e-06
4.35774e-05
9.63894e-06
4.17312e-05
9.4619e-06
3.96082e-05
9.28351e-06
3.74959e-05
9.13348e-06
3.55114e-05
9.02167e-06
3.36855e-05
8.94613e-06
3.20042e-05
8.89994e-06
3.04379e-05
8.87522e-06
2.89561e-05
8.86501e-06
2.75325e-05
8.86407e-06
2.6145e-05
8.86929e-06
2.47742e-05
8.87997e-06
2.34019e-05
8.89811e-06
2.20092e-05
8.92814e-06
2.05758e-05
8.97539e-06
1.90784e-05
9.04375e-06
1.74915e-05
9.13743e-06
1.57888e-05
1.39407e-05
4.96756e-06
1.40247e-05
7.22941e-06
3.00145e-05
8.93603e-06
3.94736e-05
1.00068e-05
4.32909e-05
1.06618e-05
4.40032e-05
1.1033e-05
4.32063e-05
1.11638e-05
4.16003e-05
1.12115e-05
3.95606e-05
1.12312e-05
3.74762e-05
1.12595e-05
3.54831e-05
1.13129e-05
3.36321e-05
1.13944e-05
3.19227e-05
1.15002e-05
3.0332e-05
1.16244e-05
2.88319e-05
1.17615e-05
2.73955e-05
1.19075e-05
2.5999e-05
1.20607e-05
2.4621e-05
1.22212e-05
2.32413e-05
1.2391e-05
2.18395e-05
1.25723e-05
2.03944e-05
1.27671e-05
1.88836e-05
1.29761e-05
1.72826e-05
1.32008e-05
1.55641e-05
1.36956e-05
4.49719e-06
1.22932e-05
6.98302e-06
2.75287e-05
9.0537e-06
3.74029e-05
1.05087e-05
4.18358e-05
1.15055e-05
4.30064e-05
1.22134e-05
4.24984e-05
1.2638e-05
4.11758e-05
1.29184e-05
3.92801e-05
1.31445e-05
3.72501e-05
1.33576e-05
3.527e-05
1.35807e-05
3.3409e-05
1.38223e-05
3.1681e-05
1.40827e-05
3.00716e-05
1.43584e-05
2.85562e-05
1.46458e-05
2.71082e-05
1.49421e-05
2.57027e-05
1.52464e-05
2.43167e-05
1.55587e-05
2.2929e-05
1.58793e-05
2.15189e-05
1.62083e-05
2.00655e-05
1.65447e-05
1.85472e-05
1.68873e-05
1.69399e-05
1.7237e-05
1.52144e-05
1.33338e-05
3.91542e-06
1.04417e-05
6.61425e-06
2.48299e-05
9.04594e-06
3.49712e-05
1.08992e-05
3.99826e-05
1.2258e-05
4.16476e-05
1.32828e-05
4.14736e-05
1.40383e-05
4.04203e-05
1.45672e-05
3.87512e-05
1.50124e-05
3.6805e-05
1.54196e-05
3.48628e-05
1.5819e-05
3.30096e-05
1.62257e-05
3.12743e-05
1.66443e-05
2.9653e-05
1.70747e-05
2.81258e-05
1.75149e-05
2.6668e-05
1.79633e-05
2.52542e-05
1.8419e-05
2.38611e-05
1.88812e-05
2.24668e-05
1.93487e-05
2.10513e-05
1.98194e-05
1.95948e-05
2.02907e-05
1.80759e-05
2.07608e-05
1.64699e-05
2.12302e-05
1.4745e-05
1.2859e-05
3.21027e-06
8.49804e-06
6.10197e-06
2.19382e-05
8.8908e-06
3.21824e-05
1.1153e-05
3.77203e-05
1.28971e-05
3.99035e-05
1.42394e-05
4.01313e-05
1.53294e-05
3.93304e-05
1.61419e-05
3.79386e-05
1.68216e-05
3.61253e-05
1.74342e-05
3.42501e-05
1.80188e-05
3.2425e-05
1.8597e-05
3.06961e-05
1.91788e-05
2.90712e-05
1.97672e-05
2.75374e-05
2.03624e-05
2.60728e-05
2.09635e-05
2.46531e-05
2.15694e-05
2.32551e-05
2.21785e-05
2.18577e-05
2.27883e-05
2.04416e-05
2.33951e-05
1.89879e-05
2.39954e-05
1.74756e-05
2.45869e-05
1.58784e-05
2.51704e-05
1.41615e-05
1.22767e-05
2.38146e-06
6.50182e-06
5.436e-06
1.88836e-05
8.56927e-06
2.90491e-05
1.12418e-05
3.50478e-05
1.33841e-05
3.77612e-05
1.50823e-05
3.84331e-05
1.64855e-05
3.79271e-05
1.76179e-05
3.68063e-05
1.85502e-05
3.5193e-05
1.93844e-05
3.34158e-05
2.01662e-05
3.16432e-05
2.09247e-05
2.99376e-05
2.16758e-05
2.83201e-05
2.24266e-05
2.67866e-05
2.31793e-05
2.53201e-05
2.39338e-05
2.38986e-05
2.46888e-05
2.25002e-05
2.54419e-05
2.11046e-05
2.61898e-05
1.96937e-05
2.6928e-05
1.82497e-05
2.76523e-05
1.67513e-05
2.83599e-05
1.51709e-05
2.90512e-05
1.34702e-05
1.15939e-05
1.44445e-06
4.49809e-06
4.60973e-06
1.57184e-05
8.0606e-06
2.55983e-05
1.11388e-05
3.19696e-05
1.36922e-05
3.52078e-05
1.57785e-05
3.63467e-05
1.74964e-05
3.62093e-05
1.89545e-05
3.53482e-05
2.01705e-05
3.3977e-05
2.1247e-05
3.23393e-05
2.22413e-05
3.06488e-05
2.31916e-05
2.89873e-05
2.41206e-05
2.73912e-05
2.50397e-05
2.58674e-05
2.59539e-05
2.4406e-05
2.68637e-05
2.29888e-05
2.77679e-05
2.15959e-05
2.86638e-05
2.02087e-05
2.95475e-05
1.88101e-05
3.04142e-05
1.7383e-05
3.12588e-05
1.59067e-05
3.20777e-05
1.4352e-05
3.28709e-05
1.26769e-05
1.08181e-05
4.27152e-07
2.52764e-06
3.63482e-06
1.25107e-05
7.34438e-06
2.18887e-05
1.08142e-05
2.84998e-05
1.37854e-05
3.22366e-05
1.62697e-05
3.38625e-05
1.83479e-05
3.41311e-05
2.01267e-05
3.35693e-05
2.16501e-05
3.24537e-05
2.29911e-05
3.09982e-05
2.42169e-05
2.9423e-05
2.53739e-05
2.78304e-05
2.64919e-05
2.62732e-05
2.7588e-05
2.47713e-05
2.867e-05
2.33239e-05
2.974e-05
2.19188e-05
3.07967e-05
2.05393e-05
3.18371e-05
1.91683e-05
3.28572e-05
1.779e-05
3.3852e-05
1.63882e-05
3.48156e-05
1.4943e-05
3.57431e-05
1.34245e-05
3.66334e-05
1.17866e-05
9.95677e-06
-6.37767e-07
6.29132e-07
2.55078e-06
9.32217e-06
6.41965e-06
1.80198e-05
1.02357e-05
2.46837e-05
1.36221e-05
2.88502e-05
1.65174e-05
3.09672e-05
1.89796e-05
3.16688e-05
2.11003e-05
3.14487e-05
2.29482e-05
3.06058e-05
2.4576e-05
2.93705e-05
2.60547e-05
2.79443e-05
2.74369e-05
2.64481e-05
2.87594e-05
2.49507e-05
3.00448e-05
2.34859e-05
3.1305e-05
2.20638e-05
3.25438e-05
2.068e-05
3.37607e-05
1.93224e-05
3.49522e-05
1.79767e-05
3.6114e-05
1.66282e-05
3.72407e-05
1.52615e-05
3.83259e-05
1.38579e-05
3.93626e-05
1.23878e-05
4.03478e-05
1.08014e-05
9.01526e-06
-1.69777e-06
-1.17647e-06
1.4183e-06
6.2061e-06
5.32877e-06
1.41094e-05
9.39114e-06
2.06214e-05
1.31549e-05
2.50864e-05
1.64635e-05
2.76586e-05
1.93287e-05
2.88037e-05
2.18213e-05
2.8956e-05
2.40081e-05
2.84189e-05
2.59468e-05
2.74318e-05
2.77035e-05
2.61877e-05
2.93341e-05
2.48175e-05
3.08809e-05
2.34039e-05
3.23725e-05
2.19943e-05
3.38255e-05
2.06107e-05
3.5247e-05
1.92585e-05
3.66372e-05
1.79322e-05
3.79928e-05
1.66211e-05
3.93084e-05
1.53126e-05
4.05778e-05
1.39921e-05
4.17936e-05
1.26421e-05
4.29467e-05
1.12347e-05
4.403e-05
9.71816e-06
7.99539e-06
-2.70213e-06
-2.88228e-06
3.07059e-07
3.19691e-06
4.14942e-06
1.0267e-05
8.31838e-06
1.64524e-05
1.23647e-05
2.10401e-05
1.60513e-05
2.3972e-05
1.93209e-05
2.55341e-05
2.22053e-05
2.60716e-05
2.47567e-05
2.58675e-05
2.70325e-05
2.5156e-05
2.9095e-05
2.41252e-05
3.10011e-05
2.29115e-05
3.2797e-05
2.1608e-05
3.45169e-05
2.02744e-05
3.61827e-05
1.8945e-05
3.78057e-05
1.76355e-05
3.93888e-05
1.63491e-05
4.09289e-05
1.5081e-05
4.24197e-05
1.38218e-05
4.38531e-05
1.25586e-05
4.52198e-05
1.12754e-05
4.65075e-05
9.94704e-06
4.77029e-05
8.52268e-06
6.89032e-06
-3.59734e-06
-4.49392e-06
-7.15404e-07
3.14969e-07
2.97493e-06
6.57667e-06
7.10298e-06
1.23244e-05
1.12873e-05
1.68558e-05
1.5258e-05
2.00012e-05
1.88909e-05
2.19012e-05
2.21628e-05
2.27997e-05
2.5096e-05
2.29343e-05
2.77347e-05
2.25174e-05
3.01334e-05
2.17265e-05
3.23466e-05
2.06983e-05
3.44222e-05
1.95324e-05
3.63984e-05
1.82982e-05
3.83028e-05
1.70406e-05
4.0152e-05
1.57862e-05
4.19533e-05
1.45479e-05
4.37056e-05
1.33287e-05
4.54026e-05
1.21248e-05
4.70341e-05
1.09271e-05
4.85869e-05
9.72259e-06
5.00441e-05
8.48987e-06
5.13837e-05
7.18312e-06
5.67601e-06
-4.31698e-06
-6.03131e-06
-1.57209e-06
-2.42992e-06
1.8974e-06
3.10718e-06
5.8539e-06
8.36787e-06
1.00132e-05
1.26965e-05
1.4122e-05
1.58924e-05
1.80175e-05
1.80057e-05
2.16243e-05
1.91929e-05
2.4924e-05
1.96346e-05
2.79339e-05
1.95075e-05
3.06917e-05
1.89687e-05
3.32428e-05
1.81472e-05
3.56319e-05
1.71433e-05
3.78986e-05
1.60315e-05
4.00741e-05
1.48651e-05
4.21806e-05
1.36797e-05
4.42306e-05
1.24978e-05
4.6228e-05
1.13314e-05
4.81686e-05
1.01841e-05
5.00433e-05
9.05244e-06
5.18355e-05
7.93033e-06
5.35213e-05
6.80414e-06
5.50653e-05
5.63909e-06
4.29908e-06
-4.77539e-06
-7.52139e-06
-2.18952e-06
-5.01579e-06
9.97627e-07
-7.99692e-08
4.67657e-06
4.68892e-06
8.65983e-06
8.71329e-06
1.27394e-05
1.18129e-05
1.67475e-05
1.39976e-05
2.05769e-05
1.53635e-05
2.41723e-05
1.60392e-05
2.75184e-05
1.61613e-05
3.06279e-05
1.58592e-05
3.3529e-05
1.52461e-05
3.62565e-05
1.44157e-05
3.88456e-05
1.34425e-05
4.13275e-05
1.23832e-05
4.37274e-05
1.12799e-05
4.60626e-05
1.01626e-05
4.83421e-05
9.05182e-06
5.05664e-05
7.9598e-06
5.27298e-05
6.88908e-06
5.48207e-05
5.83939e-06
5.68176e-05
4.80724e-06
5.86682e-05
3.78857e-06
2.65768e-06
-4.85761e-06
-9.02851e-06
-2.48638e-06
-7.38703e-06
3.41462e-07
-2.90781e-06
3.65245e-06
1.37794e-06
7.33497e-06
5.03076e-06
1.12285e-05
7.9193e-06
1.5182e-05
1.00441e-05
1.90786e-05
1.14669e-05
2.28409e-05
1.2277e-05
2.64273e-05
1.2575e-05
2.9825e-05
1.24615e-05
3.30416e-05
1.20295e-05
3.60965e-05
1.13608e-05
3.90149e-05
1.0524e-05
4.18233e-05
9.57485e-06
4.45454e-05
8.55768e-06
4.72013e-05
7.50674e-06
4.98054e-05
6.44776e-06
5.23647e-05
5.40054e-06
5.48746e-05
4.37909e-06
5.7323e-05
3.39108e-06
5.9698e-05
2.4322e-06
6.19702e-05
1.51634e-06
5.96191e-07
-4.34293e-06
-1.07659e-05
-2.37305e-06
-9.35692e-06
-4.22192e-08
-5.23864e-06
2.82169e-06
-1.48597e-06
6.10622e-06
1.74624e-06
9.68683e-06
4.33868e-06
1.34327e-05
6.29826e-06
1.72309e-05
7.6686e-06
2.09968e-05
8.51112e-06
2.46741e-05
8.89759e-06
2.82326e-05
8.90299e-06
3.16621e-05
8.60005e-06
3.4967e-05
8.05588e-06
3.8161e-05
7.33002e-06
4.12622e-05
6.47363e-06
4.42902e-05
5.52975e-06
4.7263e-05
4.53386e-06
5.01963e-05
3.51448e-06
5.31016e-05
2.49528e-06
5.59842e-05
1.49649e-06
5.88397e-05
5.35621e-07
6.16561e-05
-3.84285e-07
6.44294e-05
-1.25691e-06
-2.03886e-06
-2.84287e-06
-1.82752e-06
-1.39738e-07
2.17023e-06
4.98246e-06
8.15959e-06
1.15766e-05
1.51284e-05
1.87312e-05
2.23241e-05
2.58677e-05
2.93415e-05
3.27389e-05
3.60641e-05
3.9328e-05
4.25448e-05
4.57305e-05
4.88996e-05
5.2065e-05
5.52375e-05
5.8426e-05
6.16279e-05
6.48488e-05
)
;

boundaryField
{
    rotor
    {
        type            calculated;
        value           nonuniform List<scalar> 
144
(
-2.11758e-22
0
-2.11758e-22
0
0
4.23516e-22
-4.97551e-24
1.47493e-24
5.2251e-24
-3.2236e-24
5.14355e-25
-5.09999e-26
-1.24299e-25
-7.37624e-25
1.0277e-24
-2.07946e-24
8.39088e-25
5.12575e-24
4.22586e-24
-1.35659e-24
7.14635e-24
4.12277e-24
6.92713e-24
-9.56932e-25
-3.19886e-25
5.96433e-24
1.29051e-23
1.0566e-23
-3.85729e-25
4.24334e-24
0
0
0
0
4.23516e-22
4.23516e-22
2.11758e-22
-2.11758e-22
2.11758e-22
4.23516e-22
0
4.23516e-22
3.65727e-24
1.47493e-24
5.2251e-24
-3.2236e-24
5.14355e-25
-5.09999e-26
-1.24299e-25
-7.37624e-25
1.0277e-24
-2.07946e-24
8.39088e-25
5.12575e-24
4.22586e-24
-1.35659e-24
7.14635e-24
4.12277e-24
6.92713e-24
-9.56932e-25
-3.19886e-25
5.96433e-24
1.29051e-23
1.0566e-23
-3.85729e-25
-4.07068e-24
0
0
0
-4.23516e-22
4.23516e-22
0
0
0
-2.11758e-22
4.23516e-22
0
0
-9.98363e-24
1.47493e-24
5.2251e-24
-3.2236e-24
5.14355e-25
-5.09999e-26
-1.24299e-25
-7.37624e-25
1.0277e-24
-2.07946e-24
8.39088e-25
5.12575e-24
4.22586e-24
-1.35659e-24
7.14635e-24
4.12277e-24
6.92713e-24
-9.56932e-25
-3.19886e-25
5.96433e-24
1.29051e-23
1.0566e-23
-3.85729e-25
8.73213e-24
0
0
0
-4.23516e-22
-4.23516e-22
0
0
2.11758e-22
2.11758e-22
0
0
-4.23516e-22
2.14962e-24
1.47493e-24
5.2251e-24
-3.2236e-24
5.14355e-25
-5.09999e-26
-1.24299e-25
-7.37624e-25
1.0277e-24
-2.07946e-24
8.39088e-25
5.12575e-24
4.22586e-24
-1.35659e-24
7.14635e-24
4.12277e-24
6.92713e-24
-9.56932e-25
-3.19886e-25
5.96433e-24
1.29051e-23
1.0566e-23
-3.85729e-25
-5.42828e-24
0
-2.11758e-22
0
0
4.23516e-22
4.23516e-22
)
;
    }
    freestream
    {
        type            calculated;
        value           nonuniform List<scalar> 
96
(
6.48228e-05
5.6011e-05
4.43477e-05
3.33646e-05
2.45543e-05
2.01658e-05
1.94897e-05
2.28777e-05
3.06508e-05
4.0958e-05
5.22385e-05
6.30211e-05
7.21097e-05
7.65631e-05
7.56464e-05
7.24803e-05
6.78692e-05
6.24132e-05
5.68535e-05
5.14963e-05
4.64582e-05
4.15969e-05
3.68073e-05
3.20858e-05
2.7409e-05
2.27616e-05
1.81367e-05
1.35334e-05
8.95404e-06
4.3985e-06
-7.39048e-08
-4.50179e-06
-9.0898e-06
-1.36094e-05
-1.80269e-05
-2.23252e-05
-2.64904e-05
-3.05091e-05
-3.43681e-05
-3.8054e-05
-4.1554e-05
-4.48556e-05
-4.79468e-05
-5.08164e-05
-5.34538e-05
-5.58491e-05
-5.79917e-05
-5.98767e-05
-6.14969e-05
-6.28452e-05
-6.3916e-05
-6.47053e-05
-6.52101e-05
-6.54285e-05
-6.53595e-05
-6.50034e-05
-6.43616e-05
-6.34364e-05
-6.22314e-05
-6.07512e-05
-5.90016e-05
-5.69904e-05
-5.47249e-05
-5.22143e-05
-4.94683e-05
-4.64982e-05
-4.33158e-05
-3.99342e-05
-3.63677e-05
-3.26314e-05
-2.87415e-05
-2.47147e-05
-2.05688e-05
-1.63221e-05
-1.19941e-05
-7.60981e-06
-3.23021e-06
9.72044e-07
5.09776e-06
9.26671e-06
1.34459e-05
1.75987e-05
2.1705e-05
2.57527e-05
2.9734e-05
3.36467e-05
3.74948e-05
4.12893e-05
4.50498e-05
4.8808e-05
5.2598e-05
5.64422e-05
6.03096e-05
6.40317e-05
6.70644e-05
6.80837e-05
)
;
    }
    frontAndBack
    {
        type            empty;
    }
}


// ************************************************************************* //
