/*--------------------------------*- C++ -*----------------------------------*\
  =========                 |
  \\      /  F ield         | OpenFOAM: The Open Source CFD Toolbox
   \\    /   O peration     | Website:  https://openfoam.org
    \\  /    A nd           | Version:  11
     \\/     M anipulation  |
\*---------------------------------------------------------------------------*/
FoamFile
{
    format      ascii;
    class       volVectorField;
    location    "1.5";
    object      U;
}
// * * * * * * * * * * * * * * * * * * * * * * * * * * * * * * * * * * * * * //

dimensions      [0 1 -1 0 0 0 0];

internalField   nonuniform List<vector> 
2880
(
(-0.0487133 0.0384041 2.96398e-30)
(-0.192873 0.069954 0)
(-0.383949 0.0897657 7.58061e-21)
(-0.472287 0.0959384 -6.16632e-21)
(-0.519484 0.105832 7.27691e-20)
(-0.529189 0.117075 2.96283e-22)
(-0.106207 0.0750815 3.65484e-19)
(-0.284604 0.110096 -2.95269e-19)
(-0.42137 0.12367 -2.28371e-19)
(-0.485504 0.124714 1.86483e-19)
(-0.516624 0.123586 -7.72016e-20)
(-0.524215 0.111009 -3.17447e-20)
(-0.132426 0.097791 3.25539e-19)
(-0.303163 0.140615 8.26088e-19)
(-0.417468 0.146071 6.46896e-19)
(-0.469083 0.14194 -2.22286e-19)
(-0.49685 0.136058 3.68287e-20)
(-0.505516 0.119086 -6.10805e-20)
(-0.155996 0.117964 -1.1325e-18)
(-0.30897 0.168088 -1.47751e-21)
(-0.405617 0.167838 -4.6079e-19)
(-0.447601 0.159475 4.17116e-20)
(-0.471877 0.149005 0)
(-0.479799 0.129093 5.97265e-20)
(-0.181534 0.137269 1.19504e-18)
(-0.312949 0.191644 3.19769e-20)
(-0.391438 0.18908 2.52213e-20)
(-0.424976 0.177698 4.13222e-20)
(-0.444246 0.164293 2.73713e-19)
(-0.45001 0.142817 -5.9194e-20)
(-0.205953 0.158158 -6.83362e-19)
(-0.316138 0.21024 -4.9047e-19)
(-0.376031 0.208862 0)
(-0.401451 0.195994 6.29008e-19)
(-0.414744 0.181254 -2.67548e-19)
(-0.416675 0.159735 -1.18999e-19)
(-0.223143 0.184877 -4.68612e-20)
(-0.315388 0.225617 2.95803e-20)
(-0.359577 0.226958 -8.30565e-19)
(-0.377153 0.214083 -7.84173e-22)
(-0.383711 0.199293 6.59327e-20)
(-0.380179 0.178872 0)
(-0.233941 0.20086 0)
(-0.311106 0.238735 0)
(-0.342335 0.243525 8.13282e-19)
(-0.352333 0.23183 -1.36725e-18)
(-0.35155 0.217906 5.97328e-19)
(-0.34114 0.199233 0)
(-0.241823 0.214483 -7.0164e-20)
(-0.304228 0.25012 -2.89932e-20)
(-0.324677 0.258749 4.40849e-20)
(-0.327306 0.249078 -6.49291e-22)
(-0.318833 0.236567 1.47743e-21)
(-0.300465 0.21987 4.87916e-19)
(-0.247557 0.226159 -2.33982e-20)
(-0.295301 0.259984 -5.66851e-20)
(-0.306821 0.272838 4.37645e-20)
(-0.302422 0.265642 -3.45378e-22)
(-0.28626 0.254764 -6.68354e-19)
(-0.259325 0.239871 1.22857e-19)
(-0.250846 0.234997 0)
(-0.284818 0.268504 0)
(-0.288791 0.285938 8.91172e-20)
(-0.27807 0.281383 1.12893e-18)
(-0.254617 0.272063 -5.36462e-19)
(-0.21908 0.258435 -8.64037e-19)
(-0.251296 0.240513 1.52812e-18)
(-0.273047 0.275849 0)
(-0.270701 0.298156 8.91203e-20)
(-0.254688 0.296233 -5.25598e-19)
(-0.22472 0.288154 4.06233e-19)
(-0.181177 0.27494 3.72122e-19)
(-0.248622 0.242906 -2.46433e-20)
(-0.260082 0.282179 -8.93748e-19)
(-0.252837 0.309577 8.93438e-20)
(-0.232677 0.310192 -7.49939e-20)
(-0.197379 0.302876 1.36914e-19)
(-0.147023 0.288999 5.00546e-19)
(-0.242584 0.24249 -1.50622e-18)
(-0.24595 0.287557 8.46245e-19)
(-0.235441 0.32039 4.39504e-20)
(-0.212439 0.323311 0)
(-0.173342 0.316212 -1.3751e-19)
(-0.117866 0.300478 -5.04554e-19)
(-0.233224 0.239669 -2.34868e-20)
(-0.230756 0.29206 -5.78422e-20)
(-0.218623 0.330687 4.43219e-20)
(-0.19433 0.335681 0)
(-0.153263 0.32828 0)
(-0.094718 0.309476 -1.26189e-19)
(-0.220656 0.235101 -2.34405e-20)
(-0.214664 0.295661 -5.88209e-20)
(-0.202536 0.340504 4.48284e-20)
(-0.178622 0.347413 6.98138e-19)
(-0.137682 0.339305 -6.86072e-20)
(-0.0784831 0.316276 0)
(-0.206743 0.232901 0)
(-0.198118 0.298366 -5.9908e-20)
(-0.187347 0.349723 -6.93062e-19)
(-0.165512 0.358568 -8.06904e-20)
(-0.127027 0.349643 6.93413e-20)
(-0.070304 0.321293 0)
(-0.171502 0.239389 0)
(-0.181955 0.298812 0)
(-0.173164 0.357786 1.40993e-18)
(-0.154984 0.369031 -5.59578e-19)
(-0.12158 0.359874 1.41105e-19)
(-0.0713175 0.325267 -5.45715e-22)
(-0.147823 0.230956 -1.91875e-20)
(-0.167856 0.29303 0)
(-0.159741 0.36347 -1.15078e-18)
(-0.146718 0.378464 -3.24542e-19)
(-0.121041 0.370627 0)
(-0.0817479 0.327736 0)
(-0.130567 0.212778 9.15393e-21)
(-0.153585 0.282774 3.09961e-20)
(-0.146133 0.366149 8.10369e-19)
(-0.139986 0.386518 2.89739e-19)
(-0.124675 0.382524 3.61459e-19)
(-0.105262 0.327102 -6.52208e-20)
(-0.106389 0.191279 6.01074e-19)
(-0.136904 0.268435 -4.97734e-19)
(-0.131393 0.365749 -7.58174e-19)
(-0.134289 0.392477 -4.26601e-20)
(-0.130323 0.399037 -3.72514e-19)
(-0.139679 0.322146 1.30538e-19)
(-0.0862913 0.169884 -9.82637e-19)
(-0.118651 0.250439 5.35735e-19)
(-0.115463 0.362313 4.22822e-19)
(-0.127138 0.393138 -2.24375e-19)
(-0.133649 0.427229 3.84407e-20)
(-0.170128 0.318292 -6.39177e-20)
(-0.0672455 0.143811 3.66388e-19)
(-0.0984427 0.225757 0)
(-0.0984937 0.352965 -1.11534e-19)
(-0.11869 0.380927 1.8779e-19)
(-0.128917 0.464887 -4.23353e-20)
(-0.173243 0.317276 3.63348e-20)
(-0.0381356 0.0751191 -1.55149e-21)
(-0.0718292 0.156933 -9.16807e-21)
(-0.0752402 0.306701 1.16904e-19)
(-0.0958008 0.316981 6.09103e-21)
(-0.10552 0.479535 1.11987e-20)
(-0.152266 0.253686 -2.50866e-20)
(-0.523031 0.0723438 -6.12847e-20)
(-0.537388 0.0169895 -7.76972e-21)
(-0.545958 -0.0193796 7.61653e-31)
(-0.542305 -0.054102 -6.65249e-31)
(-0.522648 -0.0870633 -9.52052e-21)
(-0.486737 -0.115605 -4.09486e-20)
(-0.437333 -0.137421 -4.00875e-22)
(-0.378358 -0.151055 -2.39584e-20)
(-0.313494 -0.156284 -1.89737e-20)
(-0.246029 -0.153958 -7.42817e-21)
(-0.178685 -0.145607 1.50352e-31)
(-0.113045 -0.132686 1.13286e-31)
(-0.0501405 -0.116492 0)
(0.00939834 -0.0981088 3.49246e-21)
(0.0652573 -0.0784248 -5.7489e-21)
(0.117324 -0.0581157 -1.05048e-21)
(0.165586 -0.0377082 5.21451e-22)
(0.210126 -0.0176016 3.81487e-22)
(0.251136 0.00200438 5.79879e-22)
(0.28851 0.0204657 -3.76041e-33)
(0.322161 0.0372098 -2.22302e-23)
(0.352101 0.0515627 2.14472e-23)
(0.379233 0.0627139 -4.00811e-22)
(0.406971 0.0702969 3.90587e-22)
(-0.521421 0.0703492 1.12442e-19)
(-0.534745 0.0239039 -1.7666e-19)
(-0.541977 -0.0167643 1.68984e-19)
(-0.53652 -0.0601539 -1.40826e-21)
(-0.513688 -0.104854 -1.0691e-19)
(-0.473057 -0.146668 -3.69946e-20)
(-0.417533 -0.180973 -2.99486e-20)
(-0.352152 -0.204967 2.23934e-20)
(-0.281747 -0.217959 -1.80065e-20)
(-0.210251 -0.220686 -5.09945e-20)
(-0.14063 -0.215198 -1.50371e-20)
(-0.0745608 -0.203508 1.68678e-20)
(-0.0128717 -0.187363 0)
(0.044102 -0.1682 -6.96793e-21)
(0.0963805 -0.147122 3.70209e-21)
(0.144177 -0.124983 -6.14449e-21)
(0.187755 -0.102437 1.33208e-21)
(0.227407 -0.0799632 -3.3321e-21)
(0.263431 -0.0579218 0)
(0.296059 -0.0365744 3.74704e-22)
(0.325374 -0.0161766 5.82656e-22)
(0.351531 0.00296148 -1.26303e-21)
(0.375933 0.0202536 1.22031e-21)
(0.402117 0.0337618 6.28039e-22)
(-0.507665 0.0772879 -2.31732e-19)
(-0.520545 0.0331418 1.61862e-19)
(-0.526025 -0.0115504 -2.30978e-19)
(-0.517438 -0.0635326 5.23909e-20)
(-0.488922 -0.120791 4.43268e-20)
(-0.439568 -0.176938 1.11197e-19)
(-0.372929 -0.224586 -6.4199e-20)
(-0.295778 -0.258895 9.65689e-20)
(-0.214765 -0.278746 3.26343e-21)
(-0.134845 -0.285137 5.79539e-20)
(-0.059303 -0.280679 2.01488e-20)
(0.0101377 -0.268215 -3.35978e-21)
(0.0729813 -0.250209 -2.35234e-20)
(0.129353 -0.228621 1.96427e-20)
(0.179756 -0.204865 5.54879e-21)
(0.22482 -0.179984 2.27352e-21)
(0.265181 -0.154718 1.51348e-21)
(0.301435 -0.12957 6.11294e-22)
(0.334111 -0.10488 -1.08699e-21)
(0.363637 -0.0808949 2.48055e-21)
(0.390322 -0.0578083 -3.33364e-21)
(0.414657 -0.0358333 -3.23177e-21)
(0.438139 -0.0155124 3.12065e-21)
(0.463444 0.000286424 -6.26667e-22)
(-0.484586 0.0893308 2.6806e-19)
(-0.495654 0.0462438 2.77198e-19)
(-0.497787 -0.00226175 0)
(-0.483763 -0.0629059 0)
(-0.445968 -0.133508 -9.01042e-20)
(-0.382654 -0.205327 9.11107e-21)
(-0.298611 -0.267391 1.34803e-19)
(-0.203506 -0.311969 -4.31591e-20)
(-0.106555 -0.337373 0)
(-0.0142837 -0.345231 -5.65928e-20)
(0.0696179 -0.339259 0)
(0.143936 -0.32359 2.84906e-20)
(0.208867 -0.301643 0)
(0.26528 -0.275956 -1.2622e-21)
(0.314347 -0.248274 -7.77592e-21)
(0.357262 -0.219805 4.20507e-21)
(0.395121 -0.191341 4.4016e-22)
(0.428891 -0.163375 -2.69571e-21)
(0.459392 -0.136198 3.27613e-21)
(0.487313 -0.109989 -4.5001e-21)
(0.513195 -0.0848476 1.80266e-21)
(0.537719 -0.0608661 0)
(0.561811 -0.0383785 1.83842e-21)
(0.588355 -0.0200635 -1.11217e-21)
(-0.453785 0.105725 -3.18751e-19)
(-0.460445 0.0636641 -5.68109e-19)
(-0.456493 0.0120895 1.27789e-19)
(-0.433506 -0.0568497 -1.17406e-19)
(-0.38138 -0.141344 2.09625e-19)
(-0.297241 -0.23006 0)
(-0.188313 -0.307278 0)
(-0.0692026 -0.361029 1.35556e-20)
(0.0471979 -0.38908 1.61107e-19)
(0.153009 -0.395009 -6.77927e-20)
(0.245183 -0.384529 7.01274e-20)
(0.323686 -0.363078 -9.35574e-20)
(0.389734 -0.335156 0)
(0.445198 -0.304004 -4.81791e-21)
(0.49207 -0.271649 -1.64918e-20)
(0.532193 -0.239353 0)
(0.56715 -0.207904 0)
(0.598246 -0.17772 0)
(0.626534 -0.149014 -2.51808e-21)
(0.652915 -0.121898 -1.1363e-20)
(0.67801 -0.0964066 1.34772e-20)
(0.702822 -0.0725121 -1.18526e-20)
(0.727274 -0.0499775 7.01399e-21)
(0.75719 -0.0291249 2.52606e-21)
(-0.416181 0.125673 4.00636e-19)
(-0.415019 0.0853265 2.91182e-19)
(-0.40115 0.0320023 5.53838e-19)
(-0.364244 -0.0441963 -5.07987e-19)
(-0.290746 -0.142433 -6.65052e-19)
(-0.176764 -0.248472 0)
(-0.0347733 -0.340363 3.09339e-19)
(0.112676 -0.400946 -3.48647e-19)
(0.249216 -0.428058 0)
(0.367257 -0.428739 5.96695e-20)
(0.464881 -0.410769 -1.56201e-19)
(0.543901 -0.381306 9.4916e-20)
(0.607248 -0.345977 3.59051e-20)
(0.658246 -0.30857 1.07432e-20)
(0.699902 -0.271331 -3.94076e-21)
(0.734784 -0.235486 -1.11254e-20)
(0.764926 -0.201657 2.5488e-22)
(0.791854 -0.17007 3.08466e-21)
(0.816732 -0.140792 -1.40664e-20)
(0.840574 -0.113848 1.14044e-20)
(0.863724 -0.0892665 -6.52324e-21)
(0.888089 -0.0667425 1.43576e-20)
(0.910472 -0.0461883 7.90473e-21)
(0.945897 -0.0230973 -9.05357e-21)
(-0.3725 0.148254 0)
(-0.359677 0.110598 0)
(-0.331098 0.0572371 -5.606e-19)
(-0.273648 -0.0245489 5.14529e-19)
(-0.168977 -0.135418 -2.66638e-20)
(-0.0133667 -0.257708 0)
(0.170361 -0.362024 -4.61083e-19)
(0.349307 -0.425629 3.77842e-19)
(0.503859 -0.448286 -1.87273e-19)
(0.627577 -0.441177 0)
(0.722611 -0.414043 -5.62051e-21)
(0.793855 -0.375724 0)
(0.847013 -0.333021 -3.6438e-20)
(0.887292 -0.290076 -4.26689e-20)
(0.918741 -0.249147 2.79281e-20)
(0.944718 -0.211236 1.15632e-20)
(0.967347 -0.176736 -2.58547e-22)
(0.988422 -0.14553 -2.25205e-21)
(1.00894 -0.11737 2.01253e-21)
(1.02952 -0.0920941 -6.32271e-21)
(1.0498 -0.0700787 -5.7766e-23)
(1.07341 -0.0498555 -4.08804e-21)
(1.08987 -0.0342361 3.4432e-21)
(1.13196 -0.0113392 -3.16454e-21)
(-0.323706 0.172318 0)
(-0.295426 0.138188 0)
(-0.246985 0.0864825 -1.49807e-19)
(-0.161199 0.00097788 9.78185e-19)
(-0.0132423 -0.120643 -6.56749e-21)
(0.196617 -0.255272 -2.15978e-19)
(0.427106 -0.366711 0)
(0.63233 -0.429668 0)
(0.790182 -0.445235 2.16678e-19)
(0.902584 -0.429817 2.81445e-19)
(0.978975 -0.395089 1.62634e-19)
(1.02931 -0.351019 -9.18323e-20)
(1.06249 -0.304679 -4.20764e-20)
(1.08527 -0.259967 6.00821e-20)
(1.10209 -0.21885 0)
(1.11659 -0.181881 -8.71198e-21)
(1.12973 -0.149146 1.8447e-20)
(1.1418 -0.120402 -2.66651e-21)
(1.15289 -0.0953337 -1.11134e-21)
(1.16449 -0.0735042 5.13905e-21)
(1.17621 -0.0553699 2.91956e-21)
(1.1891 -0.0390461 -2.4918e-21)
(1.19727 -0.0273544 -3.41732e-21)
(1.22805 -0.00844332 5.69281e-21)
(-0.271267 0.196503 0)
(-0.224429 0.166231 1.64388e-19)
(-0.151945 0.117189 -3.06141e-19)
(-0.030803 0.0289195 1.58175e-19)
(0.172483 -0.100952 2.53884e-19)
(0.443003 -0.241181 2.07782e-19)
(0.711194 -0.351599 1.65737e-19)
(0.920168 -0.409233 -1.54397e-19)
(1.05366 -0.417102 -1.99831e-19)
(1.13232 -0.397054 0)
(1.17483 -0.361158 -1.00251e-19)
(1.19544 -0.318246 5.4597e-21)
(1.20427 -0.27484 1.29565e-20)
(1.20762 -0.233987 -6.08804e-20)
(1.20934 -0.196869 5.78233e-20)
(1.20992 -0.164023 -5.64926e-20)
(1.21068 -0.135193 2.45955e-20)
(1.21238 -0.110051 -2.9674e-21)
(1.21508 -0.0883508 -2.7924e-21)
(1.21927 -0.0698643 3.56546e-21)
(1.22411 -0.0547732 2.55653e-21)
(1.22866 -0.0418507 0)
(1.23123 -0.0320815 0)
(1.25015 -0.0136321 -3.37042e-21)
(-0.217153 0.219394 1.77077e-19)
(-0.149973 0.192617 -1.61287e-19)
(-0.0512258 0.145526 0)
(0.111145 0.0534311 7.03344e-21)
(0.379234 -0.0800678 0)
(0.704789 -0.216234 0)
(0.987622 -0.318177 1.68834e-19)
(1.16804 -0.365889 -6.914e-19)
(1.25623 -0.368006 5.02525e-20)
(1.29345 -0.348664 2.15208e-20)
(1.30221 -0.317161 1.10692e-19)
(1.29648 -0.280181 -8.07612e-20)
(1.28534 -0.243894 5.89281e-20)
(1.27371 -0.210319 7.19412e-20)
(1.26357 -0.179916 -6.8274e-20)
(1.25561 -0.152707 1.79902e-20)
(1.24992 -0.128677 2.31696e-20)
(1.24623 -0.107719 -2.21302e-20)
(1.24411 -0.0895915 1.80307e-21)
(1.24285 -0.0739241 -7.47174e-21)
(1.24177 -0.0607998 -3.34796e-22)
(1.23994 -0.0497358 0)
(1.23819 -0.0399018 0)
(1.24797 -0.0219365 0)
(-0.163625 0.239694 9.24305e-20)
(-0.0759825 0.215138 -1.62665e-19)
(0.0490946 0.167519 0)
(0.261059 0.0709398 -8.94285e-19)
(0.601089 -0.0591669 2.72868e-19)
(0.963441 -0.180496 0)
(1.2286 -0.267135 0)
(1.35817 -0.30581 2.80518e-19)
(1.39864 -0.304378 0)
(1.40286 -0.288077 1.5065e-19)
(1.38761 -0.264637 -1.09547e-19)
(1.3635 -0.235351 -1.6922e-21)
(1.33977 -0.20732 -5.8516e-20)
(1.3189 -0.181603 0)
(1.30158 -0.158384 5.63955e-20)
(1.28766 -0.137536 -5.36183e-20)
(1.27665 -0.118925 -2.74796e-20)
(1.2679 -0.102469 8.2952e-21)
(1.26085 -0.0880149 3.36167e-20)
(1.25422 -0.0751289 -3.98425e-21)
(1.24749 -0.063423 -9.86496e-21)
(1.24133 -0.0537115 6.80096e-22)
(1.23535 -0.0448025 0)
(1.23058 -0.025493 0)
(-0.113013 0.256391 8.6659e-20)
(-0.00606862 0.231976 0)
(0.145893 0.180381 3.20158e-19)
(0.422266 0.0829329 -2.94225e-19)
(0.834174 -0.03307 0)
(1.20262 -0.134006 2.06874e-19)
(1.41695 -0.202994 -1.91195e-19)
(1.48753 -0.235496 0)
(1.48924 -0.233926 -1.74109e-19)
(1.47383 -0.226573 1.61755e-19)
(1.43992 -0.209401 0)
(1.40456 -0.189227 8.11962e-20)
(1.37425 -0.169331 0)
(1.34887 -0.150673 0)
(1.32785 -0.133546 -5.82676e-20)
(1.3104 -0.118014 1.36248e-20)
(1.29571 -0.104044 3.96844e-20)
(1.28301 -0.0915555 1.89135e-20)
(1.27158 -0.0804254 -7.00754e-21)
(1.2607 -0.0704901 -6.91374e-21)
(1.24962 -0.0616343 -8.25136e-22)
(1.23804 -0.0532696 7.87442e-22)
(1.22484 -0.0429131 1.76787e-20)
(1.20858 -0.022772 -1.73061e-20)
(-0.0674259 0.268925 -8.68526e-20)
(0.0566984 0.241609 1.68792e-19)
(0.242197 0.182931 -7.75398e-19)
(0.607673 0.0935036 2.84755e-19)
(1.07002 0.00529468 -2.60876e-19)
(1.40073 -0.0755202 -1.95337e-19)
(1.54291 -0.13256 4.80047e-19)
(1.56159 -0.162408 -2.69314e-19)
(1.54617 -0.168472 3.36536e-19)
(1.50843 -0.165341 -1.55432e-19)
(1.46383 -0.156461 0)
(1.42527 -0.145274 7.54193e-20)
(1.39284 -0.133159 0)
(1.36562 -0.121003 0)
(1.34265 -0.109289 5.62081e-20)
(1.32303 -0.0982661 -5.32732e-20)
(1.3059 -0.088064 0)
(1.29046 -0.0787025 -1.74934e-20)
(1.27596 -0.0701045 7.03239e-21)
(1.26163 -0.0621345 1.794e-20)
(1.24658 -0.0546516 -2.33966e-21)
(1.22985 -0.0469302 -3.77843e-21)
(1.21085 -0.0357799 2.22762e-20)
(1.18695 -0.0155267 -2.60163e-20)
(-0.0285369 0.277149 8.6913e-20)
(0.111142 0.242151 0)
(0.350497 0.178815 6.2678e-19)
(0.824133 0.116319 0)
(1.28738 0.0548482 -2.2757e-19)
(1.54022 -0.0104048 3.88848e-19)
(1.61271 -0.0621828 -1.65183e-19)
(1.60377 -0.091333 -4.20645e-19)
(1.56629 -0.103966 1.28254e-20)
(1.51775 -0.108559 -1.21885e-19)
(1.47381 -0.107555 -9.14574e-20)
(1.43565 -0.103277 -1.42961e-19)
(1.40305 -0.0973684 -9.59988e-20)
(1.37514 -0.0907516 9.05335e-20)
(1.35099 -0.0839117 -5.06323e-20)
(1.32975 -0.0771098 1.27497e-20)
(1.31062 -0.0704845 5.6495e-20)
(1.29283 -0.0640816 -8.37489e-21)
(1.27567 -0.0578604 -1.01011e-20)
(1.25832 -0.0517261 -7.67102e-21)
(1.23988 -0.045515 1.03115e-20)
(1.2193 -0.0382791 -5.05915e-21)
(1.19595 -0.0266077 0)
(1.1669 -0.00666383 0)
(0.00254602 0.280951 -9.02048e-20)
(0.161048 0.232947 -3.20162e-19)
(0.49359 0.178179 4.35702e-19)
(1.056 0.160666 0)
(1.45847 0.113569 0)
(1.61962 0.0544035 -4.98014e-19)
(1.64255 0.00416203 2.55446e-20)
(1.61316 -0.0262358 7.01375e-19)
(1.56475 -0.0457257 -2.6796e-20)
(1.51779 -0.056242 -9.01689e-20)
(1.47534 -0.0612899 1.86554e-19)
(1.43824 -0.0629017 6.74823e-20)
(1.40614 -0.0623297 -8.38942e-20)
(1.3782 -0.0604225 1.86459e-20)
(1.35355 -0.0577217 1.49259e-20)
(1.33137 -0.054549 5.40892e-20)
(1.31089 -0.0510756 0)
(1.29141 -0.0473587 -1.13511e-20)
(1.27225 -0.0433653 9.7576e-21)
(1.25265 -0.0390016 3.31534e-21)
(1.23162 -0.0340751 0)
(1.20811 -0.0275126 2.49403e-21)
(1.18167 -0.0159423 0)
(1.14934 0.00315202 0)
(0.0254241 0.279284 0)
(0.222167 0.216548 8.11835e-19)
(0.690455 0.206078 -8.74055e-19)
(1.26826 0.218768 1.27378e-19)
(1.56669 0.175221 -1.88311e-19)
(1.65312 0.115524 2.09123e-19)
(1.64483 0.0666014 0)
(1.60224 0.030995 -1.891e-19)
(1.55473 0.00757385 -2.64557e-19)
(1.50964 -0.00806377 1.05947e-19)
(1.46932 -0.0184585 -6.74154e-20)
(1.43392 -0.0251549 4.80761e-20)
(1.40289 -0.0292388 -8.00875e-20)
(1.37544 -0.0314867 -4.76298e-20)
(1.3508 -0.0324293 2.94015e-20)
(1.32822 -0.0324106 -3.22238e-20)
(1.307 -0.0316356 2.08623e-20)
(1.2865 -0.0301976 3.21613e-21)
(1.26606 -0.0280986 -6.01629e-21)
(1.24494 -0.0252763 1.38602e-20)
(1.22211 -0.0215592 -1.03136e-20)
(1.19657 -0.0158569 -1.71314e-20)
(1.16801 -0.00487074 0)
(1.13346 0.0129304 -1.06334e-20)
(0.0401408 0.268998 -6.90727e-19)
(0.309862 0.202595 0)
(0.931674 0.271059 0)
(1.42803 0.283711 0)
(1.62101 0.233464 -5.01696e-19)
(1.65515 0.172228 3.17107e-19)
(1.62742 0.121222 1.12833e-19)
(1.58309 0.0836195 0)
(1.53725 0.0560184 2.2314e-19)
(1.49504 0.0357563 -7.37683e-20)
(1.45748 0.0209123 1.88694e-19)
(1.42427 0.0100604 -3.77253e-20)
(1.39477 0.00213759 3.44154e-20)
(1.36826 -0.00362229 3.29244e-20)
(1.34407 -0.00774231 2.62993e-21)
(1.32155 -0.0105603 -2.17248e-20)
(1.30006 -0.0122785 4.84643e-21)
(1.27904 -0.0129953 2.14882e-21)
(1.25784 -0.0127297 1.3497e-20)
(1.23572 -0.0114551 -5.10931e-21)
(1.21163 -0.00903746 1.59222e-20)
(1.18469 -0.00441551 2.54727e-21)
(1.15468 0.00566306 -5.56701e-20)
(1.11873 0.0218236 8.48816e-20)
(0.053786 0.246596 6.13709e-19)
(0.443756 0.222419 0)
(1.16305 0.354264 -1.21684e-19)
(1.52603 0.347382 -2.756e-19)
(1.6351 0.286856 6.19625e-19)
(1.63602 0.22339 0)
(1.60059 0.171126 7.68816e-20)
(1.55664 0.130399 1.25373e-19)
(1.51416 0.0991761 -2.31655e-19)
(1.47565 0.0752546 0)
(1.44125 0.0568545 -5.27867e-20)
(1.41049 0.0426251 3.711e-20)
(1.38276 0.0315509 -1.53101e-20)
(1.35748 0.0228865 0)
(1.33407 0.0161071 1.02126e-21)
(1.31198 0.0108641 -6.50232e-21)
(1.29065 0.00694496 0)
(1.26953 0.00424422 5.1007e-21)
(1.24801 0.00273432 -1.75435e-20)
(1.22534 0.00241447 3.0774e-20)
(1.20052 0.00337503 -3.96043e-20)
(1.17278 0.00665871 4.68602e-20)
(1.14193 0.0155546 -3.13696e-20)
(1.10528 0.029917 -1.4895e-20)
(0.0808922 0.217588 -3.42162e-19)
(0.661479 0.312034 -2.7632e-19)
(1.32214 0.438272 0)
(1.56995 0.405769 2.17248e-19)
(1.62203 0.33565 -4.00437e-19)
(1.60463 0.269703 -8.37998e-20)
(1.56649 0.215142 -1.50878e-19)
(1.52564 0.171772 0)
(1.48742 0.137663 7.8873e-20)
(1.45283 0.110792 -1.95222e-20)
(1.42165 0.0894913 2.63185e-20)
(1.39341 0.0724759 -1.78914e-20)
(1.3676 0.0587729 1.50564e-20)
(1.34376 0.0476611 0)
(1.32139 0.0386207 4.11262e-21)
(1.30002 0.0312934 -1.08921e-21)
(1.27916 0.0254502 0)
(1.25828 0.0209685 0)
(1.23679 0.0178022 -1.22202e-20)
(1.21398 0.0159209 9.13665e-21)
(1.18889 0.0153584 -3.59857e-20)
(1.16083 0.0171556 7.42733e-20)
(1.12964 0.0246877 -3.82832e-20)
(1.09288 0.0371732 0)
(0.139904 0.189318 3.48764e-19)
(0.910397 0.441209 1.83137e-20)
(1.4281 0.517128 -9.44599e-20)
(1.57728 0.458301 1.79036e-19)
(1.59165 0.380021 1.74929e-19)
(1.56472 0.310836 1.14798e-19)
(1.52796 0.253889 -1.16828e-19)
(1.49151 0.208211 7.12285e-20)
(1.45786 0.171737 -2.79599e-20)
(1.42722 0.142487 1.77545e-20)
(1.39928 0.118849 1.12417e-20)
(1.37364 0.0995792 -6.58082e-21)
(1.34989 0.0837316 0)
(1.32765 0.0705953 -8.67502e-21)
(1.30652 0.0596486 8.52969e-22)
(1.28609 0.0505223 2.44271e-20)
(1.26593 0.0429722 -1.48073e-20)
(1.24555 0.0368609 0)
(1.2244 0.0321241 1.11143e-20)
(1.20178 0.0287 4.47908e-20)
(1.17682 0.0265749 -4.05591e-20)
(1.14887 0.0267887 0)
(1.11775 0.0328551 0)
(1.08137 0.0435184 1.20154e-20)
(0.249187 0.209098 2.65535e-19)
(1.12897 0.578366 2.72831e-20)
(1.47579 0.586835 0)
(1.55329 0.50437 1.00478e-19)
(1.5478 0.419079 -6.48649e-20)
(1.5191 0.346518 -2.24926e-20)
(1.48642 0.287393 7.4304e-20)
(1.45509 0.239808 1.08843e-20)
(1.42611 0.20145 1.654e-20)
(1.39943 0.170328 -8.55607e-21)
(1.37475 0.144856 0)
(1.35177 0.123813 0)
(1.33017 0.106266 8.05957e-21)
(1.30966 0.0915039 -9.8874e-21)
(1.2899 0.0789967 7.22055e-21)
(1.27056 0.0683584 2.59557e-20)
(1.25127 0.0593259 -3.41365e-20)
(1.23158 0.0517437 -2.49131e-20)
(1.211 0.0455311 1.26754e-20)
(1.18886 0.0405956 -1.13709e-20)
(1.16438 0.0368905 -1.38364e-20)
(1.13691 0.035461 -1.41856e-20)
(1.10624 0.0400064 -5.44538e-20)
(1.07067 0.0490334 4.18857e-20)
(0.439889 0.393479 -4.06341e-19)
(1.25513 0.708551 1.3955e-19)
(1.47204 0.648153 -5.57412e-20)
(1.50879 0.544844 -1.31255e-19)
(1.49562 0.452632 4.45912e-20)
(1.46988 0.376587 -1.07024e-20)
(1.44277 0.315548 -3.11143e-20)
(1.41689 0.266477 -1.66484e-20)
(1.39266 0.226736 1.31321e-21)
(1.36996 0.194251 -2.92436e-21)
(1.34858 0.167431 8.76249e-21)
(1.32831 0.145063 1.56944e-20)
(1.30894 0.126224 -1.72356e-20)
(1.29022 0.110204 2.60959e-21)
(1.27193 0.0964635 -7.55292e-21)
(1.25377 0.0845998 -1.21107e-20)
(1.23545 0.0743262 4.81958e-21)
(1.21659 0.0654636 0)
(1.19674 0.0579093 0)
(1.17533 0.0515423 -8.12387e-21)
(1.15163 0.0462826 3.66623e-20)
(1.12498 0.0431863 -1.54968e-20)
(1.09511 0.0461636 8.67667e-21)
(1.06079 0.0539105 0)
(0.72247 0.696317 6.69684e-20)
(1.28992 0.811477 1.32726e-19)
(1.42778 0.695576 6.9304e-20)
(1.44893 0.576895 2.47205e-20)
(1.43732 0.478524 1.87065e-20)
(1.41804 0.40018 8.30593e-21)
(1.39757 0.338026 6.71008e-21)
(1.37746 0.288117 -9.73658e-22)
(1.35805 0.247559 -4.41446e-21)
(1.33934 0.214221 -3.23246e-21)
(1.32128 0.186512 -4.66156e-21)
(1.30376 0.163235 -5.71766e-21)
(1.28664 0.143477 8.22921e-21)
(1.26978 0.126538 -4.61149e-21)
(1.25301 0.111875 1.55771e-20)
(1.2361 0.099072 4.75145e-21)
(1.2188 0.0878202 2.11746e-20)
(1.20084 0.0779114 8.52926e-22)
(1.18183 0.069213 -1.72298e-20)
(1.1613 0.0615744 2.59321e-20)
(1.1386 0.0548686 -1.36381e-20)
(1.11304 0.0501111 -4.65494e-21)
(1.08429 0.0513746 -3.89089e-21)
(1.0518 0.0584831 -4.588e-21)
(0.920467 0.996896 6.192e-20)
(1.25351 0.887571 -3.0251e-20)
(1.3539 0.724334 -1.41878e-20)
(1.37834 0.59675 8.57475e-21)
(1.37586 0.495578 -2.76243e-22)
(1.36512 0.416716 1.72497e-21)
(1.35177 0.35452 -1.20516e-21)
(1.3375 0.304573 2.30534e-21)
(1.32288 0.263843 7.59407e-22)
(1.30813 0.230188 4.60631e-21)
(1.29335 0.202042 -2.29275e-21)
(1.27856 0.178242 5.21329e-21)
(1.26372 0.157907 -1.01763e-20)
(1.24876 0.140356 5.67205e-21)
(1.23355 0.125057 5.5594e-21)
(1.21794 0.111594 -2.0034e-20)
(1.20173 0.0996445 9.76084e-21)
(1.1847 0.0889755 1.03579e-20)
(1.16657 0.0794228 -9.94536e-21)
(1.14696 0.0708118 0)
(1.12532 0.0629488 -5.41913e-21)
(1.10095 0.0565751 1.44968e-20)
(1.07351 0.0554801 -4.96032e-21)
(1.04363 0.0632221 -3.3479e-25)
(-0.0448457 -0.053657 1.19751e-20)
(-0.0480188 -0.0501014 1.19375e-22)
(-0.0417907 0.0574279 -1.64917e-20)
(-0.0585926 0.281219 2.65311e-20)
(0.0375554 0.444791 -1.13437e-19)
(0.0606198 1.07469 -5.30717e-21)
(-0.0496835 -0.0577931 -5.45382e-19)
(-0.0318735 -0.00988033 4.17994e-19)
(-0.00163309 0.122012 3.21e-19)
(0.0151665 0.330237 -2.58093e-19)
(0.096437 0.539278 1.03626e-19)
(0.246512 0.903022 2.68031e-20)
(-0.0501439 -0.0519626 -4.91302e-19)
(-0.0138348 0.0217693 -1.13491e-18)
(0.037871 0.162603 -8.91398e-19)
(0.084162 0.357799 3.00805e-19)
(0.195837 0.572063 -4.90406e-20)
(0.358079 0.832187 5.67222e-20)
(-0.050283 -0.045868 1.81606e-18)
(0.00516262 0.047677 2.48071e-21)
(0.0758869 0.192277 6.34741e-19)
(0.147459 0.375921 -5.77255e-20)
(0.27246 0.575376 0)
(0.436873 0.772069 -5.96072e-20)
(-0.0498083 -0.0377885 -2.08332e-18)
(0.0240458 0.0691171 -4.20594e-20)
(0.110804 0.213913 -3.31104e-20)
(0.202177 0.386363 -5.11436e-20)
(0.33307 0.564392 -3.48364e-19)
(0.491211 0.711958 7.32754e-20)
(-0.0470799 -0.025476 1.11903e-18)
(0.0416528 0.0848739 6.86256e-19)
(0.141828 0.228249 0)
(0.247693 0.390035 -8.72661e-19)
(0.380463 0.545081 3.54662e-19)
(0.527049 0.656494 1.27742e-19)
(-0.0445976 -0.0170213 6.97534e-20)
(0.0575236 0.0953737 -4.21533e-20)
(0.168869 0.236157 1.18641e-18)
(0.285149 0.387719 -2.15025e-21)
(0.416661 0.521009 -9.12809e-20)
(0.55046 0.606443 0)
(-0.0408532 -0.0121947 0)
(0.0715224 0.101255 0)
(0.191975 0.238682 -1.18266e-18)
(0.315748 0.38023 1.95243e-18)
(0.443739 0.494967 -7.97187e-19)
(0.565646 0.560509 0)
(-0.0362568 -0.0105804 1.04068e-19)
(0.0835883 0.1032 4.1009e-20)
(0.21125 0.23679 -6.61159e-20)
(0.340344 0.368734 -1.01797e-21)
(0.463681 0.468086 -1.46617e-21)
(0.574897 0.518279 -5.62899e-19)
(-0.0313426 -0.0115564 3.46303e-20)
(0.0935844 0.101917 8.22065e-20)
(0.226794 0.231263 -6.61909e-20)
(0.359476 0.354443 -4.26953e-22)
(0.478019 0.440839 8.73291e-19)
(0.579839 0.479145 -1.50496e-19)
(-0.0266267 -0.014486 0)
(0.101312 0.0980501 0)
(0.23869 0.222735 -1.30393e-19)
(0.373662 0.338103 -1.6383e-18)
(0.487818 0.413535 7.0572e-19)
(0.581666 0.442478 9.9078e-19)
(-0.022526 -0.0187685 -2.24626e-18)
(0.106545 0.0921089 0)
(0.246949 0.211692 -1.31116e-19)
(0.383436 0.320052 7.74647e-19)
(0.493918 0.386277 -5.24339e-19)
(0.581179 0.407732 -4.26374e-19)
(-0.0193485 -0.0238634 3.67884e-20)
(0.109073 0.0844703 1.32484e-18)
(0.251524 0.198451 -1.32086e-19)
(0.389249 0.300406 1.11884e-19)
(0.496946 0.359056 -1.72409e-19)
(0.578915 0.374419 -5.60321e-19)
(-0.0175106 -0.0294318 2.21279e-18)
(0.108727 0.0754242 -1.25119e-18)
(0.252337 0.18319 -6.75984e-20)
(0.391369 0.279165 0)
(0.497368 0.331757 1.73714e-19)
(0.5753 0.342121 5.60031e-19)
(-0.0172404 -0.0349854 3.45802e-20)
(0.105292 0.065136 8.38073e-20)
(0.249277 0.165981 -6.82423e-20)
(0.389886 0.256276 0)
(0.495528 0.304183 0)
(0.570658 0.310456 1.39477e-19)
(-0.0187136 -0.0400006 3.46292e-20)
(0.0985759 0.0537209 8.48713e-20)
(0.242181 0.146814 -6.9032e-20)
(0.384751 0.231586 -1.02902e-18)
(0.491647 0.276052 9.28221e-20)
(0.565262 0.279063 0)
(-0.0220786 -0.0440068 0)
(0.088403 0.0412669 8.62314e-20)
(0.230851 0.125626 1.04881e-18)
(0.375737 0.204812 1.11834e-19)
(0.485788 0.246978 -9.42256e-20)
(0.559362 0.247563 0)
(-0.0280714 -0.0484383 0)
(0.0745619 0.0278592 0)
(0.215049 0.102336 -2.13423e-18)
(0.362365 0.175604 8.26504e-19)
(0.477814 0.21644 -1.84493e-19)
(0.55321 0.215543 8.39997e-21)
(-0.0344353 -0.0502721 2.82706e-20)
(0.0569886 0.0134433 0)
(0.194522 0.0768694 1.74179e-18)
(0.343833 0.143535 4.83815e-19)
(0.467286 0.183745 0)
(0.547079 0.182524 0)
(-0.040103 -0.0509721 -1.3445e-20)
(0.0371092 -0.00169878 -4.60435e-20)
(0.169048 0.0493216 -1.22665e-18)
(0.318939 0.108161 -4.31687e-19)
(0.453246 0.147958 -4.97858e-19)
(0.54125 0.147884 8.00645e-20)
(-0.0445689 -0.0511832 -8.89865e-19)
(0.0156832 -0.0169789 7.59771e-19)
(0.138285 0.0201838 1.14831e-18)
(0.285949 0.0693001 6.35579e-20)
(0.433589 0.107656 5.13831e-19)
(0.535787 0.110342 -1.60526e-19)
(-0.0473079 -0.0504706 1.46178e-18)
(-0.00672683 -0.0312416 -8.18702e-19)
(0.101414 -0.00927024 -6.34759e-19)
(0.242122 0.0273767 3.24795e-19)
(0.403264 0.0603026 -5.42356e-20)
(0.530017 0.0662165 8.09786e-20)
(-0.0488827 -0.048559 -5.47881e-19)
(-0.0294527 -0.0437031 0)
(0.0559102 -0.0379921 1.64466e-19)
(0.181214 -0.0175632 -2.69371e-19)
(0.349561 0.00138573 5.41108e-20)
(0.522367 0.00543455 -4.54031e-20)
(-0.0385106 -0.0422984 4.38092e-30)
(-0.0441848 -0.0519298 0)
(0.00219279 -0.060735 -1.69993e-19)
(0.0892274 -0.0626307 3.42955e-20)
(0.241221 -0.0538343 -4.27048e-20)
(0.515783 -0.0214156 1.17026e-20)
(0.878436 1.19739 1.32286e-20)
(1.16823 0.916579 4.06694e-22)
(1.27149 0.72848 1.06398e-21)
(1.30661 0.601701 -2.81927e-21)
(1.31471 0.503018 1.4071e-21)
(1.31265 0.425893 1.01633e-20)
(1.30633 0.364977 6.60377e-21)
(1.29774 0.315901 7.86858e-21)
(1.28775 0.275666 4.25714e-21)
(1.27683 0.242204 6.48381e-21)
(1.26525 0.214033 -3.12393e-21)
(1.25315 0.190051 6.49764e-21)
(1.24059 0.169429 -1.25045e-20)
(1.22755 0.151521 1.23032e-20)
(1.21397 0.135823 2.01544e-22)
(1.19974 0.121936 4.90806e-22)
(1.18471 0.109546 7.97902e-32)
(1.16872 0.0984153 5.82275e-21)
(1.15155 0.0883728 -5.60897e-21)
(1.13292 0.0792551 0)
(1.11244 0.0708018 0)
(1.08954 0.063095 0)
(1.06368 0.0582293 1.17456e-20)
(1.03441 0.0690232 -1.13747e-20)
(0.836613 1.02128 -4.0837e-20)
(1.0948 0.865492 6.274e-20)
(1.19643 0.710843 -5.39596e-20)
(1.2388 0.593113 1.33401e-22)
(1.256 0.500771 3.34354e-20)
(1.26202 0.427887 1.61982e-20)
(1.26223 0.369709 1.42779e-20)
(1.25892 0.322388 -7.7512e-21)
(1.25325 0.283247 1.17795e-20)
(1.24593 0.250424 3.49557e-20)
(1.2374 0.222573 1.77494e-20)
(1.2279 0.198689 -1.50714e-20)
(1.21758 0.178005 0)
(1.20648 0.159923 1.52589e-20)
(1.19459 0.143975 -1.32139e-20)
(1.18185 0.12979 2.03291e-20)
(1.16816 0.117077 -1.25896e-20)
(1.1534 0.105619 3.87995e-20)
(1.13743 0.0952671 0)
(1.12005 0.0858531 1.27432e-20)
(1.1011 0.076989 1.24135e-20)
(1.0803 0.0685242 -2.41486e-20)
(1.05653 0.0634251 2.37761e-20)
(1.0259 0.0788346 1.33081e-20)
(0.784888 0.943002 1.68998e-19)
(1.02634 0.821191 -5.72399e-20)
(1.1275 0.682631 8.58921e-20)
(1.17599 0.575911 -1.99543e-20)
(1.20126 0.491754 -1.14996e-20)
(1.21433 0.424306 -3.82907e-20)
(1.22026 0.369617 3.34043e-20)
(1.22161 0.324579 -5.01166e-20)
(1.21984 0.286942 2.0895e-21)
(1.21583 0.255091 -3.77616e-20)
(1.21013 0.227834 -1.71676e-20)
(1.2031 0.204266 2.28806e-21)
(1.19494 0.183686 3.35886e-20)
(1.18575 0.165546 -4.94085e-20)
(1.17557 0.149408 -1.62366e-20)
(1.16437 0.134919 1.67103e-21)
(1.1521 0.121801 -1.37984e-20)
(1.13868 0.10984 -1.34387e-20)
(1.12399 0.0988665 -2.85406e-20)
(1.1079 0.0886211 4.03621e-20)
(1.09027 0.0785662 -6.43638e-20)
(1.07069 0.0689215 -5.25279e-20)
(1.04713 0.0645974 5.1566e-20)
(1.01624 0.0766449 -1.3399e-20)
(0.757568 0.852908 -1.83355e-19)
(0.965739 0.759079 -1.76245e-19)
(1.06623 0.645663 0)
(1.12025 0.55301 0)
(1.15165 0.477745 3.86656e-20)
(1.17022 0.416146 -1.61528e-21)
(1.18084 0.365341 -5.55201e-20)
(1.18619 0.322941 2.21561e-20)
(1.18785 0.287115 0)
(1.18682 0.256498 4.86617e-20)
(1.18373 0.230053 0)
(1.179 0.20698 -3.75735e-20)
(1.17287 0.186647 0)
(1.16551 0.168551 -3.75005e-21)
(1.15697 0.152284 3.26917e-20)
(1.14728 0.137512 -3.14762e-20)
(1.1364 0.123964 -6.36678e-20)
(1.12429 0.111429 -6.31073e-23)
(1.11085 0.0997231 8.82592e-20)
(1.09598 0.0885335 -5.76735e-20)
(1.07959 0.0772976 2.71488e-20)
(1.06115 0.0666148 0)
(1.03833 0.0623936 2.98093e-20)
(1.00975 0.0718257 -2.94062e-20)
(0.739588 0.769687 2.85482e-19)
(0.918068 0.698016 3.74359e-19)
(1.01494 0.606368 -6.75237e-20)
(1.07163 0.526781 5.97867e-20)
(1.1071 0.460057 -9.9027e-20)
(1.1298 0.404306 0)
(1.1442 0.357549 0)
(1.15291 0.317991 -4.5046e-21)
(1.15755 0.284182 -1.11922e-19)
(1.15915 0.254987 5.75556e-20)
(1.15841 0.229526 -9.4577e-20)
(1.15578 0.207097 1.35782e-19)
(1.15154 0.18714 0)
(1.14589 0.169198 5.82609e-23)
(1.13891 0.152895 7.54697e-20)
(1.13066 0.13792 0)
(1.12113 0.124019 0)
(1.11028 0.110995 0)
(1.09805 0.098674 -3.35556e-20)
(1.08439 0.0867388 -1.24784e-19)
(1.06925 0.0746624 1.50994e-19)
(1.05203 0.0632853 -1.54143e-19)
(1.0302 0.0588523 9.02597e-20)
(1.00383 0.0660696 6.02427e-20)
(0.726395 0.696568 -3.65556e-19)
(0.879945 0.640801 -1.9804e-19)
(0.971684 0.566537 -3.3342e-19)
(1.02931 0.498515 2.65167e-19)
(1.06739 0.439735 3.16247e-19)
(1.09309 0.389614 0)
(1.11045 0.346889 -1.61832e-19)
(1.12193 0.31025 2.08391e-19)
(1.1291 0.278568 0)
(1.133 0.250922 -5.36766e-20)
(1.13434 0.226572 2.12371e-19)
(1.13361 0.204913 -1.4414e-19)
(1.1311 0.185451 -9.47942e-20)
(1.12704 0.167779 -4.12576e-20)
(1.12152 0.151554 3.33101e-21)
(1.11464 0.136493 1.5937e-19)
(1.10639 0.122366 7.76928e-20)
(1.09679 0.108999 7.48108e-20)
(1.08578 0.0962388 -1.77806e-19)
(1.07337 0.0837827 1.35512e-19)
(1.05958 0.0711495 -6.36431e-20)
(1.04375 0.0593204 1.59407e-19)
(1.02312 0.0545601 1.31925e-19)
(0.998879 0.0599139 -1.57928e-19)
(0.715689 0.63278 0)
(0.84924 0.588395 0)
(0.93534 0.527498 3.28769e-19)
(0.992604 0.469299 -2.6158e-19)
(1.03215 0.417653 1.99857e-20)
(1.05996 0.372781 0)
(1.0796 0.33394 2.42575e-19)
(1.09332 0.300197 -2.18669e-19)
(1.1026 0.270683 1.39731e-19)
(1.10848 0.244659 0)
(1.11165 0.22151 8.80455e-21)
(1.11261 0.200722 0)
(1.11168 0.181864 9.46035e-20)
(1.10907 0.164574 1.88302e-19)
(1.10493 0.148548 -1.73449e-19)
(1.09934 0.133532 -1.68086e-19)
(1.09234 0.119323 -7.79701e-20)
(1.08396 0.105775 5.03989e-21)
(1.07419 0.0927597 -4.79838e-21)
(1.06307 0.0799987 -6.96643e-20)
(1.05069 0.0670585 6.11428e-22)
(1.03636 0.0549988 -7.116e-20)
(1.01707 0.0499026 7.22363e-20)
(0.994919 0.0536325 -6.87405e-20)
(0.70616 0.577137 0)
(0.824001 0.540575 0)
(0.904594 0.489823 8.67726e-20)
(0.960744 0.439805 -5.18637e-19)
(1.00096 0.394445 1.05874e-20)
(1.0302 0.354375 1.06829e-19)
(1.05155 0.3192 0)
(1.06705 0.288263 0)
(1.07809 0.260903 -1.45757e-19)
(1.08565 0.236533 -2.6321e-19)
(1.09043 0.214647 -2.38949e-19)
(1.09289 0.194808 1.17864e-19)
(1.09338 0.176647 1.02101e-19)
(1.09211 0.159845 -1.95901e-19)
(1.08925 0.144133 0)
(1.08488 0.12929 1.73798e-19)
(1.07909 0.115142 -3.45313e-19)
(1.07192 0.101572 6.40343e-22)
(1.06338 0.0884798 -1.64604e-19)
(1.05358 0.0756147 1.55071e-19)
(1.04265 0.0625932 -4.51146e-21)
(1.02986 0.0505068 -7.52856e-20)
(1.01202 0.0451031 -7.23078e-20)
(0.991938 0.0474077 -6.46017e-20)
(0.697197 0.527855 0)
(0.802776 0.496659 -1.15475e-19)
(0.878354 0.453668 1.91293e-19)
(0.933028 0.41044 -9.7003e-20)
(0.973394 0.370569 -1.24063e-19)
(1.00355 0.334842 -9.8911e-20)
(1.02617 0.303079 -9.36635e-20)
(1.04307 0.27482 8.69285e-20)
(1.05555 0.249566 1.48324e-19)
(1.06455 0.226852 0)
(1.07071 0.206263 1.24542e-19)
(1.07451 0.187435 2.56297e-21)
(1.07627 0.170049 -4.22797e-21)
(1.07623 0.153827 2.09725e-19)
(1.07456 0.138538 -2.01526e-19)
(1.07136 0.123988 3.81851e-19)
(1.06673 0.110037 -1.8442e-19)
(1.06074 0.0965975 8.60174e-20)
(1.05343 0.0835957 2.5318e-19)
(1.04496 0.0708131 -8.53183e-20)
(1.03549 0.0579164 1.59286e-19)
(1.02425 0.045987 0)
(1.00791 0.0403173 0)
(0.989868 0.0413739 -7.16577e-20)
(0.688554 0.483401 -1.55036e-19)
(0.784557 0.455955 1.32081e-19)
(0.855759 0.419 0)
(0.908852 0.381432 -1.38204e-20)
(0.949047 0.346346 0)
(0.979755 0.314526 0)
(1.00329 0.285913 -9.8396e-20)
(1.02129 0.260186 4.50209e-19)
(1.03496 0.236966 -5.39902e-21)
(1.04516 0.215888 1.26016e-21)
(1.05252 0.196616 -1.38672e-19)
(1.0575 0.178842 1.28892e-19)
(1.06041 0.162296 -1.20806e-19)
(1.0615 0.146738 -2.21539e-19)
(1.06093 0.131968 2.13149e-19)
(1.05883 0.117826 -9.87077e-20)
(1.05532 0.1042 -1.93706e-19)
(1.05048 0.0910323 1.87963e-19)
(1.04439 0.0782781 -8.75933e-20)
(1.03722 0.0657496 1.75168e-19)
(1.02918 0.0531621 -8.21847e-20)
(1.01945 0.041549 0)
(1.00466 0.0356601 0)
(0.988613 0.0356365 0)
(0.6801 0.442572 -7.02239e-20)
(0.768645 0.417847 1.33997e-19)
(0.836151 0.385696 0)
(0.887711 0.352894 4.82251e-19)
(0.927552 0.321991 -1.43715e-19)
(0.958557 0.293684 0)
(0.982747 0.267972 0)
(1.00161 0.244624 -1.82444e-19)
(1.01624 0.223358 0)
(1.02746 0.203885 -1.50318e-19)
(1.03585 0.185933 1.38605e-19)
(1.04187 0.169247 5.792e-21)
(1.04582 0.153595 1.21045e-19)
(1.04793 0.138774 0)
(1.04839 0.124612 -2.21755e-19)
(1.04734 0.110981 2.14319e-19)
(1.0449 0.0977989 2.04035e-19)
(1.04116 0.0850374 -1.39227e-21)
(1.03625 0.0726752 -4.73825e-19)
(1.03035 0.0605551 -8.80005e-20)
(1.02368 0.048437 7.11889e-19)
(1.01539 0.0372729 -3.46011e-19)
(1.00218 0.0312164 0)
(0.988065 0.0302767 0)
(0.671772 0.404462 -8.76072e-20)
(0.754565 0.381806 0)
(0.819029 0.353593 -1.98061e-19)
(0.869193 0.324864 1.7597e-19)
(0.908593 0.297647 0)
(0.939725 0.272509 -1.20413e-19)
(0.964377 0.249468 1.11255e-19)
(0.983903 0.228355 0)
(0.999321 0.208958 1.72634e-19)
(1.01139 0.191052 -1.626e-19)
(1.02069 0.174416 0)
(1.02762 0.158841 -1.34969e-19)
(1.03249 0.14413 0)
(1.03555 0.130109 0)
(1.03696 0.116638 2.32191e-19)
(1.03689 0.103614 -2.11889e-21)
(1.03546 0.0909869 -2.15633e-19)
(1.03279 0.0787533 -2.06168e-19)
(1.029 0.0669128 1.33212e-21)
(1.02431 0.0553355 9.89038e-20)
(1.01893 0.04382 -3.7249e-19)
(1.012 0.0332112 3.61947e-19)
(1.00037 0.0270468 3.54863e-19)
(0.988108 0.0253535 -3.29635e-19)
(0.66358 0.368381 8.80407e-20)
(0.741993 0.34739 -1.25618e-19)
(0.804016 0.322514 5.31544e-19)
(0.852965 0.297334 -1.67244e-19)
(0.891902 0.273402 1.51238e-19)
(0.92305 0.251142 1.23878e-19)
(0.94802 0.230569 -3.33787e-19)
(0.968058 0.211558 2.04245e-19)
(0.984116 0.193948 -3.62474e-19)
(0.996908 0.177568 1.68355e-19)
(1.00697 0.162241 0)
(1.01471 0.147794 -1.45317e-19)
(1.02042 0.134063 0)
(1.02433 0.120901 0)
(1.02663 0.108193 -2.42043e-19)
(1.02747 0.0958661 2.34248e-19)
(1.02699 0.083895 0)
(1.02533 0.0722992 2.15152e-19)
(1.0226 0.0610936 -1.32921e-21)
(1.01904 0.0501716 -7.03955e-19)
(1.01485 0.0393646 7.76866e-19)
(1.00919 0.029394 -3.76847e-19)
(0.999125 0.023192 3.67233e-19)
(0.988628 0.0209065 -6.31789e-19)
(0.65555 0.33378 -8.85309e-20)
(0.730716 0.31422 0)
(0.790838 0.292279 -4.20655e-19)
(0.838769 0.270267 0)
(0.877256 0.249308 1.455e-19)
(0.908349 0.229687 -2.60269e-19)
(0.933529 0.211408 1.17435e-19)
(0.953961 0.194379 4.10464e-19)
(0.970536 0.178481 -5.94511e-21)
(0.983935 0.163587 1.73272e-19)
(0.994667 0.149559 1.60469e-19)
(1.00312 0.136254 2.95624e-19)
(1.00957 0.123536 2.76803e-19)
(1.01426 0.111284 -2.66387e-19)
(1.01737 0.099408 2.51244e-19)
(1.01906 0.0878583 -2.20919e-21)
(1.01947 0.076634 -4.65634e-19)
(1.01875 0.0657718 1.47836e-21)
(1.01701 0.0552966 1.10993e-19)
(1.01449 0.0451209 7.27272e-19)
(1.01137 0.0351031 -5.32271e-22)
(1.00688 0.0258343 -2.9136e-19)
(0.998342 0.0196762 0)
(0.989515 0.0169573 0)
(0.647728 0.300199 7.51259e-20)
(0.720605 0.281965 2.68442e-19)
(0.779304 0.262719 -3.20287e-19)
(0.826405 0.243617 0)
(0.864472 0.225395 0)
(0.895464 0.20822 3.96568e-19)
(0.920772 0.19209 -4.84898e-21)
(0.9415 0.176937 -7.35479e-19)
(0.958495 0.162684 1.17197e-21)
(0.972402 0.149239 1.77854e-19)
(0.983708 0.136497 -3.25611e-19)
(0.992782 0.124345 -1.50357e-19)
(0.999906 0.112671 2.85572e-19)
(1.0053 0.101376 -3.42909e-21)
(1.00915 0.0903913 -2.74228e-21)
(1.01162 0.0796909 -3.78277e-19)
(1.01285 0.069293 0)
(1.01299 0.0592457 3.48578e-19)
(1.01217 0.0495787 -1.11396e-19)
(1.01059 0.0402201 -1.06875e-19)
(1.00844 0.0310507 0)
(1.005 0.0225329 2.79616e-21)
(0.99793 0.0165103 0)
(0.990663 0.0135113 0)
(0.640192 0.267235 0)
(0.711606 0.250332 -6.65792e-19)
(0.769292 0.233684 6.4938e-19)
(0.815724 0.217337 -9.33296e-20)
(0.853404 0.201682 1.50435e-19)
(0.884258 0.186802 -1.33808e-19)
(0.909629 0.172698 0)
(0.930574 0.159331 2.12799e-19)
(0.947904 0.146661 3.90888e-19)
(0.962234 0.134629 -1.77886e-19)
(0.974032 0.123162 1.68575e-19)
(0.983653 0.112172 -1.55177e-19)
(0.991369 0.101567 2.98159e-19)
(0.997396 0.0912705 2.79463e-19)
(1.00192 0.0812318 -1.34407e-19)
(1.0051 0.0714437 3.84165e-19)
(1.00708 0.0619397 -3.7428e-19)
(1.00801 0.052774 -2.38578e-19)
(1.00801 0.0439769 -2.29437e-19)
(1.00728 0.0354894 3.34012e-19)
(1.00597 0.0272108 -2.14226e-19)
(1.00347 0.0194836 -2.07248e-19)
(0.997801 0.013695 0)
(0.991974 0.0105582 -3.3491e-19)
(0.633071 0.234521 6.96158e-19)
(0.703728 0.21907 0)
(0.760738 0.205047 0)
(0.806622 0.19139 0)
(0.843933 0.178184 4.6565e-19)
(0.874614 0.165482 -2.77112e-19)
(0.89999 0.153301 -1.23951e-19)
(0.921085 0.14164 0)
(0.938679 0.130496 -3.98327e-19)
(0.95336 0.119846 1.81493e-19)
(0.965576 0.109642 -5.13373e-19)
(0.97567 0.09982 1.61305e-19)
(0.983907 0.090308 -1.49739e-19)
(0.990497 0.0810453 -2.8648e-19)
(0.995621 0.0719992 -1.33632e-19)
(0.99944 0.0631768 3.9578e-19)
(1.0021 0.0546216 1.24055e-19)
(1.00374 0.0463898 -3.916e-21)
(1.00447 0.0385097 1.17856e-19)
(1.00449 0.0309336 -1.15689e-19)
(1.00392 0.0235774 1.1033e-19)
(1.00225 0.0166762 -4.01961e-23)
(0.997865 0.011223 -4.05661e-19)
(0.993348 0.00806744 8.08286e-19)
(0.626561 0.201716 -6.08291e-19)
(0.697046 0.187968 0)
(0.753631 0.176719 1.06837e-19)
(0.799022 0.165756 2.7306e-19)
(0.83596 0.154925 -6.2921e-19)
(0.866426 0.144304 0)
(0.891755 0.133954 -1.2619e-19)
(0.912941 0.123925 -2.22294e-19)
(0.930737 0.114257 5.07534e-19)
(0.945705 0.104958 0)
(0.958275 0.0960061 1.72312e-19)
(0.968776 0.0873566 -1.61736e-19)
(0.977466 0.0789562 1.55441e-19)
(0.984549 0.0707591 0)
(0.990204 0.0627452 -1.41839e-19)
(0.994588 0.0549323 -2.24784e-21)
(0.997845 0.0473686 0)
(1.0001 0.040109 1.23943e-19)
(1.00149 0.0331791 -2.3829e-19)
(1.00216 0.0265423 3.47476e-19)
(1.00223 0.0201315 -3.34612e-19)
(1.00127 0.0140961 3.26845e-19)
(0.998041 0.00909853 -2.061e-19)
(0.994662 0.00597772 -9.27393e-20)
(0.620978 0.168503 3.54244e-19)
(0.691695 0.156873 2.74591e-19)
(0.747993 0.148659 0)
(0.792867 0.140443 -1.83532e-19)
(0.829391 0.131937 4.74972e-19)
(0.859591 0.12331 1.39652e-19)
(0.884825 0.114703 2.47389e-19)
(0.906054 0.106237 0)
(0.924 0.0979953 -2.04018e-19)
(0.939201 0.0900175 9.51258e-20)
(0.952067 0.0823047 -1.74833e-19)
(0.962914 0.0748312 8.38846e-20)
(0.971992 0.0675589 -1.5588e-19)
(0.979502 0.0604542 0)
(0.985615 0.0535065 2.85051e-19)
(0.990486 0.0467388 -1.61607e-21)
(0.994253 0.0402003 0)
(0.997043 0.0339416 0)
(0.998983 0.0279868 -1.21632e-19)
(1.00022 0.0223117 5.9419e-20)
(1.00084 0.0168709 -2.27731e-19)
(1.00051 0.0117663 4.41292e-19)
(0.99836 0.00742635 -2.12023e-19)
(0.995811 0.00420062 0)
(0.616791 0.134557 -3.58033e-19)
(0.687864 0.125708 -7.27406e-22)
(0.743865 0.120891 1.07857e-19)
(0.788097 0.115496 -1.90205e-19)
(0.824126 0.109264 -2.4087e-19)
(0.854005 0.102535 -2.08713e-19)
(0.879102 0.0955818 3.12881e-19)
(0.900336 0.0886078 -2.27155e-19)
(0.918393 0.0817441 1.05192e-19)
(0.933782 0.0750588 -9.6604e-20)
(0.946894 0.0685728 -9.01928e-20)
(0.958033 0.0622768 8.34959e-20)
(0.96744 0.0561459 0)
(0.975312 0.0501565 -1.51091e-19)
(0.981813 0.0443037 7.31019e-20)
(0.987092 0.0386114 2.09412e-19)
(0.991285 0.0331245 -1.34787e-19)
(0.994516 0.0278876 0)
(0.996909 0.0229218 6.24799e-20)
(0.9986 0.0182115 2.39836e-19)
(0.999667 0.0137242 -2.31224e-19)
(0.999882 0.00952134 0)
(0.998709 0.00588221 0)
(0.997012 0.00285409 4.89057e-20)
(0.614667 0.0993989 -3.13951e-19)
(0.685788 0.0945218 -1.71222e-21)
(0.741261 0.093525 0)
(0.784624 0.0910021 -1.85285e-19)
(0.820045 0.0869549 1.59887e-19)
(0.849555 0.082007 6.92558e-20)
(0.874489 0.0766079 -2.54301e-19)
(0.895705 0.0710543 -5.97604e-20)
(0.913844 0.0655215 -1.06031e-19)
(0.929386 0.0601007 -5.80449e-22)
(0.942703 0.0548287 0)
(0.954086 0.0497098 0)
(0.963769 0.0447305 8.06628e-20)
(0.971942 0.0398746 -7.6989e-20)
(0.978766 0.0351395 7.32157e-20)
(0.984383 0.0305456 1.41405e-19)
(0.988925 0.0261298 -2.04467e-19)
(0.992515 0.0219281 -1.30359e-19)
(0.995272 0.0179573 6.34577e-20)
(0.997319 0.0142068 -6.02216e-20)
(0.998736 0.0106501 -5.85716e-20)
(0.9994 0.00731239 -5.65958e-20)
(0.999011 0.00436351 -2.18542e-19)
(0.998136 0.00189702 1.4749e-19)
(0.615552 0.0622301 5.02384e-19)
(0.685756 0.0635604 -1.40266e-19)
(0.740119 0.0668059 1.10352e-19)
(0.782294 0.0670809 2.7818e-19)
(0.816998 0.0650475 -8.02036e-20)
(0.846118 0.0617274 7.0696e-20)
(0.870887 0.0577728 1.8997e-19)
(0.892081 0.0535704 1.72191e-19)
(0.910288 0.0493263 5.26693e-20)
(0.925961 0.0451451 4.93897e-20)
(0.939449 0.0410753 1.37108e-19)
(0.951035 0.0371325 1.2765e-19)
(0.960943 0.033312 -1.62368e-19)
(0.969361 0.0296031 3.83574e-20)
(0.976445 0.0260026 -3.71482e-20)
(0.982334 0.0225239 -7.09885e-20)
(0.987153 0.0191931 3.39292e-20)
(0.991024 0.0160363 0)
(0.994063 0.0130665 0)
(0.996384 0.0102783 -3.05747e-20)
(0.998065 0.00765345 1.46686e-19)
(0.999066 0.00519725 -5.70735e-20)
(0.999261 0.00300272 2.75552e-20)
(0.999011 0.00116824 0)
(0.620811 0.0226499 -7.28615e-20)
(0.688057 0.0335415 -2.24396e-19)
(0.740175 0.0411003 -1.65414e-19)
(0.780855 0.0438319 -4.65725e-20)
(0.814796 0.0435361 -8.01765e-20)
(0.843564 0.0416672 -6.20582e-22)
(0.868203 0.0390539 -9.58485e-20)
(0.889392 0.0361393 -8.64329e-20)
(0.907671 0.0331428 -7.91835e-20)
(0.923461 0.0301772 -4.87876e-20)
(0.937096 0.0273005 -4.55175e-20)
(0.948846 0.0245341 -4.28374e-20)
(0.958934 0.021879 4.04916e-20)
(0.967542 0.0193274 -1.95319e-20)
(0.974825 0.0168744 7.46067e-20)
(0.980917 0.0145241 1.79118e-20)
(0.98594 0.0122898 8.57611e-20)
(0.990014 0.0101865 -3.21137e-22)
(0.993254 0.00822327 -6.38194e-20)
(0.995765 0.00639912 9.18276e-20)
(0.997625 0.00470452 -4.44898e-20)
(0.998856 0.00313957 -1.42841e-20)
(0.999447 0.00175251 -1.37419e-20)
(0.999613 0.000617779 -1.23801e-20)
(0.634563 -0.0133169 -8.15388e-20)
(0.692602 0.00579773 6.76962e-20)
(0.740836 0.0167006 3.44885e-20)
(0.779938 0.0212354 -4.56629e-20)
(0.813221 0.0223344 3.89523e-22)
(0.841756 0.0217441 -2.64473e-20)
(0.866351 0.020385 1.5689e-20)
(0.887589 0.0187096 2.84972e-20)
(0.905961 0.0169366 -3.25826e-23)
(0.921863 0.0151778 1.23757e-20)
(0.935619 0.013491 -3.32157e-31)
(0.947499 0.0119009 -4.272e-20)
(0.957721 0.0104142 4.10493e-20)
(0.966467 0.00902719 -7.06213e-23)
(0.973887 0.00773201 1.84434e-20)
(0.980114 0.00652187 -3.60388e-20)
(0.985268 0.0053951 -1.72673e-20)
(0.989468 0.00435504 1.66267e-20)
(0.992826 0.00340625 -3.18571e-20)
(0.995444 0.00255097 6.14664e-20)
(0.997403 0.0017887 1.47396e-20)
(0.998756 0.00112317 1.42581e-20)
(0.999552 0.000575622 -6.91332e-20)
(0.999923 0.000175459 1.23825e-20)
(0.0449319 -0.0400545 -8.07833e-21)
(0.196027 -0.0748126 5.91262e-21)
(0.406469 -0.0978037 -1.73321e-20)
(0.515662 -0.108997 2.94435e-22)
(0.580305 -0.115816 -6.98072e-20)
(0.604556 -0.113284 -1.00134e-20)
(0.108632 -0.0795759 -4.74129e-19)
(0.288142 -0.116169 3.62908e-19)
(0.459083 -0.130691 2.72067e-19)
(0.54327 -0.135906 -2.12623e-19)
(0.593075 -0.137005 8.72049e-20)
(0.616743 -0.121501 3.6219e-20)
(0.138109 -0.0935689 -4.56347e-19)
(0.319439 -0.149819 -1.00573e-18)
(0.467492 -0.159438 -7.73576e-19)
(0.540682 -0.15923 2.49433e-19)
(0.588203 -0.155197 -4.08976e-20)
(0.614951 -0.136113 6.58171e-20)
(0.163607 -0.110801 1.80136e-18)
(0.343249 -0.177876 -2.32031e-21)
(0.467409 -0.18701 5.47438e-19)
(0.534277 -0.181901 -4.79493e-20)
(0.580462 -0.173436 0)
(0.610132 -0.152251 -6.11739e-20)
(0.193263 -0.149926 -1.92658e-18)
(0.359203 -0.203714 -3.87786e-20)
(0.46442 -0.213175 -2.76713e-20)
(0.52716 -0.204868 -4.29348e-20)
(0.572548 -0.193499 -2.83947e-19)
(0.604962 -0.171593 5.97554e-20)
(0.216021 -0.173386 9.5332e-19)
(0.369067 -0.226954 5.86093e-19)
(0.460054 -0.237685 0)
(0.519686 -0.22812 -6.80301e-19)
(0.564829 -0.215327 2.73301e-19)
(0.600005 -0.193704 1.12127e-19)
(0.23544 -0.194656 5.86964e-20)
(0.374602 -0.247455 -3.5342e-20)
(0.454666 -0.260806 9.4623e-19)
(0.511865 -0.251802 -2.30465e-21)
(0.557302 -0.238863 -6.69137e-20)
(0.595322 -0.218187 0)
(0.252179 -0.214571 0)
(0.3769 -0.265637 0)
(0.448289 -0.28289 -9.1062e-19)
(0.503627 -0.276092 1.4231e-18)
(0.54986 -0.264122 -5.77833e-19)
(0.590852 -0.244905 0)
(0.266061 -0.232023 8.71307e-20)
(0.376303 -0.281923 3.19873e-20)
(0.44081 -0.304225 -4.97273e-20)
(0.494836 -0.301088 -9.87693e-22)
(0.54234 -0.291165 2.2917e-21)
(0.586492 -0.27386 -4.26794e-19)
(0.27686 -0.246308 2.89637e-20)
(0.372875 -0.296649 6.37115e-20)
(0.432038 -0.325064 -4.84647e-20)
(0.485316 -0.326857 -1.21351e-21)
(0.534542 -0.320067 6.1781e-19)
(0.582099 -0.305129 -1.04374e-19)
(0.284143 -0.257182 0)
(0.366704 -0.310101 0)
(0.421786 -0.345584 -9.22392e-20)
(0.474838 -0.353457 -1.11191e-18)
(0.526224 -0.350882 4.87353e-19)
(0.577514 -0.338853 7.33135e-19)
(0.287533 -0.264725 -1.87385e-18)
(0.35787 -0.322481 0)
(0.409867 -0.36591 -9.09913e-20)
(0.46315 -0.38091 5.1864e-19)
(0.517118 -0.383668 -3.61438e-19)
(0.572565 -0.375219 -3.14247e-19)
(0.286595 -0.26913 2.62349e-20)
(0.346499 -0.333945 1.01514e-18)
(0.396082 -0.386116 -9.03495e-20)
(0.449968 -0.409215 7.42514e-20)
(0.506923 -0.418469 -1.1707e-19)
(0.56706 -0.414444 -4.00845e-19)
(0.281 -0.270776 1.84786e-18)
(0.332585 -0.344538 -9.59614e-19)
(0.380288 -0.406193 -4.68675e-20)
(0.434974 -0.43832 0)
(0.495298 -0.455299 1.16048e-19)
(0.560776 -0.456764 4.0084e-19)
(0.270643 -0.269983 2.90273e-20)
(0.316064 -0.354236 6.4051e-20)
(0.362362 -0.426044 -4.72982e-20)
(0.417846 -0.468067 0)
(0.481847 -0.494116 0)
(0.553435 -0.50242 9.66229e-20)
(0.255504 -0.267 2.91998e-20)
(0.297041 -0.362941 6.5673e-20)
(0.342205 -0.445397 -4.80718e-20)
(0.39827 -0.498154 -6.58461e-19)
(0.466116 -0.534736 6.13166e-20)
(0.544676 -0.551602 0)
(0.235737 -0.261984 0)
(0.275685 -0.370313 6.7746e-20)
(0.319795 -0.463745 7.21247e-19)
(0.375929 -0.528052 7.23152e-20)
(0.447596 -0.576712 -6.16728e-20)
(0.534038 -0.604286 0)
(0.211781 -0.254831 0)
(0.252207 -0.375662 0)
(0.295159 -0.480257 -1.48723e-18)
(0.350489 -0.556888 5.28989e-19)
(0.42567 -0.619252 -1.14131e-19)
(0.520921 -0.66009 1.04375e-20)
(0.184456 -0.244782 2.99432e-20)
(0.226865 -0.3778 0)
(0.268318 -0.493631 1.23078e-18)
(0.321634 -0.583235 3.11795e-19)
(0.399547 -0.660986 0)
(0.504333 -0.718281 0)
(0.154941 -0.229842 -1.51235e-20)
(0.199758 -0.374845 -3.81076e-20)
(0.239294 -0.501752 -8.82542e-19)
(0.288903 -0.605149 -2.81528e-19)
(0.368208 -0.699649 -3.042e-19)
(0.482634 -0.777677 5.0717e-20)
(0.124356 -0.206884 -9.95372e-19)
(0.170751 -0.363933 6.54381e-19)
(0.20811 -0.501583 8.51439e-19)
(0.251801 -0.620378 4.39868e-20)
(0.330592 -0.73155 3.16627e-19)
(0.453184 -0.836799 -9.30279e-20)
(0.0947617 -0.173846 1.54031e-18)
(0.140418 -0.341525 -7.09951e-19)
(0.175213 -0.489252 -4.8557e-19)
(0.210565 -0.62654 2.28151e-19)
(0.286076 -0.751324 -3.6377e-20)
(0.412207 -0.895901 4.01037e-20)
(0.0700591 -0.131024 -5.1791e-19)
(0.110525 -0.302267 0)
(0.142991 -0.458012 1.34385e-19)
(0.167057 -0.62102 -2.02476e-19)
(0.23366 -0.747058 3.35941e-20)
(0.344874 -0.967697 -2.90199e-20)
(0.0503638 -0.0646768 0)
(0.0745229 -0.21174 6.04289e-21)
(0.100095 -0.370471 -1.59773e-19)
(0.0995788 -0.586973 2.04606e-20)
(0.163455 -0.671185 -1.10839e-20)
(0.224793 -1.08743 0)
(0.650206 -0.0510896 9.70257e-20)
(0.696514 -0.0190094 -4.20769e-22)
(0.741087 -0.00656944 -2.01184e-20)
(0.779138 -0.000949616 4.78291e-22)
(0.812102 0.00125101 1.0188e-20)
(0.840613 0.00181961 3.53509e-20)
(0.865282 0.00166324 4.74592e-20)
(0.886632 0.00121016 2.84565e-20)
(0.905124 0.000659909 -7.42978e-23)
(0.921143 0.000112341 1.23763e-20)
(0.93501 -0.000380798 3.32524e-31)
(0.94699 -0.000790875 -2.13505e-20)
(0.957302 -0.00110437 2.37709e-22)
(0.966129 -0.00132049 3.8912e-20)
(0.973624 -0.00145004 -1.4974e-22)
(0.979916 -0.00151052 -9.51007e-23)
(0.985128 -0.00151892 -1.71825e-20)
(0.989374 -0.00148516 1.66139e-20)
(0.992768 -0.00141049 0)
(0.995412 -0.00128982 3.06731e-20)
(0.99739 -0.0011139 -2.96406e-20)
(0.998762 -0.000872892 2.85765e-20)
(0.999567 -0.000569768 -2.76474e-20)
(0.99993 -0.000227905 0)
(0.650345 -0.0704211 -1.24109e-19)
(0.696769 -0.0421561 1.76401e-19)
(0.74035 -0.0295099 -1.5984e-19)
(0.778324 -0.0231674 9.24927e-22)
(0.811415 -0.0199749 9.97865e-20)
(0.840133 -0.0182652 3.51112e-20)
(0.864999 -0.0172098 3.1559e-20)
(0.886526 -0.0164259 -2.8909e-20)
(0.905167 -0.0157393 2.6255e-20)
(0.921307 -0.0150633 9.71776e-20)
(0.935268 -0.0143497 4.46707e-20)
(0.947317 -0.0135679 -4.31811e-20)
(0.957677 -0.0126994 0)
(0.966532 -0.011739 3.86319e-20)
(0.974037 -0.0106975 -3.69692e-20)
(0.980325 -0.0096007 5.37577e-20)
(0.985518 -0.00848033 -3.42421e-20)
(0.989731 -0.00736092 9.9142e-20)
(0.993077 -0.00625159 0)
(0.995663 -0.00514582 3.052e-20)
(0.997578 -0.0040255 2.94246e-20)
(0.998859 -0.00287698 -5.69862e-20)
(0.99949 -0.00173228 5.51354e-20)
(0.999635 -0.000663621 2.46406e-20)
(0.648577 -0.0914096 2.33278e-19)
(0.695694 -0.0655573 -1.55787e-19)
(0.739306 -0.0529003 2.11737e-19)
(0.777769 -0.0458157 -4.63593e-20)
(0.811303 -0.0415679 -4.06073e-20)
(0.840395 -0.0386507 -1.06671e-19)
(0.865556 -0.0363289 6.28152e-20)
(0.88731 -0.0342651 -1.14703e-19)
(0.90612 -0.0323076 -6.94089e-22)
(0.922378 -0.0303806 -9.80376e-20)
(0.936413 -0.0284395 -4.54803e-20)
(0.948499 -0.0264516 2.16173e-22)
(0.958861 -0.0243928 8.12434e-20)
(0.967689 -0.0222515 -1.15245e-19)
(0.975141 -0.0200358 -3.6947e-20)
(0.981356 -0.0177767 -5.47743e-22)
(0.986454 -0.0155186 -3.41836e-20)
(0.990553 -0.0133014 -3.28983e-20)
(0.993768 -0.0111445 -6.29049e-20)
(0.996213 -0.00904205 9.10281e-20)
(0.997983 -0.00696856 -1.46888e-19)
(0.999068 -0.0049141 -1.13367e-19)
(0.999329 -0.00295731 1.09694e-19)
(0.999047 -0.0012026 -2.46611e-20)
(0.646289 -0.113807 -2.63548e-19)
(0.694417 -0.0899036 -2.46695e-19)
(0.73862 -0.0770404 0)
(0.777819 -0.0690839 0)
(0.811958 -0.063652 7.78084e-20)
(0.841518 -0.0594258 -2.3529e-21)
(0.867033 -0.0557603 -1.28644e-19)
(0.889045 -0.0523572 5.68655e-20)
(0.908031 -0.0490824 0)
(0.924397 -0.0458687 9.63598e-20)
(0.938482 -0.0426734 0)
(0.950566 -0.0394616 -8.49019e-20)
(0.960883 -0.0362029 0)
(0.969628 -0.0328778 6.95668e-22)
(0.976964 -0.0294883 7.33073e-20)
(0.983032 -0.0260658 -7.0438e-20)
(0.987958 -0.0226642 -1.34663e-19)
(0.991862 -0.0193381 6.133e-22)
(0.99486 -0.0161195 1.88282e-19)
(0.997078 -0.0130047 -1.20446e-19)
(0.998618 -0.00996276 5.86154e-20)
(0.999395 -0.00700236 0)
(0.999096 -0.00428249 5.42363e-20)
(0.998185 -0.00191475 -4.86605e-20)
(0.644118 -0.137792 2.91989e-19)
(0.693527 -0.115267 4.88263e-19)
(0.738675 -0.101992 -1.01808e-19)
(0.77873 -0.0930175 9.1815e-20)
(0.813546 -0.086274 -1.56867e-19)
(0.843625 -0.0806348 0)
(0.869524 -0.075542 0)
(0.891806 -0.0707327 -7.93094e-22)
(0.910964 -0.0660875 -2.08542e-19)
(0.927418 -0.0615454 9.6139e-20)
(0.94152 -0.0570653 -1.77232e-19)
(0.953561 -0.0526094 2.52066e-19)
(0.963783 -0.0481409 0)
(0.972385 -0.0436308 5.80935e-22)
(0.979538 -0.0390722 1.44811e-19)
(0.985386 -0.0344915 0)
(0.990063 -0.0299464 0)
(0.993686 -0.0255042 0)
(0.99638 -0.0212108 -6.1413e-20)
(0.998283 -0.0170668 -2.38031e-19)
(0.999503 -0.0130389 2.87995e-19)
(0.999859 -0.00917266 -2.77927e-19)
(0.998799 -0.00574729 1.61336e-19)
(0.997078 -0.00285664 9.69557e-20)
(0.64227 -0.163361 -3.62112e-19)
(0.69328 -0.141684 -2.4251e-19)
(0.739628 -0.127781 -4.10777e-19)
(0.780638 -0.117627 3.55568e-19)
(0.81619 -0.10945 4.69161e-19)
(0.846823 -0.102297 0)
(0.873124 -0.0956921 -2.48033e-19)
(0.895675 -0.0894059 3.38196e-19)
(0.914988 -0.0833328 0)
(0.931503 -0.0774172 -9.56658e-20)
(0.945584 -0.0716189 3.50693e-19)
(0.957535 -0.0658972 -2.50017e-19)
(0.967606 -0.0602086 -1.54947e-19)
(0.976004 -0.0545146 -7.46736e-20)
(0.982903 -0.0487963 -5.66249e-22)
(0.988456 -0.04307 2.7194e-19)
(0.992797 -0.0373906 1.30082e-19)
(0.996051 -0.0318334 1.25321e-19)
(0.998344 -0.026457 -3.02574e-19)
(0.99983 -0.0212658 2.35231e-19)
(1.00063 -0.0162208 -1.14237e-19)
(1.00046 -0.0114051 2.74422e-19)
(0.998448 -0.00724477 2.10992e-19)
(0.995901 -0.00418277 -2.38364e-19)
(0.640801 -0.190573 0)
(0.693741 -0.169247 0)
(0.741534 -0.15446 4.11813e-19)
(0.783626 -0.142944 -3.56937e-19)
(0.819987 -0.1332 -3.68917e-21)
(0.851212 -0.124425 0)
(0.877927 -0.116217 3.70882e-19)
(0.900738 -0.108378 -3.38914e-19)
(0.920185 -0.100816 2.02694e-19)
(0.936723 -0.0934787 0)
(0.950738 -0.0863266 -2.69759e-21)
(0.962546 -0.0793159 0)
(0.972405 -0.072397 1.5477e-19)
(0.980531 -0.0655211 2.89621e-19)
(0.987104 -0.058656 -2.80294e-19)
(0.992278 -0.0518035 -2.67091e-19)
(0.996195 -0.0450085 -1.29633e-19)
(0.99898 -0.0383473 -2.18059e-21)
(1.00076 -0.0318879 2.12226e-21)
(1.00172 -0.0256366 -1.16014e-19)
(1.00198 -0.0195437 5.03776e-22)
(1.0012 -0.0137402 -1.06694e-19)
(0.998127 -0.00888623 1.01813e-19)
(0.994765 -0.00592406 -9.21472e-20)
(0.639698 -0.219512 0)
(0.694928 -0.19811 0)
(0.744433 -0.182141 9.95662e-20)
(0.787768 -0.169035 -6.13085e-19)
(0.825031 -0.157556 -1.49616e-21)
(0.856892 -0.147029 1.31946e-19)
(0.88403 -0.137114 0)
(0.907089 -0.12764 0)
(0.926637 -0.118522 -2.03739e-19)
(0.943158 -0.109712 -3.71045e-19)
(0.957054 -0.101168 -3.39902e-19)
(0.968659 -0.0928442 1.61213e-19)
(0.978242 -0.0846836 1.52514e-19)
(0.986026 -0.076628 -2.87932e-19)
(0.992195 -0.0686308 0)
(0.996909 -0.0606763 2.63061e-19)
(1.00031 -0.0527933 -5.02907e-19)
(1.00253 -0.0450517 8.42476e-22)
(1.0037 -0.0375245 -2.30831e-19)
(1.00402 -0.0302193 2.25765e-19)
(1.00365 -0.0230829 2.04269e-21)
(1.00216 -0.0163404 -1.044e-19)
(0.997955 -0.0109985 -1.0183e-19)
(0.99343 -0.00796608 -1.61747e-19)
(0.638942 -0.25035 0)
(0.696872 -0.228479 -1.1497e-19)
(0.748386 -0.210982 2.02141e-19)
(0.793152 -0.195998 -8.41871e-20)
(0.831424 -0.182567 -1.50117e-19)
(0.86397 -0.170126 -1.348e-19)
(0.891539 -0.158379 -1.19115e-19)
(0.914827 -0.147172 1.10855e-19)
(0.934441 -0.136424 2.00488e-19)
(0.950893 -0.126085 0)
(0.964612 -0.116111 1.70266e-19)
(0.975948 -0.106448 -2.74241e-21)
(0.985185 -0.0970336 4.08516e-22)
(0.992553 -0.0878001 2.77868e-19)
(0.998242 -0.0786866 -2.67352e-19)
(1.00241 -0.0696582 5.08336e-19)
(1.00522 -0.0607234 -2.45728e-19)
(1.00678 -0.0519385 1.1932e-19)
(1.00724 -0.0433739 3.42407e-19)
(1.00681 -0.0350334 -1.0918e-19)
(1.0057 -0.0268604 2.12152e-19)
(1.00338 -0.0191961 0)
(0.997881 -0.0134525 0)
(0.992048 -0.0104264 -9.1075e-20)
(0.638515 -0.283324 -1.33728e-19)
(0.699632 -0.260616 1.19662e-19)
(0.753491 -0.241186 0)
(0.799896 -0.223963 6.14524e-21)
(0.839291 -0.208299 0)
(0.872568 -0.193733 0)
(0.900572 -0.179999 -1.17343e-19)
(0.924063 -0.166945 5.33122e-19)
(0.943696 -0.154482 -5.14972e-21)
(0.960022 -0.142554 -4.48473e-21)
(0.973497 -0.131106 -1.6305e-19)
(0.984493 -0.120078 1.51695e-19)
(0.99331 -0.109399 -1.42194e-19)
(1.00019 -0.0989901 -2.7076e-19)
(1.00532 -0.0887775 2.60177e-19)
(1.00887 -0.0787072 -1.25281e-19)
(1.01099 -0.0687648 -2.37002e-19)
(1.0118 -0.0589868 2.29752e-19)
(1.01146 -0.0494318 -1.11566e-19)
(1.01018 -0.0400913 2.14025e-19)
(1.0082 -0.0309005 -1.04488e-19)
(1.00492 -0.0223309 0)
(0.998006 -0.0162659 0)
(0.990731 -0.0133579 0)
(0.638419 -0.318728 -6.21697e-20)
(0.703307 -0.294827 1.18538e-19)
(0.759891 -0.272997 0)
(0.80816 -0.253087 5.12499e-19)
(0.848789 -0.234831 -1.52714e-19)
(0.882835 -0.217872 0)
(0.911264 -0.201957 0)
(0.934919 -0.186915 -2.13279e-19)
(0.954514 -0.17264 0)
(0.970645 -0.159054 -1.77192e-19)
(0.9838 -0.146089 1.63438e-19)
(0.994378 -0.13367 -4.2239e-21)
(1.00269 -0.121716 1.422e-19)
(1.009 -0.110137 0)
(1.0135 -0.0988452 -2.49918e-19)
(1.01635 -0.0877679 2.40803e-19)
(1.0177 -0.0768679 2.29282e-19)
(1.01769 -0.0661576 -1.29016e-21)
(1.01644 -0.0556755 -5.3606e-19)
(1.01421 -0.0453898 -1.03336e-19)
(1.01123 -0.0352181 7.99746e-19)
(1.00685 -0.0257678 -3.88116e-19)
(0.998428 -0.0194575 0)
(0.989578 -0.0167958 0)
(0.638677 -0.356908 -6.92179e-20)
(0.708044 -0.331469 0)
(0.76779 -0.3067 -1.90187e-19)
(0.818155 -0.283555 1.7287e-19)
(0.860115 -0.262253 0)
(0.894948 -0.242563 -1.26778e-19)
(0.923772 -0.224224 1.17067e-19)
(0.947533 -0.207027 0)
(0.967016 -0.190824 1.84396e-19)
(0.982869 -0.175505 -1.72852e-19)
(0.995619 -0.160976 0)
(1.00569 -0.147142 -1.47934e-19)
(1.01342 -0.133907 0)
(1.01907 -0.121166 0)
(1.02284 -0.108817 2.41663e-19)
(1.02492 -0.0967705 -1.99554e-21)
(1.02543 -0.0849669 -2.22652e-19)
(1.0245 -0.0733927 -2.1282e-19)
(1.02226 -0.06206 1.17028e-21)
(1.01896 -0.0509039 9.83855e-20)
(1.01486 -0.0398114 -3.85231e-19)
(1.00925 -0.0295216 3.74506e-19)
(0.999246 -0.0230372 3.6574e-19)
(0.988691 -0.0207569 -3.38299e-19)
(0.639345 -0.398256 6.84622e-20)
(0.714059 -0.370939 -1.08764e-19)
(0.777463 -0.342615 4.75821e-19)
(0.83016 -0.315576 -1.61387e-19)
(0.873523 -0.290668 1.47446e-19)
(0.909123 -0.267823 1.23951e-19)
(0.938277 -0.24676 -3.34841e-19)
(0.962057 -0.227203 2.04497e-19)
(0.981332 -0.208937 -3.57738e-19)
(0.996805 -0.191801 1.67992e-19)
(1.00905 -0.175659 0)
(1.01851 -0.160389 -1.38471e-19)
(1.02556 -0.14587 0)
(1.03046 -0.131981 0)
(1.03343 -0.118604 -2.32925e-19)
(1.03464 -0.105631 2.23823e-19)
(1.03423 -0.0929818 0)
(1.03231 -0.0806175 2.04296e-19)
(1.029 -0.068521 -1.17618e-21)
(1.02453 -0.0565873 -6.65505e-19)
(1.01918 -0.0446601 7.3992e-19)
(1.01221 -0.0335949 -3.59851e-19)
(1.00057 -0.027003 3.53726e-19)
(0.988183 -0.0252439 -6.04714e-19)
(0.64052 -0.443188 -6.75881e-20)
(0.721644 -0.413651 0)
(0.789276 -0.381081 -3.79762e-19)
(0.844534 -0.349375 0)
(0.889327 -0.320183 1.37173e-19)
(0.925622 -0.293664 -2.4653e-19)
(0.954993 -0.269511 1.11238e-19)
(0.978664 -0.247347 3.82928e-19)
(0.9976 -0.226861 6.15201e-22)
(1.01257 -0.207811 1.56939e-19)
(1.02418 -0.190006 1.44083e-19)
(1.03293 -0.17328 2.72182e-19)
(1.03918 -0.157482 2.52023e-19)
(1.04324 -0.142468 -2.39804e-19)
(1.04532 -0.128099 2.23722e-19)
(1.04558 -0.11425 -1.93254e-21)
(1.04417 -0.100819 -4.08377e-19)
(1.04118 -0.0877431 1.24443e-21)
(1.03672 -0.0749773 9.35554e-20)
(1.031 -0.0623729 6.3953e-19)
(1.02428 -0.0497211 -3.05824e-22)
(1.01585 -0.0379708 -2.59875e-19)
(1.00251 -0.0313368 0)
(0.988172 -0.0302436 0)
(0.642355 -0.49212 5.57693e-20)
(0.731194 -0.459998 2.03528e-19)
(0.803706 -0.422429 -2.60865e-19)
(0.861739 -0.38517 0)
(0.907926 -0.350897 0)
(0.944766 -0.320083 3.48976e-19)
(0.974167 -0.292399 -4.05344e-21)
(0.997544 -0.267336 -6.57243e-19)
(1.01597 -0.244445 6.91111e-21)
(1.03028 -0.223375 1.4541e-19)
(1.04112 -0.203853 -2.88113e-19)
(1.04902 -0.185658 -1.33798e-19)
(1.05436 -0.168594 2.41806e-19)
(1.05746 -0.152486 -2.99861e-21)
(1.05855 -0.137173 -2.36091e-21)
(1.05778 -0.122508 -3.04722e-19)
(1.05529 -0.108367 0)
(1.05116 -0.0946672 2.77383e-19)
(1.04548 -0.0813335 -9.31116e-20)
(1.03843 -0.0681762 -8.94414e-20)
(1.03025 -0.054929 0)
(1.02025 -0.0426087 -3.81851e-21)
(1.00519 -0.0360009 0)
(0.988784 -0.0357246 0)
(0.645051 -0.545483 0)
(0.743234 -0.510268 -5.18342e-19)
(0.821359 -0.466904 5.32057e-19)
(0.882355 -0.42312 -7.74634e-20)
(0.929807 -0.382872 1.27525e-19)
(0.966938 -0.347048 -1.29799e-19)
(0.99609 -0.315321 0)
(1.01891 -0.287017 1.85241e-19)
(1.0366 -0.261509 3.24899e-19)
(1.05004 -0.2383 -1.51689e-19)
(1.05994 -0.217007 1.31677e-19)
(1.06683 -0.197331 -1.24036e-19)
(1.07114 -0.179023 2.30322e-19)
(1.07318 -0.161867 2.16338e-19)
(1.07316 -0.145671 -1.06461e-19)
(1.07128 -0.130264 2.92997e-19)
(1.06763 -0.1155 -2.75948e-19)
(1.06229 -0.101271 -1.77223e-19)
(1.05533 -0.0874801 -1.70053e-19)
(1.04689 -0.0738971 2.44698e-19)
(1.03718 -0.0601984 -1.5957e-19)
(1.02552 -0.0474439 -1.55972e-19)
(1.00872 -0.0409344 0)
(0.990139 -0.0416342 -2.24169e-19)
(0.648873 -0.603788 4.65176e-19)
(0.758431 -0.564542 0)
(0.842983 -0.514541 0)
(0.907082 -0.463234 0)
(0.955556 -0.416084 3.5977e-19)
(0.992592 -0.374477 -2.2897e-19)
(1.02109 -0.338132 -9.81942e-20)
(1.043 -0.306203 0)
(1.05964 -0.277841 -3.08935e-19)
(1.07197 -0.25236 1.39051e-19)
(1.08072 -0.229239 -3.87423e-19)
(1.08644 -0.208079 1.15071e-19)
(1.08956 -0.188558 -1.13589e-19)
(1.09039 -0.170411 -2.05329e-19)
(1.08918 -0.153408 -9.78968e-20)
(1.08609 -0.137348 2.78855e-19)
(1.08121 -0.122061 8.87857e-20)
(1.0746 -0.107416 3.75717e-21)
(1.06631 -0.0932901 7.72763e-20)
(1.05644 -0.0794199 -7.65396e-20)
(1.04514 -0.0654268 7.28708e-20)
(1.03175 -0.052389 4.63556e-22)
(1.0132 -0.0460508 -2.9761e-19)
(0.992348 -0.0478956 5.58706e-19)
(0.65418 -0.667352 -4.06051e-19)
(0.777607 -0.622683 0)
(0.869489 -0.564999 7.48032e-20)
(0.936705 -0.50525 1.84396e-19)
(0.98583 -0.450339 -4.61801e-19)
(1.02224 -0.40219 0)
(1.04956 -0.360632 -8.418e-20)
(1.07008 -0.324664 -1.61898e-19)
(1.08528 -0.29319 3.64946e-19)
(1.09619 -0.265297 0)
(1.10352 -0.24029 1.25604e-19)
(1.10786 -0.217644 -1.15845e-19)
(1.10962 -0.196951 1.00502e-19)
(1.10912 -0.177882 0)
(1.1066 -0.160163 -8.85608e-20)
(1.1022 -0.143557 5.57126e-21)
(1.09602 -0.127865 0)
(1.0881 -0.112932 8.13619e-20)
(1.07844 -0.0986115 -1.55922e-19)
(1.0671 -0.0846085 2.2192e-19)
(1.05418 -0.0704934 -2.14441e-19)
(1.03904 -0.0573352 2.09162e-19)
(1.01874 -0.0512326 -1.3795e-19)
(0.995503 -0.0544028 -6.92996e-20)
(0.66148 -0.73586 2.04405e-19)
(0.80182 -0.684139 1.5943e-19)
(0.901863 -0.617383 0)
(0.972021 -0.548495 -1.41119e-19)
(1.0213 -0.485174 3.22672e-19)
(1.05643 -0.429854 8.86469e-20)
(1.08188 -0.382534 1.74956e-19)
(1.10042 -0.342118 0)
(1.11369 -0.307267 -1.41494e-19)
(1.12277 -0.276817 5.90451e-20)
(1.1284 -0.249866 -1.12604e-19)
(1.1311 -0.225739 5.53873e-20)
(1.13131 -0.203921 -1.01165e-19)
(1.12933 -0.184011 0)
(1.12538 -0.165677 1.74473e-19)
(1.11959 -0.148645 2.54542e-21)
(1.11204 -0.132684 0)
(1.10276 -0.117611 0)
(1.09172 -0.103255 -7.34468e-20)
(1.07891 -0.0892949 3.30734e-20)
(1.06436 -0.0752528 -1.32807e-19)
(1.04745 -0.0621493 2.63431e-19)
(1.02542 -0.056319 -1.29947e-19)
(0.999665 -0.0610131 0)
(0.67143 -0.808263 -2.06983e-19)
(0.832321 -0.747557 -2.3404e-20)
(0.940995 -0.669977 6.00677e-20)
(1.0137 -0.591686 -1.17197e-19)
(1.06257 -0.519714 -1.48835e-19)
(1.09567 -0.456887 -1.31004e-19)
(1.11848 -0.403417 1.84011e-19)
(1.1343 -0.358211 -1.36965e-19)
(1.14505 -0.319743 6.28227e-20)
(1.15184 -0.286597 -5.7057e-20)
(1.15538 -0.257648 -5.27486e-20)
(1.15618 -0.232047 5.07029e-20)
(1.15462 -0.209158 0)
(1.15098 -0.188488 -8.45071e-20)
(1.14546 -0.169649 4.1861e-20)
(1.13818 -0.15232 1.11829e-19)
(1.1292 -0.136236 -7.22067e-20)
(1.11852 -0.121186 0)
(1.10608 -0.106974 3.19218e-20)
(1.09181 -0.0932595 1.25021e-19)
(1.07568 -0.0795188 -1.23828e-19)
(1.05705 -0.0666628 0)
(1.03335 -0.061076 0)
(1.00485 -0.0675299 2.95907e-20)
(0.68524 -0.883043 -1.29716e-19)
(0.870291 -0.810432 -3.01042e-20)
(0.987402 -0.720023 0)
(1.06209 -0.632714 -7.96436e-20)
(1.10995 -0.552502 7.22716e-20)
(1.14032 -0.482341 3.62352e-20)
(1.15966 -0.422659 -1.33054e-19)
(1.17199 -0.372488 -2.64194e-20)
(1.17952 -0.330235 -5.61436e-20)
(1.18346 -0.294286 6.31096e-21)
(1.18448 -0.263296 0)
(1.18305 -0.236232 0)
(1.17947 -0.21232 3.93294e-20)
(1.17398 -0.190973 -3.70932e-20)
(1.16675 -0.171732 3.85258e-20)
(1.15788 -0.15423 6.68451e-20)
(1.14739 -0.138166 -9.87355e-20)
(1.13527 -0.123302 -6.39e-20)
(1.12143 -0.109424 2.95901e-20)
(1.10574 -0.0961851 -3.08319e-20)
(1.08808 -0.0830252 -2.76558e-20)
(1.06786 -0.0706438 -2.72283e-20)
(1.04262 -0.0651265 -1.182e-19)
(1.01103 -0.0736569 8.48639e-20)
(0.705926 -0.958644 1.97057e-19)
(0.916804 -0.869099 -7.54855e-20)
(1.04102 -0.763584 3.17134e-20)
(1.11698 -0.66852 1.09351e-19)
(1.16329 -0.581391 -4.52124e-20)
(1.19036 -0.504791 2.63035e-20)
(1.20557 -0.439353 8.6627e-20)
(1.21364 -0.38435 8.05133e-20)
(1.21724 -0.338295 2.22639e-20)
(1.21771 -0.2995 2.42012e-20)
(1.21574 -0.266452 6.21588e-20)
(1.21169 -0.237942 5.85348e-20)
(1.20581 -0.213054 -7.71873e-20)
(1.19826 -0.191095 2.06715e-20)
(1.18916 -0.171535 -1.595e-20)
(1.17858 -0.153954 -3.36391e-20)
(1.1665 -0.138019 1.74717e-20)
(1.15289 -0.123469 0)
(1.13762 -0.110084 0)
(1.12051 -0.0975458 -1.32308e-20)
(1.1014 -0.085307 6.83245e-20)
(1.07974 -0.0736986 -2.49805e-20)
(1.05324 -0.0677535 1.29587e-20)
(1.01811 -0.0787937 0)
(0.738712 -1.03747 -4.41927e-20)
(0.969459 -0.917745 -4.99733e-20)
(1.09925 -0.795737 -4.02703e-20)
(1.17658 -0.694974 -2.09722e-20)
(1.22136 -0.603496 -2.77654e-20)
(1.24512 -0.522272 -5.55053e-21)
(1.25593 -0.452235 -3.60124e-20)
(1.25923 -0.392995 -3.31731e-20)
(1.25824 -0.343381 -3.15774e-20)
(1.25463 -0.301824 -2.11922e-20)
(1.24913 -0.266752 -1.99621e-20)
(1.24207 -0.236828 -1.88349e-20)
(1.23358 -0.211002 1.67721e-20)
(1.22375 -0.188475 -7.44836e-21)
(1.21262 -0.168635 3.1184e-20)
(1.2002 -0.15101 6.87699e-21)
(1.18645 -0.135231 3.62003e-20)
(1.17128 -0.12101 2.2514e-22)
(1.15453 -0.108139 -2.6086e-20)
(1.13599 -0.0963794 3.87128e-20)
(1.11537 -0.0852975 -1.78509e-20)
(1.09217 -0.0747398 -5.87692e-21)
(1.06458 -0.0674181 -6.97208e-21)
(1.02772 -0.0812642 -6.40769e-21)
(0.780475 -1.1377 -1.47285e-20)
(1.03877 -0.952238 7.81486e-21)
(1.16432 -0.814479 7.86258e-21)
(1.23931 -0.708812 -5.50655e-21)
(1.28222 -0.615943 -2.78517e-21)
(1.30311 -0.532586 -9.37003e-21)
(1.30985 -0.459754 4.10322e-21)
(1.30832 -0.397405 5.57303e-21)
(1.30239 -0.344832 5.03942e-21)
(1.29418 -0.300794 7.87994e-21)
(1.28466 -0.26383 -3.76805e-21)
(1.27415 -0.232562 9.80731e-32)
(1.26273 -0.205841 -7.31704e-21)
(1.25038 -0.182768 -6.18749e-22)
(1.23707 -0.162646 6.81298e-21)
(1.22274 -0.144938 -1.33827e-20)
(1.20727 -0.129225 6.68289e-21)
(1.19054 -0.115193 -8.46242e-32)
(1.17233 -0.102622 0)
(1.15233 -0.0913251 1.17754e-20)
(1.13006 -0.0809603 -5.45395e-21)
(1.10468 -0.0713976 5.82436e-21)
(1.07507 -0.065115 -1.78566e-20)
(1.04074 -0.0781677 1.19164e-20)
(0.0397133 -0.0175215 0)
(0.0418185 -0.0691511 1.35724e-30)
(0.0527475 -0.185939 4.62576e-21)
(0.0589183 -0.25185 -3.7875e-21)
(0.0732196 -0.410081 4.72077e-20)
(0.0551243 -0.313618 6.06236e-21)
(0.0249637 -0.0456384 2.4023e-19)
(0.0244665 -0.10764 -1.77801e-19)
(0.0309509 -0.212001 -1.39457e-19)
(0.0336232 -0.278458 1.18565e-19)
(0.0509817 -0.376382 -5.12839e-20)
(0.0524175 -0.317733 -2.11254e-20)
(0.0178217 -0.0563463 2.31912e-19)
(0.00799711 -0.122565 4.8719e-19)
(0.00916402 -0.214757 3.9174e-19)
(0.0109135 -0.275672 -1.39445e-19)
(0.0302088 -0.336084 2.43257e-20)
(0.0462857 -0.304269 -4.21225e-20)
(0.00871529 -0.0643781 -9.16347e-19)
(-0.00803967 -0.131961 2.55082e-21)
(-0.012114 -0.211539 -2.79445e-19)
(-0.0102806 -0.265917 2.65206e-20)
(0.0133616 -0.308539 0)
(0.0525514 -0.29542 4.29812e-20)
(-0.00913083 -0.0695866 9.84537e-19)
(-0.0239127 -0.134316 2.18212e-20)
(-0.0323185 -0.204642 1.58488e-20)
(-0.0304679 -0.25357 2.75539e-20)
(-0.00454704 -0.286616 1.92235e-19)
(0.0467596 -0.285457 -4.30296e-20)
(-0.0210291 -0.0691385 -4.89272e-19)
(-0.0392989 -0.131597 -2.98258e-19)
(-0.051686 -0.195242 0)
(-0.050349 -0.240073 4.15614e-19)
(-0.0236709 -0.268129 -1.86224e-19)
(0.0318445 -0.273245 -8.65201e-20)
(-0.0338429 -0.0665541 -3.06834e-20)
(-0.0543639 -0.125955 1.83193e-20)
(-0.0705806 -0.184346 -5.26615e-19)
(-0.070571 -0.226175 1.70476e-21)
(-0.0448246 -0.251913 4.56539e-20)
(0.0110509 -0.260315 0)
(-0.0458817 -0.0627166 0)
(-0.0689949 -0.118636 0)
(-0.0890947 -0.172723 5.17035e-19)
(-0.0913006 -0.212329 -9.11448e-19)
(-0.0679125 -0.237035 4.16254e-19)
(-0.0147033 -0.247385 0)
(-0.0563085 -0.0580049 -4.62281e-20)
(-0.0829304 -0.110443 -1.84337e-20)
(-0.107123 -0.160872 2.81711e-20)
(-0.112407 -0.198755 -2.65061e-21)
(-0.0926046 -0.222931 2.86433e-21)
(-0.0441733 -0.234392 3.44098e-19)
(-0.064776 -0.0526015 -1.53898e-20)
(-0.0958707 -0.101852 -3.58799e-20)
(-0.124445 -0.149062 2.80834e-20)
(-0.133601 -0.185504 -2.18077e-21)
(-0.118428 -0.209249 -4.59089e-19)
(-0.0762371 -0.221154 8.70283e-20)
(-0.0711371 -0.0465603 0)
(-0.107535 -0.0931175 0)
(-0.140785 -0.137389 5.7835e-20)
(-0.154522 -0.172509 7.52758e-19)
(-0.144833 -0.195735 -3.67102e-19)
(-0.10991 -0.20753 -5.97395e-19)
(-0.0753359 -0.0398769 1.00724e-18)
(-0.117649 -0.0843236 0)
(-0.155842 -0.125831 5.79507e-20)
(-0.174775 -0.159621 -3.47768e-19)
(-0.171286 -0.182164 2.75639e-19)
(-0.144277 -0.193423 2.5417e-19)
(-0.0773818 -0.0325552 -1.2544e-20)
(-0.125927 -0.0754751 -5.69185e-19)
(-0.169299 -0.114286 5.82457e-20)
(-0.193972 -0.146646 -4.94699e-20)
(-0.197237 -0.168336 9.33438e-20)
(-0.178548 -0.178751 3.45701e-19)
(-0.0773021 -0.0246241 -9.95247e-19)
(-0.132062 -0.066548 5.35374e-19)
(-0.180802 -0.102596 2.86572e-20)
(-0.21176 -0.133376 0)
(-0.222136 -0.15408 -9.33425e-20)
(-0.212009 -0.16344 -3.44832e-19)
(-0.0751207 -0.0161877 -1.5634e-20)
(-0.13574 -0.0574766 -3.65279e-20)
(-0.18999 -0.0905752 2.90545e-20)
(-0.227707 -0.119534 0)
(-0.245563 -0.139302 0)
(-0.244012 -0.147398 -8.67983e-20)
(-0.0708184 -0.00742649 -1.5706e-20)
(-0.136648 -0.0481474 -3.7102e-20)
(-0.196519 -0.0780018 2.95706e-20)
(-0.241258 -0.104898 4.6392e-19)
(-0.267257 -0.123761 -4.49841e-20)
(-0.273998 -0.1306 0)
(-0.0643142 0.0013973 0)
(-0.134475 -0.0384102 -3.78683e-20)
(-0.200016 -0.0646376 -4.57114e-19)
(-0.251828 -0.0892522 -5.35028e-20)
(-0.286676 -0.107211 4.53697e-20)
(-0.301789 -0.112917 0)
(-0.0554817 0.00990659 0)
(-0.128914 -0.0280824 0)
(-0.200084 -0.0502625 9.37733e-19)
(-0.258834 -0.0723034 -3.75416e-19)
(-0.302887 -0.089375 9.58648e-20)
(-0.327369 -0.0943446 3.48758e-21)
(-0.0441932 0.0175602 -1.60113e-20)
(-0.119643 -0.0169481 0)
(-0.196271 -0.0346608 -7.76062e-19)
(-0.261859 -0.0538141 -2.19873e-19)
(-0.315237 -0.0699005 0)
(-0.349577 -0.0746209 0)
(-0.0302635 0.0238468 8.07513e-21)
(-0.106306 -0.00477248 2.09182e-20)
(-0.188018 -0.0176407 5.56007e-19)
(-0.259927 -0.033453 1.99621e-19)
(-0.323251 -0.0483557 2.48081e-19)
(-0.368286 -0.0533194 -4.30771e-20)
(-0.0129875 0.0324149 4.92275e-19)
(-0.0883891 0.00850751 -3.50646e-19)
(-0.17465 0.000814161 -5.2957e-19)
(-0.251653 -0.0109835 -2.93771e-20)
(-0.325526 -0.0240941 -2.57922e-19)
(-0.383795 -0.0297209 9.13786e-20)
(-0.00390983 0.0358323 -7.08036e-19)
(-0.0656434 0.0219812 3.83611e-19)
(-0.15516 0.02023 2.98793e-19)
(-0.234749 0.0137143 -1.57665e-19)
(-0.319216 0.00399617 2.66593e-20)
(-0.396152 -0.00127303 -4.92071e-20)
(0.00466014 0.0377787 2.52845e-19)
(-0.03887 0.0356098 0)
(-0.126518 0.0395483 -7.99164e-20)
(-0.204459 0.0403065 1.32866e-19)
(-0.296727 0.0388272 -2.93014e-20)
(-0.403745 0.0395617 2.485e-20)
(0.0188581 0.0416673 -4.48401e-21)
(-0.00209591 0.0485085 -3.40778e-21)
(-0.0782193 0.0622352 8.91441e-20)
(-0.150274 0.0736178 0)
(-0.241598 0.0755999 -7.99599e-21)
(-0.403512 0.0492481 6.78386e-21)
(0.787169 -0.900775 -3.5874e-20)
(1.08558 -0.904407 -1.32596e-21)
(1.22644 -0.804623 1.17465e-21)
(1.30068 -0.705999 -2.6931e-22)
(1.34282 -0.61608 2.4378e-22)
(1.36204 -0.533862 5.71012e-22)
(1.36575 -0.460425 4.8088e-21)
(1.36 -0.396485 1.31722e-21)
(1.34922 -0.341901 1.37743e-21)
(1.33616 -0.29591 5.91243e-21)
(1.32222 -0.257328 -2.90354e-21)
(1.30788 -0.22486 -9.9224e-32)
(1.29321 -0.197326 -6.18275e-21)
(1.27814 -0.173748 5.81194e-21)
(1.26252 -0.153353 5.95307e-21)
(1.24623 -0.135534 5.48736e-21)
(1.22909 -0.119827 -5.52807e-21)
(1.21087 -0.10589 8.4941e-32)
(1.19125 -0.0934972 -1.09198e-20)
(1.16978 -0.0824463 2.11629e-20)
(1.14571 -0.0724805 2.2585e-22)
(1.11808 -0.0642363 -1.01614e-20)
(1.08634 -0.0619427 1.05938e-20)
(1.05127 -0.0719061 -1.51019e-20)
(0.591965 -0.531304 6.2423e-20)
(1.07826 -0.795212 -8.73424e-20)
(1.26625 -0.760733 5.97995e-20)
(1.35309 -0.683886 -2.33463e-21)
(1.39838 -0.602543 -1.90422e-20)
(1.41877 -0.524855 -8.83839e-21)
(1.42145 -0.453083 -5.32489e-21)
(1.41281 -0.389221 -3.61319e-21)
(1.39788 -0.333815 -8.34836e-22)
(1.38015 -0.286636 1.39132e-20)
(1.36162 -0.246891 8.06838e-21)
(1.34315 -0.213489 -8.64143e-21)
(1.32495 -0.185307 0)
(1.30692 -0.161346 8.54588e-21)
(1.28886 -0.140783 -1.14078e-20)
(1.27056 -0.122974 1.37078e-20)
(1.25174 -0.107436 -1.09676e-20)
(1.23206 -0.0938444 2.77694e-20)
(1.21109 -0.0820005 0)
(1.18819 -0.0717211 8.69474e-21)
(1.1625 -0.0628299 8.53692e-21)
(1.1331 -0.05637 -1.89506e-20)
(1.09953 -0.056883 1.82738e-20)
(1.06144 -0.0656354 8.20037e-21)
(0.378474 -0.318928 -1.6821e-19)
(0.978865 -0.641476 8.17365e-20)
(1.26185 -0.689098 -9.56517e-20)
(1.386 -0.644633 1.99492e-20)
(1.44405 -0.576346 6.81802e-21)
(1.46988 -0.505126 1.66021e-20)
(1.47438 -0.437073 -1.88023e-20)
(1.46486 -0.374853 1.13679e-20)
(1.44711 -0.319878 -1.42669e-21)
(1.42538 -0.272437 -7.54834e-21)
(1.40245 -0.232155 -6.81307e-21)
(1.37974 -0.198228 -4.56702e-21)
(1.35778 -0.169676 1.25861e-20)
(1.33656 -0.145541 -2.10607e-20)
(1.31587 -0.125 -5.99584e-21)
(1.29539 -0.1074 -1.24158e-21)
(1.27475 -0.0922722 -8.98189e-21)
(1.25348 -0.0793194 -8.9377e-21)
(1.23099 -0.0683789 -1.48685e-20)
(1.20656 -0.0592871 2.39099e-20)
(1.17924 -0.0519107 -3.96139e-20)
(1.14817 -0.0473569 -3.30714e-20)
(1.11295 -0.0499057 3.18049e-20)
(1.07231 -0.0591013 -8.13799e-21)
(0.278117 -0.266441 1.85398e-19)
(0.803332 -0.479413 1.86563e-19)
(1.19976 -0.595909 0)
(1.38867 -0.589649 0)
(1.47424 -0.538168 -2.94658e-20)
(1.51149 -0.475242 7.11217e-21)
(1.52162 -0.412223 2.75878e-20)
(1.51389 -0.352934 8.0418e-23)
(1.49522 -0.299526 0)
(1.47074 -0.252796 -7.55306e-21)
(1.44403 -0.212735 0)
(1.41725 -0.178835 -8.9287e-21)
(1.39143 -0.150313 0)
(1.36683 -0.126314 5.03476e-21)
(1.34328 -0.106058 1.36065e-20)
(1.32042 -0.0889209 -1.43034e-20)
(1.29774 -0.0744605 -2.71161e-20)
(1.27469 -0.0624127 -1.97738e-21)
(1.25056 -0.0526354 4.10775e-20)
(1.22455 -0.0449735 -2.74175e-20)
(1.1957 -0.0393155 1.40232e-20)
(1.16314 -0.0367074 0)
(1.12653 -0.0411076 1.31741e-20)
(1.08394 -0.0516167 -1.18869e-20)
(0.214705 -0.25564 -2.39412e-19)
(0.627317 -0.355714 -3.87808e-19)
(1.08379 -0.489874 7.33075e-20)
(1.35219 -0.519547 -6.53084e-20)
(1.48197 -0.48871 1.0061e-19)
(1.53963 -0.435697 0)
(1.55992 -0.378413 0)
(1.55728 -0.323083 1.15732e-20)
(1.54013 -0.272251 4.23893e-20)
(1.51464 -0.227193 -2.56433e-20)
(1.48527 -0.188197 7.4465e-21)
(1.455 -0.155008 -1.17518e-20)
(1.42549 -0.127049 0)
(1.39744 -0.103603 -2.4442e-21)
(1.37086 -0.0839776 1.17875e-20)
(1.34539 -0.0676039 0)
(1.32048 -0.0540835 0)
(1.29547 -0.043183 0)
(1.26961 -0.0347692 -9.23868e-21)
(1.24206 -0.0286904 -4.4602e-20)
(1.21184 -0.0248439 5.44626e-20)
(1.17804 -0.0242049 -5.74748e-20)
(1.14028 -0.0304354 3.22987e-20)
(1.09617 -0.0427486 2.18396e-20)
(0.16821 -0.252727 2.93072e-19)
(0.486862 -0.286355 1.99758e-19)
(0.931156 -0.387005 3.66821e-19)
(1.26989 -0.437945 -3.04359e-19)
(1.45895 -0.428378 -3.4473e-19)
(1.549 -0.386836 0)
(1.58561 -0.33604 1.41854e-19)
(1.59193 -0.285221 -1.44305e-19)
(1.57923 -0.237746 0)
(1.555 -0.195205 1.73577e-20)
(1.52463 -0.158115 -6.01952e-20)
(1.49191 -0.1264 2.66399e-20)
(1.45926 -0.0996469 1.33328e-20)
(1.42793 -0.0772812 -2.48563e-21)
(1.39828 -0.0587153 -6.8061e-21)
(1.37007 -0.0434588 1.22581e-20)
(1.34277 -0.0311702 8.68198e-21)
(1.31567 -0.0216493 1.11804e-20)
(1.28803 -0.0147696 -3.68602e-20)
(1.25901 -0.0103842 3.14367e-20)
(1.22757 -0.00839963 -2.11271e-20)
(1.19278 -0.00973925 4.4242e-20)
(1.15415 -0.0177972 3.80143e-20)
(1.10887 -0.0322087 -4.76349e-20)
(0.129257 -0.249835 0)
(0.380811 -0.253495 0)
(0.768454 -0.30427 -3.63214e-19)
(1.14352 -0.353273 3.03835e-19)
(1.3969 -0.358774 -3.59745e-20)
(1.53215 -0.329307 0)
(1.59388 -0.28555 -2.15384e-19)
(1.61411 -0.239515 1.72876e-19)
(1.60936 -0.19589 -1.00248e-19)
(1.58915 -0.156535 0)
(1.55994 -0.122115 -1.65747e-20)
(1.52637 -0.0926468 0)
(1.49161 -0.067815 -1.34359e-20)
(1.45756 -0.047147 -2.32837e-20)
(1.42506 -0.0301535 6.4014e-21)
(1.39416 -0.0164283 -2.68805e-21)
(1.36442 -0.00569499 -8.79168e-21)
(1.33519 0.00220616 -6.24823e-21)
(1.30575 0.00738788 5.59188e-21)
(1.27532 0.00998599 -1.57107e-20)
(1.24284 0.0100783 -1.74432e-21)
(1.20729 0.00677887 -1.17069e-20)
(1.16806 -0.0030788 1.37458e-20)
(1.12197 -0.0197393 -1.30045e-20)
(0.0906418 -0.243839 0)
(0.296867 -0.23609 0)
(0.619329 -0.248386 -9.83209e-20)
(0.988432 -0.275915 6.23526e-19)
(1.29178 -0.28425 -1.49434e-20)
(1.48093 -0.264447 -1.28752e-19)
(1.5782 -0.227604 0)
(1.61919 -0.186449 0)
(1.62675 -0.146881 1.23001e-19)
(1.61382 -0.111159 1.7033e-19)
(1.58844 -0.0800163 1.0867e-19)
(1.55615 -0.0534913 -6.45523e-20)
(1.52086 -0.0312866 -2.67341e-20)
(1.48515 -0.0129739 4.14974e-20)
(1.45043 0.00187448 0)
(1.41716 0.0135979 -7.16104e-22)
(1.38515 0.0224112 7.47664e-21)
(1.35387 0.0284284 -3.85909e-21)
(1.3227 0.0317366 -6.703e-21)
(1.29093 0.0324516 1.30975e-20)
(1.25756 0.0306331 8.12158e-21)
(1.2215 0.0254186 -5.80984e-21)
(1.18192 0.0138414 -1.38826e-20)
(1.1354 -0.00510272 1.10829e-20)
(0.0497283 -0.234609 0)
(0.224132 -0.223252 1.13676e-19)
(0.490762 -0.21317 -2.07048e-19)
(0.825907 -0.213871 1.17408e-19)
(1.14872 -0.212791 1.55803e-19)
(1.38904 -0.195371 1.14954e-19)
(1.53076 -0.163765 1.02604e-19)
(1.60095 -0.126957 -9.48227e-20)
(1.62663 -0.0913518 -1.24296e-19)
(1.62505 -0.0594377 0)
(1.60668 -0.0319594 -7.07323e-20)
(1.57831 -0.0089053 -4.13914e-22)
(1.54464 0.0100629 1.20542e-20)
(1.5089 0.0253988 -5.42617e-20)
(1.47311 0.0375225 5.1408e-20)
(1.43823 0.0467436 -5.11982e-20)
(1.40444 0.0532378 2.18399e-20)
(1.37142 0.0570781 -8.63239e-22)
(1.33871 0.058316 4.38695e-21)
(1.30575 0.0570395 2.63333e-21)
(1.27165 0.0532904 8.82461e-21)
(1.2353 0.0462279 0)
(1.19567 0.0330624 0)
(1.14914 0.0119219 -1.01547e-20)
(0.00619305 -0.222942 1.24277e-19)
(0.156039 -0.21054 -1.12337e-19)
(0.37883 -0.189193 0)
(0.670284 -0.169126 1.70072e-20)
(0.983383 -0.151058 0)
(1.25603 -0.12742 0)
(1.44461 -0.0969844 1.15828e-19)
(1.55199 -0.0629078 -5.01411e-19)
(1.60288 -0.0305281 2.71123e-20)
(1.61788 -0.00221807 4.10193e-21)
(1.61048 0.0214804 1.01753e-19)
(1.58923 0.0407363 -7.84242e-20)
(1.55989 0.0560556 5.99207e-20)
(1.52634 0.0679338 7.26792e-20)
(1.49119 0.076826 -6.89444e-20)
(1.45598 0.0830693 1.7867e-20)
(1.42133 0.0868429 2.44283e-20)
(1.38725 0.0882011 -2.3161e-20)
(1.35346 0.0871586 -8.26564e-23)
(1.31958 0.0837715 -6.71262e-21)
(1.28499 0.078054 -2.50922e-21)
(1.24861 0.0692438 0)
(1.20922 0.0546547 0)
(1.16312 0.031534 0)
(-0.0394096 -0.20954 6.52876e-20)
(0.0892409 -0.196581 -1.12826e-19)
(0.277222 -0.170052 0)
(0.526271 -0.136992 -5.9167e-19)
(0.812693 -0.102077 1.82815e-19)
(1.0912 -0.0671906 0)
(1.31656 -0.0318523 0)
(1.46519 0.00254288 2.10384e-19)
(1.54836 0.0333356 0)
(1.58621 0.0588579 1.31544e-19)
(1.59464 0.079042 -1.02214e-19)
(1.58463 0.0945134 -1.13226e-20)
(1.56285 0.106008 -6.01932e-20)
(1.53417 0.114148 0)
(1.50198 0.119528 6.71486e-20)
(1.46829 0.122446 -6.38274e-20)
(1.43424 0.123157 -3.52916e-20)
(1.40023 0.121753 9.39227e-21)
(1.36623 0.118235 4.55395e-20)
(1.33204 0.112621 -4.96405e-21)
(1.29732 0.104896 -2.09896e-20)
(1.26122 0.0944413 4.93405e-21)
(1.22248 0.0786536 0)
(1.17727 0.0538876 0)
(-0.0862023 -0.194839 5.96983e-20)
(0.0225687 -0.181264 0)
(0.18139 -0.152471 2.19298e-19)
(0.392768 -0.112117 -2.01452e-19)
(0.645743 -0.065478 0)
(0.91048 -0.0184593 1.58376e-19)
(1.15174 0.026038 -1.4765e-19)
(1.33636 0.0647083 0)
(1.45599 0.0965777 -1.79395e-19)
(1.52298 0.121068 1.67916e-19)
(1.55315 0.13868 0)
(1.55791 0.15134 8.97196e-20)
(1.54928 0.15841 0)
(1.52907 0.162978 0)
(1.50231 0.164691 -7.98454e-20)
(1.47236 0.16421 1.5742e-20)
(1.44086 0.161729 5.73684e-20)
(1.40855 0.157421 3.224e-20)
(1.37569 0.151325 -8.36345e-21)
(1.34227 0.143432 -1.39946e-20)
(1.30813 0.133717 1.56507e-20)
(1.27283 0.1217 -1.48555e-20)
(1.23522 0.105014 5.43286e-21)
(1.19148 0.0790488 -5.34015e-21)
(-0.133216 -0.179109 -5.96185e-20)
(-0.0438226 -0.164882 1.17524e-19)
(0.0890842 -0.135212 -5.42397e-19)
(0.267427 -0.0914901 2.02604e-19)
(0.485927 -0.038319 -1.87134e-19)
(0.726481 0.0182462 -1.61797e-19)
(0.96348 0.0718714 4.29646e-19)
(1.16879 0.117992 -2.60586e-19)
(1.3216 0.154178 3.99034e-19)
(1.42152 0.180131 -1.79102e-19)
(1.47901 0.197206 0)
(1.50545 0.207402 1.07553e-19)
(1.50989 0.211979 0)
(1.50437 0.212778 0)
(1.48898 0.211359 8.93762e-20)
(1.46522 0.20738 -8.58763e-20)
(1.43842 0.201669 0)
(1.40979 0.19448 -3.86764e-20)
(1.37983 0.185865 9.05717e-21)
(1.34869 0.175789 7.67924e-20)
(1.31637 0.164208 -6.00791e-20)
(1.28274 0.150759 2.25818e-20)
(1.24697 0.133513 -5.74964e-22)
(1.20561 0.106966 -1.00893e-22)
(-0.17946 -0.162516 5.94478e-20)
(-0.109089 -0.147833 0)
(-0.000172922 -0.11824 4.32957e-19)
(0.148663 -0.0738174 0)
(0.334386 -0.0179375 -1.82689e-19)
(0.546276 0.0437056 3.31723e-19)
(0.766177 0.104135 -1.51316e-19)
(0.974063 0.157816 -4.90056e-19)
(1.14828 0.200212 1.61845e-20)
(1.2783 0.230425 -1.73602e-19)
(1.36606 0.249432 -1.4037e-19)
(1.41896 0.259494 -2.19966e-19)
(1.44544 0.262511 -1.60459e-19)
(1.45367 0.260032 1.48188e-19)
(1.45154 0.256812 -9.40327e-20)
(1.44148 0.251018 1.74895e-20)
(1.42278 0.242165 1.29419e-19)
(1.40051 0.232109 -1.17156e-20)
(1.37569 0.221061 -2.81983e-20)
(1.34883 0.208983 -8.72334e-20)
(1.32011 0.195774 1.34651e-20)
(1.28952 0.181142 2.21799e-20)
(1.25673 0.163659 0)
(1.21905 0.137336 0)
(-0.223998 -0.145179 -6.50551e-20)
(-0.172147 -0.130473 -2.28149e-19)
(-0.0857903 -0.101968 3.20888e-19)
(0.036234 -0.058762 0)
(0.19174 -0.00324965 0)
(0.37396 0.0594683 -4.84924e-19)
(0.570632 0.123186 9.94374e-21)
(0.76717 0.181668 8.65013e-19)
(0.947415 0.230147 -1.40137e-20)
(1.09735 0.266089 -1.62139e-19)
(1.21203 0.289448 2.93196e-19)
(1.29287 0.301959 1.12196e-19)
(1.345 0.305713 -1.65813e-19)
(1.37498 0.303713 2.69528e-20)
(1.3896 0.298484 2.23192e-20)
(1.39286 0.29032 1.40514e-19)
(1.38742 0.280184 0)
(1.37533 0.268245 -7.15353e-20)
(1.35871 0.255392 2.86851e-20)
(1.33871 0.24176 1.84047e-20)
(1.31591 0.227342 0)
(1.29051 0.21194 -2.92467e-22)
(1.26239 0.194642 0)
(1.23027 0.169423 0)
(-0.266015 -0.127186 0)
(-0.231868 -0.113084 5.68517e-19)
(-0.166612 -0.086815 -6.3471e-19)
(-0.0690837 -0.0465278 9.72093e-20)
(0.0588975 0.00604884 -1.75305e-19)
(0.212571 0.066677 1.70785e-19)
(0.383704 0.129844 0)
(0.5615 0.189808 -2.45588e-19)
(0.734653 0.241988 -4.09673e-19)
(0.891148 0.282941 1.72065e-19)
(1.02304 0.311691 -1.37442e-19)
(1.12735 0.32883 1.04035e-19)
(1.20488 0.336137 -1.87538e-19)
(1.25916 0.33631 -1.30762e-19)
(1.29501 0.331692 6.90677e-20)
(1.31658 0.323635 -1.23295e-19)
(1.32686 0.312903 1.09417e-19)
(1.32837 0.300308 5.13278e-20)
(1.32322 0.286589 3.42323e-20)
(1.31303 0.272136 -4.31396e-20)
(1.29879 0.257138 2.34345e-20)
(1.28112 0.241508 1.21372e-20)
(1.26 0.224955 0)
(1.23626 0.201905 1.723e-22)
(-0.304888 -0.108608 -4.7938e-19)
(-0.287247 -0.0958551 0)
(-0.24141 -0.0730996 0)
(-0.166061 -0.0373838 0)
(-0.0628559 0.0101397 -5.10892e-19)
(0.0645413 0.0659962 3.2083e-19)
(0.210237 0.125411 1.39538e-19)
(0.366468 0.183575 0)
(0.524719 0.236124 3.92928e-19)
(0.676332 0.279885 -1.53116e-19)
(0.813566 0.313075 4.12233e-19)
(0.931711 0.335413 -1.05837e-19)
(1.02875 0.347922 8.85246e-20)
(1.10513 0.35249 1.26609e-19)
(1.16307 0.351107 3.39558e-20)
(1.20529 0.345288 -1.3062e-19)
(1.23436 0.33612 -1.88471e-20)
(1.25265 0.324553 1.06579e-20)
(1.26228 0.311423 -8.04984e-21)
(1.26502 0.297315 2.12579e-20)
(1.26221 0.282656 -1.80107e-21)
(1.25494 0.267498 3.38243e-21)
(1.24326 0.252176 6.00655e-21)
(1.23121 0.232323 -5.87376e-21)
(-0.340398 -0.0893016 4.20401e-19)
(-0.337462 -0.0789343 0)
(-0.309088 -0.0609707 -1.01922e-19)
(-0.253389 -0.0314202 -2.75748e-19)
(-0.172113 0.00922423 6.69828e-19)
(-0.0682806 0.0580438 0)
(0.0536988 0.111256 1.2872e-19)
(0.18809 0.164693 2.20462e-19)
(0.328335 0.214684 -4.70323e-19)
(0.467993 0.258369 0)
(0.600948 0.293762 -1.29948e-19)
(0.722447 0.320118 1.05182e-19)
(0.829507 0.337731 -7.88531e-20)
(0.920829 0.347672 0)
(0.996546 0.351298 4.89672e-20)
(1.05767 0.349868 -3.15732e-21)
(1.10565 0.344454 0)
(1.14209 0.336015 -2.41563e-20)
(1.16864 0.325408 3.19097e-20)
(1.18689 0.313323 -4.19387e-20)
(1.19814 0.300367 2.24772e-20)
(1.20389 0.286733 -1.51111e-20)
(1.20384 0.27317 7.15315e-21)
(1.2062 0.257016 1.26864e-23)
(-0.373079 -0.0690307 -2.3862e-19)
(-0.381921 -0.0625732 -2.18906e-19)
(-0.368797 -0.0504248 0)
(-0.329964 -0.0284987 1.8674e-19)
(-0.267625 0.00375776 -4.88908e-19)
(-0.184283 0.0438458 -1.39743e-19)
(-0.0834741 0.0887992 -2.50972e-19)
(0.0302918 0.135293 0)
(0.152076 0.180284 1.79791e-19)
(0.276783 0.221233 -6.96316e-20)
(0.399679 0.256352 1.08576e-19)
(0.516701 0.28463 -5.76226e-20)
(0.624862 0.3059 7.83677e-20)
(0.722288 0.320609 0)
(0.808098 0.329515 -9.08585e-20)
(0.882171 0.333451 2.46965e-21)
(0.944902 0.333222 0)
(0.997033 0.329606 0)
(1.03951 0.323343 1.61714e-20)
(1.07341 0.315086 -4.86215e-21)
(1.09968 0.305481 1.12812e-20)
(1.11986 0.294823 -1.66592e-20)
(1.13298 0.283932 5.57697e-21)
(1.15064 0.271351 0)
(-0.402602 -0.0481137 2.39554e-19)
(-0.420825 -0.0464709 -6.60128e-22)
(-0.419956 -0.0414202 -9.85514e-20)
(-0.394972 -0.028332 1.8271e-19)
(-0.348236 -0.00566538 2.39942e-19)
(-0.282169 0.0244668 2.0467e-19)
(-0.199661 0.0596756 -2.87137e-19)
(-0.104271 0.0975553 1.96757e-19)
(4.42145e-05 0.135662 -8.71261e-20)
(0.109245 0.171849 7.18862e-20)
(0.219541 0.204487 5.86777e-20)
(0.327594 0.232555 -4.50822e-20)
(0.43073 0.255583 0)
(0.527048 0.273576 4.84984e-20)
(0.61534 0.286825 -2.68003e-20)
(0.694978 0.295758 -4.32405e-20)
(0.765772 0.300862 2.72213e-20)
(0.827878 0.302651 0)
(0.881693 0.301652 -5.77708e-21)
(0.927818 0.298378 -1.36151e-20)
(0.966784 0.293366 1.40348e-20)
(0.999883 0.286981 0)
(1.02587 0.279833 0)
(1.05671 0.270434 3.94614e-22)
(-0.428586 -0.02604 2.16625e-19)
(-0.455029 -0.0309481 -1.99449e-21)
(-0.462238 -0.0338997 0)
(-0.447971 -0.0305305 1.76136e-19)
(-0.413308 -0.0183226 -1.5352e-19)
(-0.360964 0.000907499 -6.33218e-20)
(-0.293357 0.025453 2.30912e-19)
(-0.213501 0.0536061 5.38199e-20)
(-0.124664 0.0835435 8.23682e-20)
(-0.0301455 0.113483 -3.84944e-21)
(0.0669964 0.142013 0)
(0.164039 0.168112 0)
(0.25869 0.191138 -2.94072e-20)
(0.349216 0.210785 2.25939e-20)
(0.434381 0.226999 -1.94332e-20)
(0.513387 0.239881 -2.24616e-20)
(0.585796 0.249618 3.28277e-20)
(0.651458 0.256446 1.2774e-20)
(0.710463 0.260641 -6.53444e-21)
(0.763101 0.262526 3.89265e-21)
(0.809681 0.262464 1.77148e-21)
(0.851074 0.260792 8.17475e-22)
(0.886642 0.257702 -4.22007e-22)
(0.925482 0.251106 1.31714e-23)
(-0.451507 -0.00188464 -3.46982e-19)
(-0.484215 -0.0163651 1.07913e-19)
(-0.496154 -0.0277595 -9.91514e-20)
(-0.488941 -0.0346865 -2.63687e-19)
(-0.462727 -0.0334863 7.66485e-20)
(-0.420182 -0.0257116 -6.47948e-20)
(-0.363552 -0.0124059 -1.6435e-19)
(-0.295631 0.00539367 -1.35846e-19)
(-0.219321 0.0264264 -3.59419e-20)
(-0.137451 0.0492241 -3.50919e-20)
(-0.0525735 0.0725641 -7.33546e-20)
(0.033105 0.0954457 -5.02204e-20)
(0.117714 0.117124 6.04116e-20)
(0.199771 0.137089 -1.23677e-20)
(0.278169 0.155009 7.54375e-21)
(0.35213 0.170704 1.27675e-20)
(0.421163 0.184081 -5.41521e-21)
(0.48501 0.195114 0)
(0.54361 0.203845 0)
(0.597077 0.210398 1.12571e-21)
(0.645615 0.214927 -3.28045e-21)
(0.68973 0.217615 1.23169e-21)
(0.729577 0.218257 3.97506e-23)
(0.770193 0.214556 0)
(-0.472492 0.0255828 4.59127e-20)
(-0.507838 -0.00243345 1.85603e-19)
(-0.522297 -0.0237279 1.50729e-19)
(-0.518333 -0.0404911 4.33627e-20)
(-0.497022 -0.0504556 7.61264e-20)
(-0.460266 -0.054403 1.69207e-21)
(-0.410272 -0.0525624 8.23319e-20)
(-0.349924 -0.0452452 6.60701e-20)
(-0.282088 -0.0332368 5.32441e-20)
(-0.209465 -0.0178272 2.85067e-20)
(-0.134387 -9.66571e-05 2.24041e-20)
(-0.0586941 0.0189604 1.73813e-20)
(0.0161267 0.0384862 -1.14087e-20)
(0.0888977 0.0578018 4.70832e-21)
(0.158744 0.0763997 -1.56157e-20)
(0.225048 0.0938943 -2.39162e-21)
(0.287371 0.109993 -8.45798e-21)
(0.345449 0.124473 1.81008e-21)
(0.399184 0.137136 3.96876e-21)
(0.448656 0.147878 -2.55666e-21)
(0.494035 0.156586 9.67062e-22)
(0.535707 0.163101 3.17122e-23)
(0.574224 0.166932 3.09098e-23)
(0.612355 0.166553 -1.17344e-22)
(-0.496921 0.048387 7.604e-20)
(-0.526737 0.00920056 -6.55014e-20)
(-0.53924 -0.0211641 -5.06401e-20)
(-0.536203 -0.0473907 5.51832e-20)
(-0.516968 -0.0685815 -1.92863e-20)
(-0.482338 -0.0845536 3.32989e-20)
(-0.434726 -0.09437 1.96942e-20)
(-0.377363 -0.0975252 -2.34725e-20)
(-0.313318 -0.0943286 -2.68936e-20)
(-0.24549 -0.0858729 1.95938e-31)
(-0.176358 -0.0733123 -1.50145e-31)
(-0.107539 -0.0577888 -1.13233e-31)
(-0.0402847 -0.0403253 0)
(0.024526 -0.0217754 8.40829e-21)
(0.0862994 -0.00280602 -6.40615e-21)
(0.144629 0.0160574 1.20553e-21)
(0.199258 0.0343872 7.18916e-22)
(0.249996 0.0517751 -3.96874e-22)
(0.296583 0.0676833 6.1231e-22)
(0.339095 0.081936 1.36812e-21)
(0.377636 0.094219 -5.00032e-22)
(0.412464 0.104026 -2.57103e-22)
(0.444283 0.110667 -2.07637e-22)
(0.476124 0.11365 3.45889e-22)
)
;

boundaryField
{
    rotor
    {
        type            movingWallVelocity;
        value           nonuniform List<vector> 
144
(
(2.4674e-05 0.0392699 0)
(3.45436e-05 0.0549779 0)
(4.44132e-05 0.0706858 -2.13821e-46)
(5.42828e-05 0.0863938 0)
(6.41524e-05 0.102102 1.06911e-46)
(7.4022e-05 0.11781 -3.20732e-46)
(-0.00102735 0.0313823 0)
(-0.00307765 0.0312479 0)
(-0.00511477 0.0309797 0)
(-0.00712999 0.0305789 4.98765e-24)
(-0.00911468 0.0300471 0)
(-0.0110603 0.0293866 0)
(-0.0129586 0.0286003 0)
(-0.0148014 0.0276915 0)
(-0.0165809 0.0266642 -9.97531e-24)
(-0.0182893 0.0255227 -9.97531e-24)
(-0.0199194 0.0242718 0)
(-0.0214642 0.0229171 9.97531e-24)
(-0.0229171 0.0214642 -9.97531e-24)
(-0.0242718 0.0199194 0)
(-0.0255227 0.0182893 -9.97531e-24)
(-0.0266642 0.0165809 -9.97531e-24)
(-0.0276915 0.0148014 0)
(-0.0286003 0.0129586 0)
(-0.0293866 0.0110603 -9.97531e-24)
(-0.0300471 0.00911468 4.98765e-24)
(-0.0305789 0.00712999 4.98765e-24)
(-0.0309797 0.00511477 -4.98765e-24)
(-0.0312479 0.00307765 0)
(-0.0313823 0.00102735 -6.23457e-25)
(-0.0392699 2.4674e-05 0)
(-0.0549779 3.45436e-05 -5.34553e-47)
(-0.0706858 4.44132e-05 0)
(-0.0863938 5.42828e-05 1.06911e-46)
(-0.102102 6.41524e-05 0)
(-0.11781 7.4022e-05 0)
(-0.0392699 2.4674e-05 0)
(-0.0549779 3.45436e-05 0)
(-0.0706858 4.44132e-05 2.13821e-46)
(-0.0863938 5.42828e-05 0)
(-0.102102 6.41524e-05 0)
(-0.11781 7.4022e-05 4.27642e-46)
(-0.0313823 -0.00102735 -6.23457e-25)
(-0.0312479 -0.00307765 0)
(-0.0309797 -0.00511477 0)
(-0.0305789 -0.00712999 4.98765e-24)
(-0.0300471 -0.00911468 0)
(-0.0293866 -0.0110603 0)
(-0.0286003 -0.0129586 0)
(-0.0276915 -0.0148014 0)
(-0.0266642 -0.0165809 -9.97531e-24)
(-0.0255227 -0.0182893 -9.97531e-24)
(-0.0242718 -0.0199194 0)
(-0.0229171 -0.0214642 9.97531e-24)
(-0.0214642 -0.0229171 -9.97531e-24)
(-0.0199194 -0.0242718 0)
(-0.0182893 -0.0255227 -9.97531e-24)
(-0.0165809 -0.0266642 -9.97531e-24)
(-0.0148014 -0.0276915 0)
(-0.0129586 -0.0286003 0)
(-0.0110603 -0.0293866 -9.97531e-24)
(-0.00911468 -0.0300471 4.98765e-24)
(-0.00712999 -0.0305789 4.98765e-24)
(-0.00511477 -0.0309797 -4.98765e-24)
(-0.00307765 -0.0312479 0)
(-0.00102735 -0.0313823 0)
(-2.4674e-05 -0.0392699 5.34553e-47)
(-3.45436e-05 -0.0549779 0)
(-4.44132e-05 -0.0706858 -2.13821e-46)
(-5.42828e-05 -0.0863938 0)
(-6.41524e-05 -0.102102 0)
(-7.4022e-05 -0.11781 0)
(-2.4674e-05 -0.0392699 0)
(-3.45436e-05 -0.0549779 0)
(-4.44132e-05 -0.0706858 -2.13821e-46)
(-5.42828e-05 -0.0863938 3.20732e-46)
(-6.41524e-05 -0.102102 -1.06911e-46)
(-7.4022e-05 -0.11781 0)
(0.00102735 -0.0313823 0)
(0.00307765 -0.0312479 0)
(0.00511477 -0.0309797 0)
(0.00712999 -0.0305789 4.98765e-24)
(0.00911468 -0.0300471 0)
(0.0110603 -0.0293866 0)
(0.0129586 -0.0286003 0)
(0.0148014 -0.0276915 0)
(0.0165809 -0.0266642 -9.97531e-24)
(0.0182893 -0.0255227 -9.97531e-24)
(0.0199194 -0.0242718 0)
(0.0214642 -0.0229171 9.97531e-24)
(0.0229171 -0.0214642 -9.97531e-24)
(0.0242718 -0.0199194 0)
(0.0255227 -0.0182893 -9.97531e-24)
(0.0266642 -0.0165809 -9.97531e-24)
(0.0276915 -0.0148014 0)
(0.0286003 -0.0129586 0)
(0.0293866 -0.0110603 -9.97531e-24)
(0.0300471 -0.00911468 4.98765e-24)
(0.0305789 -0.00712999 4.98765e-24)
(0.0309797 -0.00511477 -4.98765e-24)
(0.0312479 -0.00307765 0)
(0.0313823 -0.00102735 0)
(0.0392699 -2.4674e-05 0)
(0.0549779 -3.45436e-05 5.34553e-47)
(0.0706858 -4.44132e-05 -3.20732e-46)
(0.0863938 -5.42828e-05 1.06911e-46)
(0.102102 -6.41524e-05 0)
(0.11781 -7.4022e-05 0)
(0.0392699 -2.4674e-05 0)
(0.0549779 -3.45436e-05 -5.34553e-47)
(0.0706858 -4.44132e-05 2.13821e-46)
(0.0863938 -5.42828e-05 3.20732e-46)
(0.102102 -6.41524e-05 0)
(0.11781 -7.4022e-05 4.27642e-46)
(0.0313823 0.00102735 0)
(0.0312479 0.00307765 0)
(0.0309797 0.00511477 0)
(0.0305789 0.00712999 4.98765e-24)
(0.0300471 0.00911468 0)
(0.0293866 0.0110603 0)
(0.0286003 0.0129586 0)
(0.0276915 0.0148014 0)
(0.0266642 0.0165809 -9.97531e-24)
(0.0255227 0.0182893 -9.97531e-24)
(0.0242718 0.0199194 0)
(0.0229171 0.0214642 9.97531e-24)
(0.0214642 0.0229171 -9.97531e-24)
(0.0199194 0.0242718 0)
(0.0182893 0.0255227 -9.97531e-24)
(0.0165809 0.0266642 -9.97531e-24)
(0.0148014 0.0276915 0)
(0.0129586 0.0286003 0)
(0.0110603 0.0293866 -9.97531e-24)
(0.00911468 0.0300471 4.98765e-24)
(0.00712999 0.0305789 4.98765e-24)
(0.00511477 0.0309797 -4.98765e-24)
(0.00307765 0.0312479 0)
(0.00102735 0.0313823 0)
(2.4674e-05 0.0392699 -5.34553e-47)
(3.45436e-05 0.0549779 0)
(4.44132e-05 0.0706858 0)
(5.42828e-05 0.0863938 0)
(6.41524e-05 0.102102 0)
(7.4022e-05 0.11781 0)
)
;
    }
    freestream
    {
        type            freestreamVelocity;
        freestreamValue uniform (1 0 0);
        value           nonuniform List<vector> 
96
(
(0.409763 0.0699659 3.88748e-22)
(0.402148 0.03376 6.28006e-22)
(0.467 0.000284525 -6.22513e-22)
(0.595414 -0.0197194 -1.0931e-21)
(0.76383 -0.0283284 2.45698e-21)
(0.947866 -0.0222566 -8.72405e-21)
(1.12581 -0.0108106 -3.01703e-21)
(1.21423 -0.00793141 5.34765e-21)
(1.23058 -0.0125659 -3.10681e-21)
(1.22353 -0.0197747 0)
(1.20295 -0.0224384 0)
(1.17913 -0.019557 -1.48628e-20)
(1.15654 -0.0130009 -2.17842e-20)
(1.13605 -0.00543209 0)
(1.11831 0.00249719 0)
(1.10255 0.00993521 -8.17027e-21)
(1.08824 0.0162207 6.30894e-20)
(1.07549 0.0214511 -1.068e-20)
(1.06405 0.0256373 0)
(1.0538 0.0287765 7.9452e-21)
(1.04466 0.0309824 2.64661e-20)
(1.03658 0.0324364 0)
(1.02957 0.0333882 -2.61931e-21)
(1.02355 0.0341305 -1.80737e-25)
(1.01752 0.0351325 -5.78969e-21)
(1.01242 0.037801 6.38123e-21)
(1.00724 0.0341566 -5.97121e-21)
(1.00401 0.0295262 -1.20883e-20)
(1.00144 0.0248876 2.26927e-20)
(0.999616 0.0205409 -5.41441e-20)
(0.998426 0.0166161 -2.12968e-20)
(0.99776 0.0131713 -1.79483e-20)
(0.997497 0.0102224 -1.77048e-20)
(0.997521 0.00775837 0)
(0.997734 0.00574852 0)
(0.998054 0.0041494 -5.39487e-20)
(0.998417 0.00290999 -8.79391e-20)
(0.998778 0.00197608 0)
(0.999106 0.00129377 0)
(0.999383 0.000812066 -2.5759e-20)
(0.999601 0.000484489 4.85414e-20)
(0.999759 0.000270293 -4.19337e-21)
(0.999864 0.00013623 0)
(0.999935 6.20546e-05 1.06332e-21)
(0.999975 2.49856e-05 1.94258e-21)
(0.999993 7.85796e-06 0)
(0.999999 1.49678e-06 -2.99949e-23)
(1 4.72237e-08 3.33266e-24)
(1 -6.14374e-08 0)
(0.999999 -1.6086e-06 5.97281e-23)
(0.999994 -8.09082e-06 -1.65914e-22)
(0.999976 -2.5221e-05 -6.40955e-22)
(0.999936 -6.21105e-05 2.10806e-21)
(0.999867 -0.000135644 -7.72997e-21)
(0.999763 -0.000267832 -4.16606e-21)
(0.999606 -0.000478299 -9.71161e-21)
(0.999389 -0.00080173 -7.00315e-21)
(0.999113 -0.00127875 0)
(0.998786 -0.00195677 0)
(0.998426 -0.00288855 -4.70779e-20)
(0.998066 -0.00413085 -9.8954e-20)
(0.997754 -0.00574199 0)
(0.997558 -0.00777831 0)
(0.997563 -0.0102897 -5.5402e-20)
(0.997873 -0.0133135 1.55303e-19)
(0.998606 -0.0168673 -2.1486e-20)
(0.999885 -0.0209388 0)
(1.00183 -0.0254699 1.11606e-20)
(1.00454 -0.0303246 3.49385e-20)
(1.00808 -0.0351723 0)
(1.01332 -0.0390356 -3.07796e-21)
(1.02087 -0.0400434 6.10448e-21)
(1.02784 -0.0390426 -8.19981e-21)
(1.03523 -0.0376372 4.70233e-21)
(1.04363 -0.0356639 -4.91077e-21)
(1.0531 -0.0326546 -7.52006e-21)
(1.06354 -0.0282476 1.44312e-20)
(1.07487 -0.0221504 -3.27592e-20)
(1.087 -0.0140801 -9.27615e-21)
(1.09985 -0.00376297 8.17301e-21)
(1.11336 0.00906165 -7.71844e-21)
(1.12743 0.0246339 0)
(1.14195 0.0431511 0)
(1.1568 0.0647294 -4.3728e-21)
(1.1718 0.0893769 -8.43022e-23)
(1.18642 0.116877 0)
(1.19929 0.146628 0)
(1.20769 0.177489 1.51464e-22)
(1.20627 0.207261 -5.24014e-21)
(1.18658 0.232554 1.1479e-23)
(1.13817 0.248904 0)
(1.05272 0.2514 3.66839e-22)
(0.929798 0.236562 1.24085e-23)
(0.780548 0.204889 0)
(0.624594 0.161294 -1.13639e-22)
(0.485132 0.111696 3.39942e-22)
)
;
    }
    frontAndBack
    {
        type            empty;
    }
}


// ************************************************************************* //
