/*--------------------------------*- C++ -*----------------------------------*\
  =========                 |
  \\      /  F ield         | OpenFOAM: The Open Source CFD Toolbox
   \\    /   O peration     | Website:  https://openfoam.org
    \\  /    A nd           | Version:  11
     \\/     M anipulation  |
\*---------------------------------------------------------------------------*/
FoamFile
{
    format      ascii;
    class       volVectorField;
    location    "1.76";
    object      U;
}
// * * * * * * * * * * * * * * * * * * * * * * * * * * * * * * * * * * * * * //

dimensions      [0 1 -1 0 0 0 0];

internalField   nonuniform List<vector> 
2880
(
(-0.0416326 -0.0485698 -4.18085e-20)
(-0.045362 -0.03583 4.86969e-19)
(-0.0466464 0.0725376 2.38136e-20)
(-0.0779501 0.293587 1.15373e-19)
(0.00488745 0.453671 3.20611e-20)
(-0.000287484 1.10116 0)
(-0.0435022 -0.0464572 -3.76572e-20)
(-0.0310302 0.00772041 5.40737e-19)
(-0.0111224 0.143328 -4.39363e-20)
(-0.00907962 0.347811 -2.18249e-19)
(0.0605609 0.556829 -5.76067e-20)
(0.19334 0.926423 3.25334e-19)
(-0.0427826 -0.0380495 -1.03557e-18)
(-0.0141112 0.0407452 -1.69107e-18)
(0.0251961 0.186512 -8.06225e-20)
(0.0560039 0.379523 5.86519e-19)
(0.152958 0.595032 0)
(0.301945 0.853415 -6.70083e-19)
(-0.0420653 -0.0299995 1.06957e-18)
(0.00391624 0.0678128 7.49676e-19)
(0.0610374 0.217878 0)
(0.116274 0.400482 -1.11476e-18)
(0.2262 0.599067 5.84507e-19)
(0.377498 0.792436 -8.17279e-20)
(-0.0403149 -0.020071 3.56421e-20)
(0.0220362 0.0903474 1.4431e-18)
(0.0944773 0.240518 7.45086e-20)
(0.16869 0.412004 4.82717e-19)
(0.284414 0.586087 -3.82667e-19)
(0.429644 0.729819 2.89914e-19)
(-0.0358808 -0.00748504 0)
(0.0393725 0.106905 -1.50615e-18)
(0.124616 0.255129 -1.16042e-18)
(0.212563 0.41501 0)
(0.329842 0.563769 -7.52256e-19)
(0.465153 0.669731 5.8317e-19)
(-0.0315233 0.00114276 -7.63047e-20)
(0.0555035 0.117568 1.52644e-18)
(0.151314 0.262662 2.4389e-18)
(0.249036 0.410827 -1.18126e-19)
(0.364741 0.536154 9.23196e-19)
(0.488865 0.614816 -7.27277e-19)
(-0.0262532 0.00578554 2.39321e-18)
(0.0702514 0.123142 -1.3756e-18)
(0.174596 0.264375 -7.42575e-20)
(0.279213 0.400894 0)
(0.391277 0.506106 7.38078e-19)
(0.504649 0.564532 0)
(-0.0199759 0.00724275 -2.42821e-18)
(0.0834601 0.12459 0)
(0.19455 0.261427 -1.13941e-18)
(0.303844 0.386795 0)
(0.411269 0.475163 -9.09101e-19)
(0.514852 0.518207 2.86054e-19)
(-0.0134185 0.0061001 3.78587e-20)
(0.09489 0.122772 1.3551e-18)
(0.211254 0.25474 -6.89202e-20)
(0.32345 0.369924 4.384e-21)
(0.426095 0.444106 -6.35682e-19)
(0.521034 0.47515 -1.37145e-19)
(-0.00722197 0.00293559 -2.30491e-18)
(0.104245 0.1184 -1.44449e-18)
(0.224745 0.245046 -2.12959e-19)
(0.33858 0.351147 1.04298e-18)
(0.436762 0.413345 9.01918e-19)
(0.524312 0.434788 -1.47817e-19)
(-0.00188535 -0.00168299 5.02222e-18)
(0.111248 0.111991 -1.79895e-19)
(0.235001 0.232905 2.14068e-19)
(0.349789 0.330903 -8.19585e-19)
(0.444064 0.383031 3.64885e-19)
(0.525431 0.396643 7.20322e-19)
(0.00218901 -0.00726488 -2.37823e-18)
(0.115674 0.103893 0)
(0.24196 0.218687 0)
(0.357536 0.309407 -9.3499e-19)
(0.448603 0.353185 -7.26671e-19)
(0.524869 0.360243 -1.14464e-18)
(0.0046478 -0.0134848 0)
(0.117308 0.0943293 -1.36367e-18)
(0.245554 0.202591 -1.24127e-18)
(0.362113 0.286766 -1.10667e-21)
(0.450849 0.32375 -7.32917e-19)
(0.523009 0.325178 5.73265e-19)
(0.00533709 -0.0199437 2.48855e-18)
(0.115912 0.0834248 1.42377e-18)
(0.245687 0.184679 -1.46476e-19)
(0.363692 0.26295 2.14779e-18)
(0.451155 0.294614 1.3829e-18)
(0.520152 0.291082 1.40224e-19)
(0.0042424 -0.0261151 -2.35313e-21)
(0.111265 0.0712639 -1.4865e-18)
(0.242236 0.164928 2.39618e-18)
(0.362281 0.23785 -1.93943e-18)
(0.449759 0.265564 3.26065e-21)
(0.516544 0.257616 0)
(0.00134072 -0.0314673 -4.7306e-18)
(0.103128 0.0579148 1.46469e-18)
(0.235008 0.143237 -1.21748e-18)
(0.357734 0.211274 -2.29708e-21)
(0.446778 0.236351 -7.61502e-19)
(0.512396 0.224455 0)
(-0.00459655 -0.0391856 4.50304e-18)
(0.0911151 0.0434312 1.54095e-18)
(0.22376 0.119458 -7.69465e-20)
(0.349659 0.182866 6.11809e-20)
(0.442181 0.206614 -9.53114e-20)
(0.50794 0.191262 -6.8533e-20)
(-0.0119246 -0.0424138 -1.97095e-18)
(0.0750389 0.0275686 -1.47769e-18)
(0.208199 0.0934287 5.5534e-19)
(0.337388 0.152183 9.0516e-19)
(0.435702 0.175766 2.00972e-19)
(0.50341 0.157674 -3.90827e-19)
(-0.0194479 -0.0447688 0)
(0.0569651 0.0104118 -5.06121e-20)
(0.18804 0.0651879 -6.10931e-19)
(0.319893 0.118689 6.5505e-20)
(0.42663 0.143002 -5.32178e-20)
(0.499068 0.123258 2.42771e-19)
(-0.0259617 -0.0474159 -4.78264e-19)
(0.0369347 -0.00756001 0)
(0.162653 0.0350355 3.3574e-19)
(0.2956 0.0820273 3.41136e-19)
(0.413317 0.107148 -5.55134e-20)
(0.495207 0.0873873 8.03022e-20)
(-0.0305843 -0.0485715 2.58375e-19)
(0.0150662 -0.0249586 0)
(0.130642 0.003692 -3.48426e-19)
(0.261813 0.0422188 -1.41463e-19)
(0.392035 0.0664613 0)
(0.492038 0.0488502 0)
(-0.0344738 -0.0484545 3.08214e-19)
(-0.00849837 -0.0410909 -2.14674e-20)
(0.0887641 -0.0273323 -1.12485e-20)
(0.212453 -0.00159042 -1.28124e-19)
(0.354015 0.0166108 0)
(0.489369 0.00188157 0)
(-0.0304909 -0.044411 -3.22577e-19)
(-0.0282326 -0.0530005 2.47735e-19)
(0.0300466 -0.0584517 1.15615e-20)
(0.13434 -0.0543311 -1.88907e-20)
(0.283884 -0.0447581 0)
(0.482615 -0.0367897 0)
(0.819683 1.24693 0)
(1.10835 0.945445 -3.7791e-21)
(1.21665 0.760607 4.5929e-21)
(1.25989 0.634426 -2.43859e-20)
(1.27617 0.534513 -4.12147e-21)
(1.28098 0.455851 8.94153e-21)
(1.28019 0.393132 -1.48316e-21)
(1.27609 0.342126 1.52875e-20)
(1.26975 0.299932 -7.83911e-21)
(1.26179 0.264538 1.59856e-20)
(1.2526 0.234503 -9.50273e-21)
(1.24242 0.208759 -1.57275e-20)
(1.2314 0.186493 -1.4212e-20)
(1.21958 0.167072 -7.75704e-21)
(1.20695 0.149995 1.35267e-20)
(1.19346 0.134862 6.26405e-21)
(1.179 0.121355 6.15905e-21)
(1.16343 0.109234 2.57602e-20)
(1.1466 0.0983284 -1.88926e-20)
(1.12829 0.088462 0)
(1.10831 0.0792479 0)
(1.08637 0.0704929 0)
(1.06131 0.064921 6.01884e-21)
(1.029 0.0804932 0)
(0.773959 1.05531 -2.14929e-19)
(1.03036 0.891532 1.38437e-20)
(1.13928 0.7403 0)
(1.19085 0.622764 2.4335e-20)
(1.21616 0.529154 -6.56468e-20)
(1.22881 0.454727 8.34905e-20)
(1.23441 0.39488 2.94419e-20)
(1.2355 0.345839 0)
(1.23346 0.304974 -2.44021e-20)
(1.22912 0.270455 -1.90959e-20)
(1.22304 0.240962 5.35735e-20)
(1.21557 0.21551 -1.85782e-20)
(1.20692 0.193342 -2.08341e-21)
(1.19721 0.173862 -3.19404e-20)
(1.18648 0.156595 0)
(1.1747 0.141158 0)
(1.16182 0.127241 0)
(1.14774 0.114604 -2.95901e-20)
(1.13232 0.103056 -2.87583e-20)
(1.11542 0.0923206 0)
(1.09686 0.0818411 0)
(1.07622 0.0717615 -2.68996e-20)
(1.05135 0.0668645 0)
(1.01843 0.0790341 3.13796e-20)
(0.72112 0.966331 2.7798e-19)
(0.961557 0.842112 -8.8303e-21)
(1.06983 0.708281 -2.86742e-20)
(1.12735 0.601669 0)
(1.16031 0.516355 6.44273e-20)
(1.17976 0.447603 -5.71885e-20)
(1.19096 0.391539 -5.18289e-20)
(1.19666 0.345067 4.81908e-21)
(1.1985 0.305971 9.30741e-20)
(1.19749 0.272665 0)
(1.1943 0.24398 0)
(1.18938 0.219027 0)
(1.183 0.197112 3.5569e-20)
(1.17532 0.177679 1.10413e-19)
(1.16642 0.160281 -6.89435e-20)
(1.15632 0.144547 0)
(1.14499 0.130173 -3.35e-20)
(1.13235 0.116917 2.96641e-20)
(1.1183 0.104571 2.88737e-20)
(1.10272 0.0927968 5.83558e-20)
(1.08549 0.081003 -1.1409e-19)
(1.06604 0.0697285 5.37945e-20)
(1.04194 0.0648747 -1.1843e-19)
(1.01147 0.0743292 1.15765e-19)
(0.691328 0.870799 5.91431e-20)
(0.901293 0.777693 -5.04653e-20)
(1.00862 0.666912 0)
(1.07097 0.574219 0)
(1.10975 0.498214 9.68548e-20)
(1.13454 0.435718 0)
(1.15033 0.383889 -1.40154e-19)
(1.15998 0.340359 -5.50922e-20)
(1.16523 0.303343 5.63051e-20)
(1.16721 0.271511 5.10851e-20)
(1.16666 0.243852 -9.83562e-20)
(1.1641 0.219579 -4.70432e-20)
(1.15983 0.198065 8.40792e-20)
(1.15407 0.178802 -1.59662e-19)
(1.14691 0.16137 -3.97493e-20)
(1.1384 0.145419 0)
(1.12855 0.130663 3.3552e-20)
(1.11729 0.116873 -3.51826e-20)
(1.10456 0.103848 0)
(1.09027 0.0912474 -1.26645e-19)
(1.07436 0.0785155 1.23692e-19)
(1.05619 0.0664537 -2.26044e-21)
(1.03314 0.061373 1.26668e-19)
(1.00509 0.0685466 -1.2305e-19)
(0.673206 0.783562 -6.03948e-19)
(0.854218 0.712822 -3.30399e-19)
(0.957532 0.622581 -8.28506e-20)
(1.02207 0.543258 2.61847e-19)
(1.06463 0.476316 -1.45071e-19)
(1.09335 0.420091 4.53929e-20)
(1.11279 0.372658 -1.66552e-19)
(1.12572 0.332274 -7.50667e-20)
(1.13391 0.297542 0)
(1.13851 0.267375 1.13167e-19)
(1.14034 0.240916 4.85077e-20)
(1.13991 0.217481 5.06006e-20)
(1.13759 0.196513 0)
(1.1336 0.177551 4.17096e-20)
(1.12808 0.160211 1.22428e-19)
(1.12109 0.144174 2.8766e-21)
(1.11265 0.129175 -1.51893e-19)
(1.10275 0.11501 -4.0219e-20)
(1.09133 0.101501 2.10248e-19)
(1.07838 0.0883248 -1.37859e-19)
(1.06389 0.0749762 0)
(1.0472 0.0624128 -1.03427e-19)
(1.02546 0.0570092 6.18054e-20)
(0.999733 0.0622809 6.72304e-20)
(0.660476 0.706426 5.9296e-19)
(0.817099 0.651207 5.20574e-19)
(0.914954 0.577759 -9.08674e-20)
(0.979886 0.510345 -3.23249e-19)
(1.0247 0.451806 5.92867e-20)
(1.0562 0.401601 -9.47433e-20)
(1.07845 0.358532 4.26329e-19)
(1.09405 0.321363 1.43795e-19)
(1.10471 0.289028 -1.34775e-19)
(1.11159 0.260653 1.26283e-19)
(1.11551 0.235527 1.13905e-19)
(1.117 0.213061 -2.10021e-19)
(1.11645 0.19277 0)
(1.11409 0.174242 9.39533e-20)
(1.11008 0.157133 2.77772e-21)
(1.10452 0.141155 -1.70973e-19)
(1.09745 0.126074 0)
(1.08888 0.111716 -1.63176e-19)
(1.07879 0.09793 1.48308e-19)
(1.06722 0.084422 0)
(1.05424 0.0707373 -7.40053e-20)
(1.03915 0.0579253 0)
(1.01887 0.0522091 2.87811e-19)
(0.995423 0.0558355 -2.04758e-19)
(0.650717 0.638446 6.44772e-19)
(0.787576 0.594056 -4.78772e-19)
(0.879536 0.533868 -8.6464e-20)
(0.94365 0.476614 7.74202e-20)
(0.989584 0.425602 -2.545e-19)
(1.02295 0.380998 -2.18172e-19)
(1.0473 0.342129 -3.6691e-19)
(1.06502 0.308143 -1.69513e-19)
(1.07773 0.27824 -2.97865e-19)
(1.08655 0.25173 1.36258e-19)
(1.09229 0.228029 -5.41573e-21)
(1.09548 0.206639 -2.29711e-19)
(1.09652 0.187139 2.19151e-19)
(1.09566 0.16917 0)
(1.09307 0.152426 9.84606e-20)
(1.08886 0.136655 -2.78407e-19)
(1.0831 0.121653 1.76773e-19)
(1.07583 0.107281 8.22119e-20)
(1.06707 0.0934183 -1.68386e-19)
(1.05691 0.0798033 3.17196e-19)
(1.04549 0.0660348 -3.12811e-19)
(1.03206 0.0532053 1.50496e-19)
(1.01334 0.0472231 -7.42583e-20)
(0.992151 0.0494149 -1.36532e-19)
(0.642515 0.578371 -1.32596e-19)
(0.763714 0.541464 7.17815e-19)
(0.849946 0.491559 -1.92368e-19)
(0.912552 0.442778 -6.79513e-20)
(0.958822 0.398374 2.61273e-19)
(0.993352 0.358884 4.53602e-19)
(1.01924 0.323975 4.92079e-19)
(1.03861 0.293071 1.68358e-19)
(1.05299 0.265582 1.51781e-19)
(1.06346 0.240966 -2.88679e-19)
(1.07076 0.218749 2.60788e-19)
(1.07546 0.198516 0)
(1.07792 0.179905 6.7672e-21)
(1.07842 0.162605 1.10918e-19)
(1.07713 0.146351 -2.039e-19)
(1.0742 0.130924 1.02294e-19)
(1.0697 0.116155 1.43369e-21)
(1.06371 0.10194 1.21844e-21)
(1.05627 0.0881893 2.60491e-19)
(1.04754 0.0746765 -1.68443e-19)
(1.03768 0.0610546 4.87872e-19)
(1.02592 0.0484159 -6.47987e-19)
(1.00884 0.0422233 3.1593e-19)
(0.989851 0.0431665 -3.0367e-19)
(0.635135 0.524627 -7.35323e-19)
(0.74405 0.492953 5.07099e-19)
(0.82506 0.451007 -9.48373e-20)
(0.88585 0.409246 2.41623e-19)
(0.931951 0.370597 -1.42283e-19)
(0.967147 0.335727 -1.14096e-19)
(0.994111 0.304505 -9.4999e-20)
(1.01476 0.276545 -1.80633e-19)
(1.0305 0.251413 1.69056e-19)
(1.04232 0.228688 4.5111e-19)
(1.05098 0.207989 -4.21283e-19)
(1.05698 0.188972 2.63126e-19)
(1.06071 0.17133 -1.17767e-19)
(1.06244 0.154797 5.8567e-21)
(1.06237 0.139145 0)
(1.06063 0.124189 1.05557e-19)
(1.05733 0.109798 -1.03665e-19)
(1.05258 0.0958994 -1.35743e-21)
(1.04645 0.0824374 -9.11714e-20)
(1.03912 0.0692194 1.78652e-19)
(1.03081 0.0559507 -1.78373e-19)
(1.02067 0.0436835 0)
(1.00526 0.0373369 -2.50821e-19)
(0.988422 0.0372055 4.85136e-19)
(0.628241 0.475844 -5.78967e-19)
(0.727554 0.447902 -1.01792e-18)
(0.803996 0.41216 -9.78018e-20)
(0.862904 0.376234 8.78156e-20)
(0.908542 0.342594 -4.27851e-19)
(0.944053 0.311884 7.05129e-21)
(0.971755 0.284073 -3.20301e-19)
(0.993373 0.2589 1.89018e-19)
(1.01019 0.236046 -6.03697e-21)
(1.02314 0.215189 -1.53812e-19)
(1.03294 0.196022 1.42515e-19)
(1.04008 0.178263 -1.28342e-19)
(1.04494 0.161656 1.28484e-19)
(1.04779 0.145973 -1.17435e-19)
(1.04882 0.131024 0)
(1.0482 0.116658 1.11801e-19)
(1.04605 0.102778 1.02725e-19)
(1.04249 0.0893452 -9.85056e-20)
(1.03762 0.0763336 5.73541e-21)
(1.03165 0.0635839 1.89838e-19)
(1.02481 0.0508484 1.82676e-19)
(1.01624 0.0391022 -3.63237e-19)
(1.00252 0.0326583 7.03977e-19)
(0.987751 0.0316212 1.81191e-20)
(0.621633 0.430888 -1.68242e-19)
(0.713502 0.405691 5.24092e-19)
(0.786079 0.374853 1.09249e-19)
(0.843193 0.343833 0)
(0.888218 0.314578 1.45459e-19)
(0.923806 0.28762 1.3111e-19)
(0.951989 0.26296 2.195e-19)
(0.974323 0.240416 1.96468e-19)
(0.991989 0.219753 -6.2287e-21)
(1.00587 0.200725 -4.92616e-19)
(1.01664 0.183091 3.09632e-19)
(1.02477 0.16662 -2.83368e-19)
(1.03062 0.151101 3.99946e-19)
(1.03447 0.136342 -1.25549e-19)
(1.03652 0.122186 0)
(1.03694 0.108517 -2.29535e-19)
(1.03587 0.0952714 1.12528e-19)
(1.03344 0.0824412 -1.04255e-19)
(1.02978 0.0700259 -1.00659e-19)
(1.0251 0.0578954 0)
(1.01965 0.0458422 3.90149e-21)
(1.01254 0.0347354 -3.7946e-19)
(1.00051 0.0282549 7.3242e-19)
(0.987717 0.026479 -3.40675e-19)
(0.615212 0.388864 -7.71776e-21)
(0.701414 0.365735 0)
(0.770807 0.338883 6.32379e-19)
(0.826301 0.31206 -5.40741e-19)
(0.870658 0.286685 -3.04794e-19)
(0.906168 0.263132 -1.27692e-19)
(0.934638 0.241391 -3.42097e-19)
(0.95749 0.221326 2.11263e-19)
(0.975819 0.202765 0)
(0.990457 0.185522 1.73877e-19)
(1.00203 0.169413 -3.15976e-19)
(1.01101 0.154251 2.94579e-19)
(1.01774 0.139862 -1.36094e-19)
(1.02249 0.12609 1.32073e-19)
(1.02547 0.112809 1.24369e-19)
(1.02685 0.0999344 -6.54844e-21)
(1.02679 0.0874353 -2.27762e-19)
(1.02542 0.0753303 3.34847e-19)
(1.02288 0.0636377 -3.246e-19)
(1.01942 0.052252 -3.07793e-19)
(1.01523 0.0409983 6.02142e-19)
(1.00948 0.0306207 -3.89219e-19)
(0.999108 0.0241729 -4.73052e-19)
(0.988197 0.0218237 6.52903e-19)
(0.608982 0.349046 6.70369e-19)
(0.690973 0.327533 5.32553e-19)
(0.757818 0.304037 -3.2212e-19)
(0.811907 0.280886 8.78643e-20)
(0.855599 0.258999 4.62426e-19)
(0.890929 0.238568 -1.30823e-19)
(0.919542 0.219545 3.55235e-19)
(0.942752 0.201822 0)
(0.961585 0.185276 0)
(0.976829 0.169775 -3.52868e-19)
(0.989078 0.155176 1.60883e-19)
(0.998782 0.141336 -1.50181e-19)
(1.00628 0.128115 0)
(1.01183 0.115385 -1.32675e-19)
(1.01564 0.103051 3.92643e-19)
(1.0179 0.0910584 -2.54637e-19)
(1.01877 0.0794054 3.70668e-21)
(1.01838 0.0681314 3.59343e-21)
(1.01689 0.0572669 4.45445e-19)
(1.01453 0.0467251 -3.21749e-19)
(1.01149 0.0363579 2.07568e-19)
(1.00698 0.0267759 -3.05641e-19)
(0.998217 0.0204405 7.79636e-19)
(0.989073 0.0176809 4.88802e-20)
(0.60297 0.310809 0)
(0.681987 0.290653 -9.38485e-19)
(0.746864 0.270108 4.29133e-19)
(0.799772 0.250266 -2.71368e-19)
(0.842827 0.231574 -3.05886e-19)
(0.877911 0.214038 2.73861e-19)
(0.906552 0.197565 -1.24042e-19)
(0.929988 0.182065 0)
(0.949192 0.167456 -3.94578e-19)
(0.964911 0.15365 6.63261e-22)
(0.977713 0.140546 3.36672e-19)
(0.98803 0.128037 -1.58909e-19)
(0.996189 0.116011 0)
(1.00245 0.104371 -1.38885e-19)
(1.00701 0.0930481 -4.04032e-19)
(1.01006 0.0820152 2.60462e-19)
(1.01178 0.0712942 2.52878e-19)
(1.01228 0.0609393 -5.43766e-22)
(1.01174 0.0509861 -3.4529e-19)
(1.01037 0.0413625 2.21998e-19)
(1.00834 0.0319424 -3.2098e-19)
(1.00494 0.0232043 -1.02765e-19)
(0.997733 0.0170713 -5.03676e-19)
(0.990236 0.014059 2.7753e-19)
(0.597234 0.273611 -8.92003e-20)
(0.674363 0.254715 5.35317e-19)
(0.737791 0.236907 -4.36374e-19)
(0.789728 0.220145 0)
(0.83218 0.204445 4.78624e-19)
(0.866963 0.189632 2.78188e-19)
(0.895536 0.175571 2.43198e-19)
(0.919087 0.162189 1.051e-19)
(0.938544 0.149445 1.98106e-19)
(0.954624 0.137291 1.79777e-19)
(0.967869 0.125664 -3.45058e-19)
(0.978695 0.114489 1.63068e-19)
(0.987419 0.103683 0)
(0.99429 0.0931741 -4.34677e-19)
(0.999517 0.0829168 -1.42528e-22)
(1.00328 0.072909 1.53119e-21)
(1.00575 0.0631909 -2.55872e-19)
(1.00706 0.0538244 2.43039e-19)
(1.00736 0.044845 -1.18238e-19)
(1.00686 0.0361924 1.15823e-19)
(1.00573 0.0277593 -1.11735e-19)
(1.00331 0.0199009 1.08383e-19)
(0.997565 0.0140672 2.05766e-19)
(0.99158 0.0109503 0)
(0.591872 0.23696 0)
(0.668095 0.219388 0)
(0.730527 0.204269 0)
(0.781666 0.190481 1.80696e-19)
(0.823532 0.177645 -4.83326e-19)
(0.857961 0.165429 0)
(0.886378 0.153666 3.22664e-21)
(0.909942 0.142311 0)
(0.929549 0.131365 -1.06719e-21)
(0.945885 0.120821 1.86312e-19)
(0.959473 0.110651 0)
(0.970711 0.100811 0)
(0.979907 0.0912425 0)
(0.987304 0.081897 -1.48452e-19)
(0.993105 0.0727512 4.26863e-19)
(0.997491 0.0638219 5.45041e-19)
(1.00062 0.0551618 -1.26461e-21)
(1.00264 0.0468347 2.5282e-19)
(1.00369 0.0388731 -2.43526e-19)
(1.00395 0.0312269 1.18225e-19)
(1.00357 0.0238062 -6.28226e-22)
(1.00202 0.0168563 2.24648e-21)
(0.99762 0.0114212 3.15305e-19)
(0.993007 0.00832853 7.27344e-20)
(0.587036 0.20039 8.32059e-20)
(0.663265 0.184383 -7.47882e-19)
(0.725071 0.172067 -3.2951e-19)
(0.775532 0.161252 3.74707e-19)
(0.816793 0.151219 -3.23446e-19)
(0.850797 0.141504 2.84595e-19)
(0.878969 0.131942 -1.21922e-19)
(0.902451 0.122532 2.29022e-19)
(0.922111 0.11332 -3.12013e-19)
(0.938611 0.104343 7.25984e-21)
(0.952449 0.0956093 3.58655e-19)
(0.96401 0.0870992 -1.6748e-19)
(0.973589 0.0787807 1.60534e-19)
(0.981423 0.0706247 -1.50965e-19)
(0.987711 0.062626 1.46158e-19)
(0.992628 0.0548155 -2.79012e-19)
(0.99633 0.0472524 -4.00796e-19)
(0.998957 0.0399984 1.3125e-19)
(1.00064 0.0330817 1.23303e-19)
(1.00156 0.0264626 0)
(1.00183 0.0200689 -1.14466e-19)
(1.00101 0.0140551 1.1381e-19)
(0.997802 0.00911964 5.82941e-22)
(0.994404 0.00614219 -2.88821e-19)
(0.58297 0.163435 -1.7367e-19)
(0.660048 0.14945 8.82335e-19)
(0.721486 0.140212 4.38216e-19)
(0.771304 0.132478 -4.72077e-19)
(0.811887 0.125227 4.85897e-19)
(0.845374 0.117937 -2.8478e-19)
(0.873207 0.110487 -2.54368e-19)
(0.896515 0.10294 -1.13797e-19)
(0.916141 0.0953997 1.07259e-19)
(0.932717 0.0879464 -1.93926e-19)
(0.946721 0.0806216 1.80088e-19)
(0.958519 0.0734335 -3.4226e-19)
(0.968397 0.0663711 -1.60923e-19)
(0.976582 0.0594229 2.33074e-19)
(0.983268 0.0525976 0)
(0.988623 0.0459342 1.41136e-19)
(0.992798 0.0394934 6.87486e-20)
(0.99593 0.0333318 6.61523e-20)
(0.998152 0.0274743 0)
(0.999619 0.0218934 0)
(1.00043 0.0165386 2.35105e-19)
(1.00023 0.0115118 -4.55585e-19)
(0.998117 0.00726339 -3.16428e-22)
(0.995625 0.00429707 1.971e-19)
(0.580063 0.125614 2.68267e-19)
(0.65874 0.11441 4.6732e-21)
(0.719883 0.108691 5.8172e-20)
(0.768969 0.104229 0)
(0.808746 0.0997595 8.70621e-24)
(0.841594 0.0948163 -1.40761e-19)
(0.868986 0.0893833 1.28843e-19)
(0.892033 0.0836134 -1.18454e-19)
(0.911544 0.0776771 -1.06813e-19)
(0.928119 0.0716997 0)
(0.942212 0.0657547 9.00242e-20)
(0.95417 0.059875 -8.77661e-20)
(0.964266 0.0540689 0)
(0.972721 0.0483397 -2.33722e-19)
(0.979718 0.0427053 1.39905e-21)
(0.985418 0.0372076 1.44822e-19)
(0.989969 0.0319038 -2.76785e-19)
(0.993502 0.0268439 6.74748e-20)
(0.996148 0.0220498 -2.56132e-19)
(0.998049 0.0175048 4.94377e-19)
(0.999289 0.0131753 -2.9843e-19)
(0.999628 0.00912722 -2.30773e-19)
(0.998498 0.00565742 3.90495e-19)
(0.996827 0.00284597 -2.01042e-19)
(0.578934 0.0864072 1.33123e-19)
(0.659759 0.0791956 -4.16395e-19)
(0.720413 0.077603 2.81003e-19)
(0.76851 0.0766347 0)
(0.807283 0.0749318 7.91526e-20)
(0.839346 0.0722355 -7.35296e-20)
(0.866194 0.0687062 -9.60883e-23)
(0.8889 0.0646173 0)
(0.908226 0.0602111 1.07038e-19)
(0.924732 0.0556568 -9.93999e-20)
(0.938845 0.0510571 9.24053e-20)
(0.950893 0.0464667 -8.70065e-20)
(0.961136 0.0419105 0)
(0.969783 0.0374036 7.93257e-20)
(0.97701 0.0329688 7.60664e-20)
(0.982972 0.0286457 0)
(0.987807 0.024484 6.97633e-20)
(0.991646 0.0205247 -2.02014e-19)
(0.994614 0.0167868 1.2995e-19)
(0.996841 0.0132601 0)
(0.998405 0.00991943 5.9877e-20)
(0.999178 0.00679406 0)
(0.998842 0.00406501 5.61523e-20)
(0.997998 0.00183013 -1.99548e-19)
(0.580538 0.0451425 -9.17999e-20)
(0.663626 0.0438777 1.03203e-19)
(0.723221 0.0471886 -3.36278e-19)
(0.76987 0.0498925 -4.48827e-20)
(0.807367 0.0508855 -1.62684e-19)
(0.83849 0.050287 -7.17334e-20)
(0.864703 0.0485201 1.30132e-19)
(0.887003 0.0460009 5.96449e-20)
(0.906087 0.043043 0)
(0.922471 0.0398537 8.28506e-22)
(0.936547 0.03656 9.41546e-20)
(0.948624 0.0332341 0)
(0.958947 0.0299148 -4.17535e-20)
(0.967717 0.0266252 -7.94931e-20)
(0.975101 0.0233896 -7.62172e-20)
(0.981244 0.0202411 0)
(0.986282 0.0172184 0)
(0.990341 0.0143533 6.76566e-20)
(0.993543 0.0116618 0)
(0.996002 0.00914051 -1.25525e-19)
(0.997799 0.00677334 1.21313e-19)
(0.998891 0.00456977 -1.17062e-19)
(0.999138 0.00263142 1.41635e-19)
(0.998922 0.00106164 1.0087e-19)
(0.586306 0.000573834 2.21126e-20)
(0.67096 0.00872957 -5.33445e-20)
(0.728372 0.0178853 -2.87876e-20)
(0.772902 0.0242871 4.72524e-20)
(0.808804 0.0277699 -3.96452e-20)
(0.838853 0.029046 3.74868e-20)
(0.864368 0.0288662 -9.58493e-20)
(0.886222 0.0277912 5.05991e-22)
(0.905029 0.0261937 -8.03079e-20)
(0.92125 0.0243079 1.04415e-21)
(0.935243 0.0222773 9.35811e-20)
(0.947297 0.0201868 -4.44297e-20)
(0.957643 0.0180852 4.18215e-20)
(0.966471 0.0160014 -3.98217e-20)
(0.973942 0.0139574 3.85416e-20)
(0.980194 0.0119771 0)
(0.985356 0.010086 -7.06744e-20)
(0.989552 0.00830614 8.53645e-20)
(0.992899 0.00665085 0)
(0.995503 0.00512261 0)
(0.997443 0.00371523 1.52136e-20)
(0.998738 0.00243213 -5.87262e-20)
(0.99937 0.00132847 -7.09535e-20)
(0.999565 0.00048385 1.01825e-19)
(0.598404 -0.0498669 0)
(0.682479 -0.0253682 6.95527e-20)
(0.735721 -0.0095758 -1.33416e-20)
(0.777285 0.000149942 5.67615e-20)
(0.811316 0.00570029 9.86309e-21)
(0.840224 0.00854352 2.67587e-20)
(0.86503 0.00974741 3.23063e-20)
(0.886435 0.00998373 2.94015e-20)
(0.904953 0.00965766 4.03486e-20)
(0.920988 0.00901436 -1.26414e-20)
(0.934866 0.00820374 0)
(0.946855 0.00731779 -2.19096e-20)
(0.957172 0.00641179 2.10825e-20)
(0.966001 0.00551765 0)
(0.973493 0.00465354 -5.99288e-22)
(0.979782 0.00383177 5.75887e-22)
(0.984993 0.00306355 -1.71344e-20)
(0.989245 0.00236029 -3.398e-20)
(0.992652 0.00173233 3.33905e-20)
(0.995316 0.00118687 3.15483e-20)
(0.997315 0.00072772 -1.52736e-20)
(0.998704 0.000361576 -5.87135e-20)
(0.999517 0.000118025 1.42025e-20)
(0.999909 2.45156e-05 3.97538e-22)
(0.624667 -0.100265 0)
(0.698807 -0.0554336 0)
(0.744634 -0.0342353 0)
(0.782436 -0.0222682 4.66312e-20)
(0.814533 -0.0153 0)
(0.842368 -0.0112545 0)
(0.866528 -0.00887379 1.58407e-20)
(0.887523 -0.00745122 -1.48413e-20)
(0.905768 -0.00658679 0)
(0.921613 -0.00604386 0)
(0.935357 -0.00567595 1.16888e-20)
(0.947247 -0.00538938 1.1085e-20)
(0.957493 -0.00512493 0)
(0.966268 -0.00484905 0)
(0.973721 -0.0045483 5.99324e-22)
(0.97998 -0.00422267 1.77914e-20)
(0.985166 -0.00387646 1.71075e-20)
(0.989395 -0.00351013 1.6985e-20)
(0.992781 -0.00311746 3.2178e-20)
(0.995421 -0.00268748 1.57049e-20)
(0.997398 -0.00220641 -3.04354e-20)
(0.998769 -0.00166025 2.93416e-20)
(0.999577 -0.00104775 -1.42234e-20)
(0.99994 -0.000387642 -3.97531e-22)
(0.0364222 -0.036225 -2.8256e-19)
(0.162969 -0.0635341 3.81229e-19)
(0.372316 -0.0768224 1.34831e-19)
(0.492016 -0.0860075 1.85893e-19)
(0.596166 -0.0939914 6.3841e-20)
(0.682447 -0.118343 3.34951e-20)
(0.100224 -0.0666062 -2.8233e-20)
(0.264687 -0.0960146 4.16888e-19)
(0.448137 -0.10417 -3.32466e-20)
(0.542705 -0.110718 -1.52524e-19)
(0.628943 -0.111781 -4.13216e-20)
(0.680678 -0.117196 2.58715e-19)
(0.130247 -0.0775004 -8.52205e-19)
(0.307019 -0.126759 -1.32685e-18)
(0.471678 -0.133238 -6.12964e-20)
(0.556782 -0.137878 4.36867e-19)
(0.630164 -0.137407 0)
(0.676029 -0.137374 -5.57936e-19)
(0.156744 -0.0920269 9.38038e-19)
(0.339509 -0.153021 5.89164e-19)
(0.481832 -0.162078 0)
(0.560993 -0.163812 -8.17769e-19)
(0.626377 -0.161851 4.34236e-19)
(0.669781 -0.158092 -6.02544e-20)
(0.189182 -0.126206 2.90462e-20)
(0.362713 -0.177944 1.12779e-18)
(0.486444 -0.189686 5.73374e-20)
(0.561023 -0.189267 3.43367e-19)
(0.621024 -0.185941 -2.71912e-19)
(0.663173 -0.179212 2.22543e-19)
(0.214085 -0.14728 0)
(0.378642 -0.200841 -1.14682e-18)
(0.48783 -0.215614 -8.61949e-19)
(0.55852 -0.21437 0)
(0.614946 -0.210312 -5.22182e-19)
(0.65679 -0.201758 4.30494e-19)
(0.23536 -0.16682 -5.67882e-20)
(0.389174 -0.221382 1.13736e-18)
(0.486771 -0.240039 1.7495e-18)
(0.554197 -0.239415 -8.01666e-20)
(0.608418 -0.235335 6.28184e-19)
(0.650766 -0.225902 -5.27838e-19)
(0.253997 -0.185359 1.78684e-18)
(0.395414 -0.239829 -9.98888e-19)
(0.483641 -0.263288 -4.97926e-20)
(0.548425 -0.264655 0)
(0.601529 -0.261294 4.90769e-19)
(0.64508 -0.251764 0)
(0.269703 -0.201785 -1.80853e-18)
(0.397907 -0.256539 0)
(0.478588 -0.285665 -7.67419e-19)
(0.541366 -0.290284 0)
(0.594276 -0.288462 -6.00606e-19)
(0.639656 -0.27951 2.03855e-19)
(0.281999 -0.215406 2.81151e-20)
(0.396924 -0.271802 9.52361e-19)
(0.471639 -0.307395 -4.45948e-20)
(0.533053 -0.316472 2.61077e-21)
(0.586573 -0.317083 -4.13256e-19)
(0.634371 -0.309326 -9.87169e-20)
(0.290491 -0.226034 -1.711e-18)
(0.392637 -0.285855 -1.00023e-18)
(0.462757 -0.328669 -1.36694e-19)
(0.523424 -0.343332 6.48022e-19)
(0.578268 -0.347344 5.85414e-19)
(0.629078 -0.341436 -1.02021e-19)
(0.294838 -0.233727 3.72801e-18)
(0.385221 -0.298894 -1.23319e-19)
(0.451844 -0.349661 1.34965e-19)
(0.512347 -0.370929 -5.03122e-19)
(0.569166 -0.379409 2.31433e-19)
(0.623608 -0.376087 4.94579e-19)
(0.294617 -0.238638 -1.76621e-18)
(0.374905 -0.311067 0)
(0.43877 -0.370458 0)
(0.499631 -0.399308 -5.66245e-19)
(0.55902 -0.413403 -4.64112e-19)
(0.617773 -0.413544 -7.83389e-19)
(0.289525 -0.241172 0)
(0.361732 -0.322407 -9.45162e-19)
(0.423444 -0.391089 -7.67583e-19)
(0.485014 -0.428466 6.25438e-22)
(0.547528 -0.44941 -4.59492e-19)
(0.611349 -0.454087 3.90726e-19)
(0.279517 -0.241632 1.87087e-18)
(0.345653 -0.332867 9.88418e-19)
(0.405778 -0.411494 -9.09427e-20)
(0.468204 -0.458297 1.27872e-18)
(0.534313 -0.487449 8.6095e-19)
(0.604046 -0.498006 9.29242e-20)
(0.264621 -0.240222 9.85408e-21)
(0.326815 -0.342362 -1.05308e-18)
(0.385677 -0.431438 1.47611e-18)
(0.448895 -0.488555 -1.14731e-18)
(0.518923 -0.52741 -3.51165e-21)
(0.59548 -0.545563 0)
(0.245025 -0.237046 -3.58356e-18)
(0.305381 -0.350562 1.04645e-18)
(0.363067 -0.450469 -7.53052e-19)
(0.426758 -0.518765 -1.45861e-23)
(0.500812 -0.568946 -4.64084e-19)
(0.58516 -0.596866 0)
(0.221177 -0.231925 3.70062e-18)
(0.281547 -0.356793 1.1273e-18)
(0.337964 -0.467738 -4.72673e-20)
(0.401424 -0.548111 3.79178e-20)
(0.479324 -0.611325 -5.55134e-20)
(0.572393 -0.65167 -3.86624e-20)
(0.193867 -0.223995 -1.86254e-18)
(0.255488 -0.35984 -1.09446e-18)
(0.310332 -0.481923 3.51854e-19)
(0.372441 -0.575285 5.377e-19)
(0.453578 -0.653247 1.17832e-19)
(0.556099 -0.709434 -2.30655e-19)
(0.164164 -0.211147 0)
(0.227234 -0.357784 -3.72706e-20)
(0.28001 -0.490983 -3.92599e-19)
(0.339248 -0.598298 3.77399e-20)
(0.422264 -0.692615 -3.1873e-20)
(0.53445 -0.769389 1.44573e-19)
(0.132994 -0.190161 -4.77425e-19)
(0.196489 -0.347751 0)
(0.246815 -0.491858 2.22813e-19)
(0.301269 -0.614768 2.07164e-19)
(0.383985 -0.725876 -3.32265e-20)
(0.504574 -0.830612 4.01356e-20)
(0.102453 -0.159029 2.41659e-19)
(0.163605 -0.326174 0)
(0.210985 -0.480515 -2.37813e-19)
(0.258555 -0.622117 -8.86853e-20)
(0.337894 -0.74788 0)
(0.462416 -0.893624 0)
(0.0760136 -0.117828 2.60182e-19)
(0.130082 -0.287698 -1.69346e-20)
(0.174697 -0.449633 -7.96855e-21)
(0.212676 -0.617579 -8.62974e-20)
(0.284526 -0.747768 0)
(0.394254 -0.967444 0)
(0.053001 -0.0540437 -4.12801e-21)
(0.0877734 -0.198786 1.49768e-20)
(0.123132 -0.361301 1.43552e-19)
(0.146588 -0.584346 -6.85347e-21)
(0.186102 -0.682006 8.95001e-21)
(0.284815 -1.0681 -3.5293e-21)
(0.68585 -0.133538 0)
(0.716614 -0.0782178 0)
(0.753353 -0.0557531 -2.57975e-20)
(0.787522 -0.0430766 -8.95691e-20)
(0.818057 -0.0353944 -2.01515e-20)
(0.845055 -0.0304811 0)
(0.868718 -0.0270951 3.15454e-20)
(0.889389 -0.0245853 -2.95427e-20)
(0.907403 -0.0225937 5.30585e-20)
(0.923074 -0.0209088 -5.02215e-20)
(0.936676 -0.0193958 -1.15719e-19)
(0.948445 -0.0179641 -8.658e-20)
(0.958581 -0.0165529 1.25091e-19)
(0.967254 -0.0151275 -3.70274e-22)
(0.974608 -0.0136785 -3.8277e-20)
(0.98077 -0.0122175 -1.83565e-20)
(0.985859 -0.0107648 -1.76523e-20)
(0.98999 -0.00933413 -1.69786e-20)
(0.993272 -0.00792546 -1.63368e-20)
(0.995809 -0.00652545 0)
(0.997684 -0.00511124 0)
(0.998933 -0.00366477 0)
(0.999538 -0.00221279 -1.41632e-20)
(0.99966 -0.000824811 0)
(0.700324 -0.131927 -3.49301e-19)
(0.725803 -0.0956106 3.13949e-20)
(0.759622 -0.075191 0)
(0.791917 -0.0628976 8.95171e-20)
(0.821626 -0.0549424 -1.56125e-19)
(0.848148 -0.0493546 2.09102e-19)
(0.871512 -0.0450616 6.19367e-20)
(0.891969 -0.0415217 0)
(0.909813 -0.0384399 -5.32941e-20)
(0.925334 -0.0356393 -4.99091e-20)
(0.938795 -0.0330024 1.38009e-19)
(0.950424 -0.0304448 -4.39774e-20)
(0.960418 -0.0279061 -2.14655e-23)
(0.968943 -0.0253505 -7.92402e-20)
(0.976144 -0.0227708 0)
(0.982147 -0.0201876 0)
(0.987071 -0.0176359 0)
(0.991028 -0.0151444 -6.6952e-20)
(0.994128 -0.0127218 -6.44411e-20)
(0.996481 -0.0103538 0)
(0.998176 -0.00800959 0)
(0.999199 -0.00567474 -5.78072e-20)
(0.999407 -0.00342372 0)
(0.999079 -0.00135976 1.00168e-19)
(0.703111 -0.138902 4.13587e-19)
(0.730002 -0.111998 -1.91852e-21)
(0.763671 -0.0941478 -5.15589e-20)
(0.795651 -0.0825028 0)
(0.825216 -0.0743495 1.56772e-19)
(0.85162 -0.0681116 -1.40374e-19)
(0.874886 -0.0629252 -1.26895e-19)
(0.895244 -0.0583648 6.16458e-22)
(0.912979 -0.0542005 2.13351e-19)
(0.928379 -0.050292 0)
(0.941703 -0.0465407 0)
(0.953178 -0.0428699 0)
(0.963001 -0.0392199 8.211e-20)
(0.971338 -0.0355529 2.32894e-19)
(0.978334 -0.0318612 -1.5018e-19)
(0.984118 -0.0281706 0)
(0.988808 -0.024528 -6.8753e-20)
(0.992518 -0.0209777 6.68711e-20)
(0.995358 -0.0175397 6.43841e-20)
(0.997447 -0.0142007 1.23329e-19)
(0.998881 -0.0109234 -2.38243e-19)
(0.99957 -0.00771193 1.15692e-19)
(0.999195 -0.00472157 -2.23002e-19)
(0.998216 -0.00206388 2.00304e-19)
(0.701393 -0.152417 7.08681e-20)
(0.731769 -0.129851 -5.99072e-20)
(0.766493 -0.113709 0)
(0.799078 -0.102435 0)
(0.828966 -0.0939348 1.53707e-19)
(0.855535 -0.0869597 0)
(0.878874 -0.0808297 -2.48079e-19)
(0.899233 -0.0752187 -1.12042e-19)
(0.916918 -0.0699538 1.06065e-19)
(0.932222 -0.0649273 9.62464e-20)
(0.945412 -0.0600588 -1.81326e-19)
(0.95672 -0.0552792 -8.45951e-20)
(0.966343 -0.0505296 1.60595e-19)
(0.974451 -0.0457687 -3.08515e-19)
(0.981192 -0.0409848 -7.32253e-20)
(0.986698 -0.036204 0)
(0.991089 -0.0314811 6.8609e-20)
(0.994477 -0.0268748 -6.52172e-20)
(0.996978 -0.0224185 0)
(0.998724 -0.0181017 -2.43542e-19)
(0.999815 -0.013884 2.35487e-19)
(1.00006 -0.00980666 7.20691e-22)
(0.998911 -0.00614707 2.20695e-19)
(0.997099 -0.00299839 -1.98591e-19)
(0.698363 -0.169895 -5.56592e-19)
(0.732575 -0.149546 -3.46983e-19)
(0.768916 -0.13431 -1.01039e-19)
(0.80256 -0.122992 3.44365e-19)
(0.833065 -0.11391 -2.30035e-19)
(0.860003 -0.106056 6.97904e-20)
(0.883546 -0.0988927 -2.44033e-19)
(0.90399 -0.0921727 -1.09866e-19)
(0.92167 -0.0857679 0)
(0.936898 -0.0795983 1.90267e-19)
(0.949953 -0.0735987 8.71676e-20)
(0.961076 -0.0677071 8.20013e-20)
(0.97047 -0.0618647 0)
(0.978308 -0.0560256 7.62583e-20)
(0.984743 -0.0501712 2.17547e-19)
(0.98991 -0.0443222 -1.648e-21)
(0.993931 -0.0385356 -2.67614e-19)
(0.996922 -0.0328811 -6.18894e-20)
(0.999001 -0.0274057 3.74707e-19)
(1.00031 -0.0221021 -2.40494e-19)
(1.00097 -0.0169243 0)
(1.00068 -0.0119553 -1.68316e-19)
(0.998559 -0.00762362 1.0844e-19)
(0.995874 -0.00429556 9.6782e-20)
(0.695158 -0.190147 5.48135e-19)
(0.733169 -0.171032 5.72028e-19)
(0.771438 -0.156074 -1.003e-19)
(0.806387 -0.144324 -4.30652e-19)
(0.837702 -0.134409 7.74505e-20)
(0.865154 -0.125512 -1.34208e-19)
(0.888999 -0.117204 6.15781e-19)
(0.909591 -0.109297 2.2518e-19)
(0.927298 -0.101697 -2.02902e-19)
(0.942459 -0.0943468 1.91306e-19)
(0.955372 -0.0871927 1.74969e-19)
(0.966288 -0.0801785 -3.33263e-19)
(0.97542 -0.0732452 0)
(0.982945 -0.0663414 1.48022e-19)
(0.989019 -0.0594388 -1.96092e-21)
(0.993781 -0.0525481 -2.73024e-19)
(0.997358 -0.0457211 0)
(0.999865 -0.0390331 -2.50591e-19)
(1.00142 -0.0325425 2.47086e-19)
(1.0022 -0.0262428 0)
(1.00232 -0.0200759 -1.12527e-19)
(1.00141 -0.0141719 0)
(0.998204 -0.00918934 4.20145e-19)
(0.994707 -0.00603063 -2.86129e-19)
(0.692246 -0.212839 5.35047e-19)
(0.733967 -0.194271 -4.50647e-19)
(0.774363 -0.179072 -9.58133e-20)
(0.810784 -0.166527 8.69787e-20)
(0.843052 -0.155528 -2.99212e-19)
(0.871124 -0.145409 -2.67106e-19)
(0.895345 -0.135829 -4.85432e-19)
(0.916127 -0.126641 -2.186e-19)
(0.933882 -0.11778 -4.0018e-19)
(0.948977 -0.1092 1.88436e-19)
(0.961732 -0.10086 4.34661e-22)
(0.972413 -0.0927064 -3.2497e-19)
(0.981243 -0.0846788 3.05806e-19)
(0.988407 -0.0767199 0)
(0.994064 -0.0687906 1.36724e-19)
(0.998356 -0.060887 -3.99325e-19)
(1.00141 -0.0530497 2.57749e-19)
(1.00335 -0.0453528 1.25058e-19)
(1.0043 -0.0378633 -2.35921e-19)
(1.00444 -0.0305761 4.61008e-19)
(1.00394 -0.0234267 -4.42927e-19)
(1.00233 -0.0166346 2.15524e-19)
(0.997989 -0.0112057 -1.04027e-19)
(0.99337 -0.00807578 -2.59819e-19)
(0.689808 -0.237869 -1.34702e-19)
(0.735212 -0.219294 6.77041e-19)
(0.777905 -0.203381 -1.93948e-19)
(0.81594 -0.189686 -7.9807e-20)
(0.84928 -0.177339 3.06312e-19)
(0.878057 -0.165807 5.36607e-19)
(0.902707 -0.154811 6.00738e-19)
(0.923708 -0.144238 2.19525e-19)
(0.941516 -0.134036 2.00828e-19)
(0.956534 -0.124172 -3.62859e-19)
(0.969106 -0.114607 3.43584e-19)
(0.979519 -0.10529 0)
(0.988005 -0.0961599 -3.34934e-21)
(0.994758 -0.0871521 1.40447e-19)
(0.999942 -0.0782155 -2.70249e-19)
(1.0037 -0.0693297 1.30297e-19)
(1.00617 -0.0605184 1.47529e-21)
(1.00746 -0.0518477 1.20223e-21)
(1.00771 -0.0433872 3.51063e-19)
(1.00713 -0.0351306 -2.24244e-19)
(1.0059 -0.0270088 6.54118e-19)
(1.00348 -0.0193573 -8.44539e-19)
(0.99787 -0.0135943 4.0182e-19)
(0.991948 -0.0105307 -4.33649e-19)
(0.687886 -0.265238 -5.9544e-19)
(0.737063 -0.246194 4.42635e-19)
(0.782242 -0.229114 -9.40978e-20)
(0.822034 -0.213893 2.49904e-19)
(0.856552 -0.199913 -1.5052e-19)
(0.886104 -0.186751 -1.35958e-19)
(0.911221 -0.174179 -1.25054e-19)
(0.932452 -0.162099 -2.1132e-19)
(0.950306 -0.150468 1.97809e-19)
(0.965225 -0.139255 5.37329e-19)
(0.977582 -0.128421 -4.97928e-19)
(0.987683 -0.117915 3.10326e-19)
(0.995778 -0.10767 -1.48006e-19)
(1.00207 -0.0976167 -3.53868e-21)
(1.00672 -0.0876911 0)
(1.00989 -0.0778553 1.23935e-19)
(1.0117 -0.068113 -1.21279e-19)
(1.01227 -0.0585149 -1.21362e-21)
(1.01174 -0.049125 -1.15154e-19)
(1.01034 -0.039929 2.17776e-19)
(1.00828 -0.0308504 -2.08305e-19)
(1.00492 -0.0223569 0)
(0.997922 -0.0163448 -2.97337e-19)
(0.99057 -0.0134598 6.00259e-19)
(0.686484 -0.295049 -4.50369e-19)
(0.739652 -0.275133 -8.83195e-19)
(0.787547 -0.256417 -9.30869e-20)
(0.829248 -0.239259 8.46645e-20)
(0.865045 -0.223319 -4.3107e-19)
(0.895425 -0.208279 4.44474e-21)
(0.921031 -0.193945 -3.45927e-19)
(0.942489 -0.180221 2.07326e-19)
(0.960368 -0.167061 -4.58147e-21)
(0.975154 -0.154428 -1.82555e-19)
(0.987252 -0.142277 1.64848e-19)
(0.996993 -0.13055 -1.54835e-19)
(1.00464 -0.119177 1.43389e-19)
(1.01041 -0.10808 -1.36398e-19)
(1.01448 -0.0971823 0)
(1.01699 -0.08643 1.2052e-19)
(1.01808 -0.0758042 1.19219e-19)
(1.01786 -0.0653354 -1.14457e-19)
(1.01647 -0.0550727 -2.16865e-21)
(1.01415 -0.0449842 2.11741e-19)
(1.01113 -0.0349788 2.03941e-19)
(1.00672 -0.0256644 -4.01245e-19)
(0.998245 -0.0194804 7.64213e-19)
(0.989341 -0.0169051 4.88844e-20)
(0.685597 -0.327499 -1.1854e-19)
(0.743117 -0.306339 4.46593e-19)
(0.79401 -0.285483 9.6432e-20)
(0.837786 -0.265916 0)
(0.874954 -0.247632 1.49423e-19)
(0.9062 -0.230422 1.29638e-19)
(0.932297 -0.214107 2.30627e-19)
(0.953962 -0.198581 2.02883e-19)
(0.971829 -0.183779 -4.6079e-21)
(0.986434 -0.169646 -5.17547e-19)
(0.998219 -0.156125 3.16128e-19)
(1.00754 -0.143147 -2.94836e-19)
(1.01468 -0.130632 4.10735e-19)
(1.01988 -0.118492 -1.34179e-19)
(1.02329 -0.10664 0)
(1.02509 -0.0950048 -2.36265e-19)
(1.02539 -0.0835458 1.11472e-19)
(1.02431 -0.0722694 -1.10941e-19)
(1.02198 -0.0612033 -1.07096e-19)
(1.01864 -0.0502874 0)
(1.01454 -0.0394049 -3.36234e-21)
(1.00896 -0.0293022 -3.88343e-19)
(0.998939 -0.0230155 7.41557e-19)
(0.988362 -0.0208891 -3.45776e-19)
(0.685237 -0.362865 8.0714e-21)
(0.747627 -0.340101 0)
(0.801862 -0.316549 5.46524e-19)
(0.84789 -0.294023 -4.81523e-19)
(0.886505 -0.272937 -2.77281e-19)
(0.918632 -0.253204 -1.2249e-19)
(0.945197 -0.234651 -3.24794e-19)
(0.967025 -0.217139 2.03738e-19)
(0.984824 -0.200565 0)
(0.999183 -0.184844 1.63936e-19)
(1.01059 -0.169897 -3.07724e-19)
(1.01942 -0.155636 2.85892e-19)
(1.02599 -0.141966 -1.36084e-19)
(1.03053 -0.128787 1.22533e-19)
(1.03323 -0.116 1.1488e-19)
(1.03425 -0.103517 2.28435e-21)
(1.0337 -0.0912761 -2.22905e-19)
(1.03169 -0.07926 3.12218e-19)
(1.02835 -0.0674695 -3.02337e-19)
(1.0239 -0.0558091 -2.94081e-19)
(1.01861 -0.0441234 5.69104e-19)
(1.01173 -0.0332842 -3.68533e-19)
(1.00011 -0.0269553 -4.54242e-19)
(0.987743 -0.0254207 6.18997e-19)
(0.685442 -0.401487 5.0755e-19)
(0.753401 -0.376763 4.19118e-19)
(0.811387 -0.349892 -2.79854e-19)
(0.859853 -0.323763 8.47577e-20)
(0.899966 -0.299327 4.20814e-19)
(0.932954 -0.276649 -1.19492e-19)
(0.95993 -0.255548 3.31019e-19)
(0.981847 -0.235831 0)
(0.999495 -0.217337 0)
(1.01352 -0.199932 -3.23326e-19)
(1.02446 -0.183499 1.51825e-19)
(1.03272 -0.167923 -1.40863e-19)
(1.03863 -0.153089 0)
(1.04245 -0.13888 -1.22592e-19)
(1.04437 -0.125181 3.42532e-19)
(1.04453 -0.111888 -2.15179e-19)
(1.04307 -0.0989196 -4.22045e-21)
(1.04007 -0.0862345 -4.0686e-21)
(1.03565 -0.0738062 3.86828e-19)
(1.03001 -0.0614984 -2.83085e-19)
(1.02342 -0.049107 1.80783e-19)
(1.01513 -0.0376069 -2.7298e-19)
(1.00188 -0.031291 6.93975e-19)
(0.987604 -0.0304944 1.90566e-20)
(0.686285 -0.443748 0)
(0.760723 -0.416703 -7.30091e-19)
(0.822951 -0.385818 3.43252e-19)
(0.874037 -0.35534 -2.2888e-19)
(0.915664 -0.326902 -2.56223e-19)
(0.94944 -0.30077 2.36756e-19)
(0.976723 -0.276753 -1.07156e-19)
(0.998613 -0.254576 0)
(1.01599 -0.23399 -3.36196e-19)
(1.02958 -0.214792 1.0426e-20)
(1.03995 -0.19681 2.87655e-19)
(1.04754 -0.17989 -1.34342e-19)
(1.0527 -0.163887 0)
(1.05571 -0.148662 -1.19033e-19)
(1.05676 -0.134081 -3.26696e-19)
(1.05601 -0.120023 2.10799e-19)
(1.05357 -0.106386 1.96132e-19)
(1.04952 -0.0931069 -4.29745e-22)
(1.04395 -0.0801323 -2.79735e-19)
(1.03706 -0.067285 1.77748e-19)
(1.02907 -0.0543055 -2.61087e-19)
(1.01928 -0.0422447 -8.63027e-20)
(1.00437 -0.0359956 -4.18136e-19)
(0.988072 -0.0360884 2.35496e-19)
(0.687893 -0.490054 -6.38343e-20)
(0.769968 -0.460299 4.11775e-19)
(0.837013 -0.424635 -3.51149e-19)
(0.890897 -0.388953 0)
(0.933993 -0.355754 3.90528e-19)
(0.968418 -0.325571 2.28621e-19)
(0.995835 -0.298203 1.93834e-19)
(1.01753 -0.273265 8.68671e-20)
(1.03448 -0.250391 1.61758e-19)
(1.04749 -0.229277 1.56035e-19)
(1.05715 -0.209679 -2.76061e-19)
(1.06395 -0.191386 1.28781e-19)
(1.06827 -0.174216 0)
(1.07037 -0.157997 -3.30252e-19)
(1.07047 -0.142575 7.31841e-21)
(1.06873 -0.127805 1.0583e-21)
(1.06525 -0.113567 -1.90169e-19)
(1.06009 -0.0997756 1.8641e-19)
(1.05333 -0.0863526 -9.05236e-20)
(1.04511 -0.0730819 8.25654e-20)
(1.03567 -0.0596469 -7.97792e-20)
(1.02428 -0.047147 7.83095e-20)
(1.00769 -0.0410204 1.61108e-19)
(0.989273 -0.0421609 0)
(0.690442 -0.54085 0)
(0.781629 -0.507849 0)
(0.854153 -0.466587 0)
(0.910994 -0.424755 1.38917e-19)
(0.955436 -0.385947 -3.82459e-19)
(0.990272 -0.351032 0)
(1.01757 -0.31981 -1.13841e-20)
(1.03882 -0.291765 0)
(1.05514 -0.266376 -6.22149e-21)
(1.06737 -0.24321 1.41214e-19)
(1.07617 -0.221922 0)
(1.08204 -0.20223 0)
(1.08538 -0.183899 0)
(1.08648 -0.166719 -1.02108e-19)
(1.08555 -0.150506 3.03637e-19)
(1.08273 -0.13509 3.78096e-19)
(1.07814 -0.120331 -7.92366e-22)
(1.07182 -0.106119 1.72826e-19)
(1.06382 -0.0923548 -1.66237e-19)
(1.05425 -0.0787861 7.74557e-20)
(1.04328 -0.0650407 -6.36285e-22)
(1.03024 -0.0522393 -4.04967e-21)
(1.01197 -0.0462907 2.28092e-19)
(0.991327 -0.0486474 -8.0511e-21)
(0.694157 -0.596658 5.46039e-20)
(0.79633 -0.559475 -5.00103e-19)
(0.875082 -0.511736 -2.20348e-19)
(0.934993 -0.462767 2.59401e-19)
(0.980562 -0.417466 -2.26093e-19)
(1.01546 -0.377084 1.99228e-19)
(1.04226 -0.34145 -1.03431e-19)
(1.06273 -0.309908 1.65239e-19)
(1.07813 -0.281751 -2.23082e-19)
(1.08935 -0.25638 -6.05531e-21)
(1.09709 -0.233322 2.49833e-19)
(1.10187 -0.212206 -1.19353e-19)
(1.1041 -0.192725 1.08116e-19)
(1.10407 -0.174625 -9.99712e-20)
(1.102 -0.157683 9.50975e-20)
(1.09804 -0.141702 -1.79075e-19)
(1.09228 -0.126514 -2.57902e-19)
(1.08475 -0.111989 7.97423e-20)
(1.07548 -0.0980032 8.07442e-20)
(1.06452 -0.0842744 0)
(1.052 -0.0703774 -7.51264e-20)
(1.03727 -0.0574241 7.33616e-20)
(1.01731 -0.0517001 3.31483e-21)
(0.994336 -0.0554547 -2.11211e-19)
(0.699335 -0.657984 -1.00347e-19)
(0.814843 -0.615087 5.69119e-19)
(0.900647 -0.559809 2.98379e-19)
(0.963645 -0.502761 -3.26426e-19)
(1.01001 -0.450137 3.32502e-19)
(1.04448 -0.403567 -2.01302e-19)
(1.0703 -0.362948 -1.79145e-19)
(1.08956 -0.327492 -7.63833e-20)
(1.10366 -0.296289 7.09599e-20)
(1.11358 -0.268546 -1.32507e-19)
(1.12001 -0.243633 1.16506e-19)
(1.1235 -0.221063 -2.21831e-19)
(1.12445 -0.200449 -1.00508e-19)
(1.12316 -0.181475 1.40739e-19)
(1.11984 -0.163874 0)
(1.11465 -0.147418 8.70811e-20)
(1.10765 -0.13191 3.87904e-20)
(1.09888 -0.117195 3.71282e-20)
(1.08831 -0.103125 0)
(1.07595 -0.089393 0)
(1.06187 -0.0755232 1.37788e-19)
(1.04544 -0.062578 -2.73219e-19)
(1.02383 -0.0570959 -3.62965e-21)
(0.998375 -0.0624514 1.33139e-19)
(0.706389 -0.724844 1.65953e-19)
(0.838137 -0.674313 -1.2422e-20)
(0.931785 -0.610027 3.50891e-20)
(0.99771 -0.544125 0)
(1.04441 -0.483526 -1.13962e-20)
(1.07788 -0.430172 -8.72129e-20)
(1.1021 -0.384044 8.39289e-20)
(1.11959 -0.344265 -7.24881e-20)
(1.13194 -0.309731 -6.17214e-20)
(1.14017 -0.279438 0)
(1.145 -0.252576 5.64385e-20)
(1.14695 -0.22852 -5.34797e-20)
(1.14644 -0.206785 0)
(1.14373 -0.186985 -1.34046e-19)
(1.13906 -0.168802 5.48887e-22)
(1.13253 -0.151968 7.91584e-20)
(1.12424 -0.136257 -1.50074e-19)
(1.11417 -0.121488 3.48284e-20)
(1.10229 -0.10749 -1.37768e-19)
(1.08855 -0.0939359 2.66066e-19)
(1.07294 -0.0803035 -1.60035e-19)
(1.05484 -0.0675415 -1.30221e-19)
(1.03162 -0.0622474 2.2609e-19)
(1.00348 -0.0694487 -1.26455e-19)
(0.715872 -0.796528 7.18606e-20)
(0.867409 -0.736117 -2.27836e-19)
(0.969341 -0.660867 1.37711e-19)
(1.03782 -0.585675 0)
(1.08434 -0.516805 3.02969e-20)
(1.11615 -0.456345 -4.021e-20)
(1.13808 -0.404344 9.28176e-21)
(1.15315 -0.359904 0)
(1.16318 -0.321776 6.24297e-20)
(1.16927 -0.288757 -5.1345e-20)
(1.17213 -0.259847 5.27544e-20)
(1.17228 -0.234267 -4.89263e-20)
(1.17007 -0.211418 0)
(1.16578 -0.190832 3.91561e-20)
(1.1596 -0.172134 3.70378e-20)
(1.15165 -0.155013 0)
(1.14197 -0.139213 3.63434e-20)
(1.13057 -0.124526 -9.91356e-20)
(1.11736 -0.110766 6.4489e-20)
(1.10226 -0.0975979 0)
(1.08517 -0.0844638 3.10903e-20)
(1.06552 -0.0720908 0)
(1.04083 -0.0667702 3.16468e-20)
(1.00961 -0.0761482 -7.25199e-20)
(0.728806 -0.871831 -4.56488e-20)
(0.903817 -0.79839 4.58177e-20)
(1.01386 -0.709815 -1.57212e-19)
(1.0843 -0.625441 -1.53224e-20)
(1.13008 -0.548589 -8.1978e-20)
(1.15961 -0.481169 -3.06696e-20)
(1.17857 -0.42325 6.45268e-20)
(1.19052 -0.373982 2.87155e-20)
(1.19759 -0.332073 0)
(1.20101 -0.296178 3.16724e-21)
(1.20149 -0.265124 4.55567e-20)
(1.1995 -0.237975 0)
(1.19535 -0.214005 -1.88604e-20)
(1.18927 -0.192654 -3.94917e-20)
(1.18143 -0.173483 -3.73109e-20)
(1.17193 -0.156137 0)
(1.16079 -0.140327 0)
(1.14799 -0.125824 3.23385e-20)
(1.13342 -0.112436 0)
(1.11695 -0.0998607 -5.77094e-20)
(1.09843 -0.0875503 5.60974e-20)
(1.07737 -0.0758413 -5.64761e-20)
(1.05146 -0.0699203 6.89254e-20)
(1.0167 -0.0819307 3.27277e-20)
(0.747958 -0.949473 7.64927e-21)
(0.94837 -0.857741 -1.34968e-20)
(1.06522 -0.753129 -9.6651e-21)
(1.1369 -0.660505 2.40149e-20)
(1.18142 -0.576814 -1.48415e-20)
(1.20822 -0.503257 1.88479e-20)
(1.22366 -0.439868 -4.01495e-20)
(1.23188 -0.385915 1.19717e-21)
(1.23537 -0.340197 -3.31741e-20)
(1.23555 -0.301345 -1.63401e-22)
(1.23317 -0.268074 4.02316e-20)
(1.22866 -0.239307 -1.89071e-20)
(1.22227 -0.214191 1.90595e-20)
(1.21419 -0.192067 -1.71033e-20)
(1.20454 -0.172422 1.61723e-20)
(1.19336 -0.154849 0)
(1.18066 -0.139025 -2.98481e-20)
(1.16638 -0.124699 3.54141e-20)
(1.1504 -0.111682 0)
(1.13251 -0.0997589 0)
(1.11249 -0.0884994 6.31187e-21)
(1.08986 -0.077715 -2.60329e-20)
(1.06287 -0.0701343 -3.65169e-20)
(1.02651 -0.085129 5.35612e-20)
(0.777131 -1.02913 0)
(0.999567 -0.907745 1.81397e-20)
(1.12145 -0.785867 -2.85292e-21)
(1.194 -0.686814 1.57689e-20)
(1.23714 -0.598701 2.6599e-21)
(1.26123 -0.520692 9.56989e-21)
(1.27304 -0.45294 1.15045e-20)
(1.27717 -0.394898 1.09731e-20)
(1.27658 -0.345614 1.51915e-20)
(1.27297 -0.303862 -4.43587e-21)
(1.26724 -0.268358 0)
(1.2598 -0.23794 -8.34415e-21)
(1.25087 -0.211645 7.83268e-21)
(1.24056 -0.188712 0)
(1.22893 -0.168542 -2.13113e-22)
(1.21598 -0.150663 2.0634e-22)
(1.20167 -0.134704 -6.62028e-21)
(1.1859 -0.120381 -1.35692e-20)
(1.16849 -0.107496 1.28594e-20)
(1.14916 -0.0958778 1.24915e-20)
(1.12747 -0.0851818 -6.17131e-21)
(1.10262 -0.0752537 -2.4067e-20)
(1.07355 -0.068636 5.64474e-21)
(1.03987 -0.0826899 1.87671e-22)
(0.822592 -1.08564 -2.35956e-21)
(1.06495 -0.925416 -2.31662e-22)
(1.18268 -0.802043 2.09597e-22)
(1.25332 -0.700302 -4.73686e-22)
(1.29514 -0.611212 4.06196e-21)
(1.31708 -0.531264 2.94347e-22)
(1.32573 -0.460898 2.01201e-21)
(1.32593 -0.399883 -3.31693e-21)
(1.32107 -0.347643 3.70398e-21)
(1.3133 -0.303268 -3.45914e-21)
(1.30376 -0.265631 0)
(1.29299 -0.233583 -7.07255e-21)
(1.28119 -0.206099 6.63766e-21)
(1.26842 -0.182328 6.03062e-21)
(1.25468 -0.161587 6.13629e-21)
(1.2399 -0.14333 5.59639e-21)
(1.224 -0.127135 5.4859e-21)
(1.2068 -0.112685 5.99156e-21)
(1.18801 -0.09977 5.39026e-21)
(1.16723 -0.0881958 5.79462e-21)
(1.14374 -0.0776957 -5.7414e-21)
(1.1166 -0.0689251 0)
(1.08533 -0.0663323 0)
(1.05092 -0.076987 -1.83767e-22)
(0.0408397 -0.00652024 1.24035e-19)
(0.0465154 -0.0472113 -8.78779e-20)
(0.0637125 -0.156395 1.72877e-20)
(0.072813 -0.220407 -1.30388e-19)
(0.0934184 -0.377871 -2.37612e-20)
(0.0723422 -0.316823 -7.12398e-20)
(0.0312093 -0.0302824 1.38886e-20)
(0.0325305 -0.0845801 -1.99133e-19)
(0.044626 -0.184546 1.60724e-20)
(0.048566 -0.251387 8.05283e-20)
(0.0650798 -0.350379 2.37055e-20)
(0.0633435 -0.311201 -1.82315e-19)
(0.0250371 -0.0404651 3.92697e-19)
(0.0183236 -0.101548 6.19603e-19)
(0.0239478 -0.191636 3.10706e-20)
(0.0258786 -0.253464 -2.36706e-19)
(0.0402535 -0.314849 0)
(0.0497665 -0.290147 3.86528e-19)
(0.018623 -0.0485964 -4.0381e-19)
(0.00421015 -0.113077 -2.75756e-19)
(0.00350603 -0.193116 0)
(0.00485092 -0.248389 4.54813e-19)
(0.0223286 -0.290476 -2.70091e-19)
(0.0505611 -0.277566 3.93692e-20)
(0.0066853 -0.0562672 -1.34024e-20)
(-0.00977773 -0.119766 -5.38829e-19)
(-0.0157236 -0.191111 -2.78683e-20)
(-0.0146722 -0.240653 -1.95544e-19)
(0.00485663 -0.272661 1.75991e-19)
(0.0451068 -0.268082 -1.61849e-19)
(-0.00695913 -0.0587225 0)
(-0.0237626 -0.121251 5.5794e-19)
(-0.0340018 -0.18649 4.43449e-19)
(-0.0334071 -0.231705 0)
(-0.0126995 -0.258256 3.49455e-19)
(0.032328 -0.259058 -3.20931e-19)
(-0.017567 -0.0578835 2.86572e-20)
(-0.0377172 -0.11931 -5.68481e-19)
(-0.0517668 -0.180091 -9.24513e-19)
(-0.0521213 -0.222174 4.66404e-20)
(-0.031548 -0.245977 -4.29799e-19)
(0.0142122 -0.250016 3.93273e-19)
(-0.0285007 -0.0559259 -9.03536e-19)
(-0.0515032 -0.115349 5.04974e-19)
(-0.0691969 -0.172597 2.36877e-20)
(-0.071145 -0.212374 0)
(-0.0519859 -0.234748 -3.42897e-19)
(-0.00814535 -0.240757 0)
(-0.0385189 -0.0529715 9.15164e-19)
(-0.064852 -0.110156 0)
(-0.0862534 -0.164472 4.25227e-19)
(-0.0904831 -0.202432 0)
(-0.0738804 -0.223839 4.25059e-19)
(-0.0339162 -0.230889 -1.57219e-19)
(-0.0470585 -0.0491037 -1.43495e-20)
(-0.0774611 -0.104215 -4.99081e-19)
(-0.102779 -0.155975 2.78196e-20)
(-0.109972 -0.192345 1.70649e-21)
(-0.0969221 -0.212787 2.98207e-19)
(-0.0622275 -0.220038 7.99259e-20)
(-0.0538953 -0.0444036 8.78058e-19)
(-0.0890452 -0.0977958 5.26711e-19)
(-0.118556 -0.147209 8.01438e-20)
(-0.129366 -0.182021 -4.18266e-19)
(-0.12071 -0.201272 -4.23436e-19)
(-0.0923079 -0.207947 7.72108e-20)
(-0.0589152 -0.0389078 -1.91693e-18)
(-0.0993422 -0.0910015 6.6195e-20)
(-0.133339 -0.138157 -8.03255e-20)
(-0.148379 -0.171314 3.22443e-19)
(-0.144833 -0.189047 -1.69346e-19)
(-0.123412 -0.19447 -3.92453e-19)
(-0.0620664 -0.0326433 9.09001e-19)
(-0.108082 -0.0838426 0)
(-0.14688 -0.128738 0)
(-0.166713 -0.160048 3.72891e-19)
(-0.168847 -0.175934 3.37268e-19)
(-0.154837 -0.179526 6.28847e-19)
(-0.0633238 -0.0256489 0)
(-0.114971 -0.0762844 5.0276e-19)
(-0.158897 -0.1188 4.57808e-19)
(-0.184107 -0.148055 1.38666e-22)
(-0.192266 -0.16185 3.37485e-19)
(-0.185946 -0.163094 -3.13911e-19)
(-0.0626569 -0.0180145 -9.60921e-19)
(-0.119705 -0.0682496 -5.24764e-19)
(-0.169076 -0.108166 5.55186e-20)
(-0.200242 -0.135174 -8.46653e-19)
(-0.214699 -0.146755 -6.34256e-19)
(-0.216114 -0.145205 -8.02665e-20)
(-0.059992 -0.00989097 -1.5299e-21)
(-0.121977 -0.0596147 5.51254e-19)
(-0.177103 -0.0966328 -8.87196e-19)
(-0.214636 -0.121265 7.6146e-19)
(-0.235827 -0.130631 7.9718e-22)
(-0.244815 -0.125906 0)
(-0.0552155 -0.00153526 1.83407e-18)
(-0.121469 -0.0502178 -5.44793e-19)
(-0.182711 -0.084004 4.53232e-19)
(-0.226837 -0.106191 -8.26341e-22)
(-0.255266 -0.113381 3.43105e-19)
(-0.271566 -0.105265 0)
(-0.0482043 0.00656152 -1.88969e-18)
(-0.117832 -0.0398542 -5.77035e-19)
(-0.185563 -0.0700333 2.94769e-20)
(-0.236565 -0.089771 -2.52867e-20)
(-0.272493 -0.0949664 4.44088e-20)
(-0.295814 -0.0834741 4.25945e-20)
(-0.0387968 0.0134438 9.5115e-19)
(-0.110675 -0.0282699 5.58312e-19)
(-0.185237 -0.0544495 -2.10029e-19)
(-0.24343 -0.0717614 -3.54408e-19)
(-0.287018 -0.0753513 -8.86368e-20)
(-0.317266 -0.0605509 1.98435e-19)
(-0.0254751 0.0232476 0)
(-0.0993875 -0.0152488 1.94463e-20)
(-0.181223 -0.0369686 2.33835e-19)
(-0.246757 -0.0518979 -2.66445e-20)
(-0.298344 -0.0544054 2.22893e-20)
(-0.336016 -0.0365576 -1.20788e-19)
(-0.0152263 0.0296763 1.94335e-19)
(-0.0835868 -0.000838391 0)
(-0.172891 -0.0174225 -1.30659e-19)
(-0.245589 -0.0299124 -1.37231e-19)
(-0.305709 -0.0318845 2.31501e-20)
(-0.352579 -0.0116667 -4.39167e-20)
(-0.00732213 0.0335089 -9.83316e-20)
(-0.0650035 0.0146668 0)
(-0.159177 0.00386428 1.37624e-19)
(-0.238356 -0.00557173 5.74019e-20)
(-0.307736 -0.00716407 0)
(-0.367926 0.0141973 0)
(0.00148343 0.03802 -1.20507e-19)
(-0.042449 0.0307522 8.67517e-21)
(-0.136979 0.0259953 4.62702e-21)
(-0.221518 0.0216561 5.31679e-20)
(-0.300773 0.023494 0)
(-0.380892 0.0465281 0)
(0.0141358 0.042758 -2.06343e-21)
(-0.00918199 0.047671 -4.58288e-21)
(-0.0947013 0.0554228 -4.834e-21)
(-0.185096 0.0614244 7.1546e-20)
(-0.275363 0.061136 7.05779e-21)
(-0.383771 0.0643201 8.07071e-22)
(0.788508 -0.829398 0)
(1.0907 -0.865921 0)
(1.23428 -0.786332 0)
(1.30914 -0.696479 1.34922e-20)
(1.35179 -0.611426 -2.60182e-21)
(1.37324 -0.532981 0)
(1.38001 -0.462201 0)
(1.3771 -0.399715 0)
(1.36832 -0.34548 -1.02425e-20)
(1.35632 -0.299028 -1.31296e-21)
(1.34269 -0.259532 1.28452e-21)
(1.32823 -0.225983 -9.42016e-21)
(1.31324 -0.197373 0)
(1.29776 -0.172805 5.24799e-21)
(1.28174 -0.151535 -1.66815e-20)
(1.26506 -0.132971 -5.85835e-21)
(1.24755 -0.116662 -5.72845e-21)
(1.22893 -0.102301 0)
(1.20882 -0.089698 -5.47073e-21)
(1.18661 -0.0786712 0)
(1.16148 -0.0690347 1.47839e-20)
(1.13252 -0.0618918 -1.92205e-20)
(1.09934 -0.0621 0)
(1.06172 -0.071303 1.63575e-20)
(0.576137 -0.491693 1.99368e-19)
(1.05404 -0.739575 -1.56655e-20)
(1.25586 -0.732813 0)
(1.3518 -0.671768 -1.30312e-20)
(1.40155 -0.597735 3.48132e-20)
(1.42613 -0.524391 -2.43159e-20)
(1.4334 -0.455609 -7.08751e-21)
(1.42901 -0.393317 0)
(1.41729 -0.338273 2.21231e-21)
(1.4015 -0.290531 -4.98779e-21)
(1.38381 -0.249653 2.45595e-20)
(1.36545 -0.214878 -5.0738e-21)
(1.34696 -0.185309 3.75517e-21)
(1.32849 -0.160067 -1.67366e-20)
(1.30995 -0.138391 0)
(1.29118 -0.119666 0)
(1.27189 -0.103441 0)
(1.2517 -0.0894285 -1.64909e-20)
(1.23008 -0.0774698 -1.63995e-20)
(1.20631 -0.0673975 0)
(1.1795 -0.059074 0)
(1.14878 -0.0536856 -1.59461e-20)
(1.11382 -0.055882 0)
(1.07343 -0.0653758 1.31412e-20)
(0.365687 -0.299849 -2.52142e-19)
(0.920231 -0.576646 6.63584e-21)
(1.22499 -0.650601 2.81226e-20)
(1.36883 -0.628242 0)
(1.43828 -0.570753 -3.53713e-20)
(1.47153 -0.505128 2.09993e-20)
(1.48287 -0.440406 1.04503e-20)
(1.47944 -0.379851 -1.01058e-20)
(1.46646 -0.325219 -2.41835e-21)
(1.44789 -0.277118 0)
(1.42658 -0.235518 0)
(1.40437 -0.199958 0)
(1.38222 -0.169725 1.41968e-20)
(1.36048 -0.14403 3.74838e-20)
(1.33916 -0.122139 -2.57564e-20)
(1.31802 -0.103448 0)
(1.29669 -0.0875213 -1.30437e-20)
(1.27469 -0.0740929 1.66165e-20)
(1.25139 -0.063019 1.64777e-20)
(1.226 -0.0541398 3.01923e-20)
(1.19757 -0.0473384 -5.87532e-20)
(1.16523 -0.0437519 3.10171e-20)
(1.12871 -0.047734 -5.99154e-20)
(1.08613 -0.0584472 5.89837e-20)
(0.258554 -0.247218 -4.90674e-20)
(0.729128 -0.418989 4.34645e-20)
(1.12899 -0.546113 0)
(1.34778 -0.567043 0)
(1.45458 -0.531197 -8.0492e-20)
(1.50499 -0.475702 0)
(1.52506 -0.41633 7.28034e-20)
(1.52576 -0.358792 7.47936e-21)
(1.5138 -0.305662 -1.7768e-20)
(1.49404 -0.258147 -4.43885e-21)
(1.47009 -0.216595 1.01281e-20)
(1.44446 -0.180836 1.30517e-21)
(1.4187 -0.150374 1.34303e-20)
(1.39355 -0.124557 -2.78585e-20)
(1.36918 -0.102723 -6.96962e-21)
(1.34538 -0.0843104 0)
(1.32176 -0.0689113 1.31902e-20)
(1.29772 -0.0562808 -1.02342e-20)
(1.2726 -0.0462773 0)
(1.24557 -0.0387423 -4.9933e-20)
(1.21562 -0.033563 4.74322e-20)
(1.18187 -0.0318126 2.32964e-21)
(1.14403 -0.0375538 5.10062e-20)
(1.09966 -0.0500196 -5.03847e-20)
(0.196159 -0.237154 4.37071e-19)
(0.552643 -0.310669 2.85211e-19)
(0.978445 -0.434264 7.65588e-20)
(1.27738 -0.488907 -2.55461e-19)
(1.44073 -0.47897 1.23924e-19)
(1.52078 -0.436269 -3.84018e-20)
(1.55587 -0.383463 1.22095e-19)
(1.56474 -0.329851 4.60714e-20)
(1.55672 -0.279094 0)
(1.53794 -0.233011 -2.81425e-20)
(1.51287 -0.192299 4.85199e-21)
(1.48476 -0.15703 -4.0074e-21)
(1.45583 -0.126904 0)
(1.42733 -0.101416 4.99625e-21)
(1.39978 -0.0800052 1.85656e-20)
(1.37311 -0.0621743 -2.12771e-21)
(1.34694 -0.0475592 -3.39331e-20)
(1.32066 -0.0359372 -8.62102e-21)
(1.29359 -0.0271662 5.80485e-20)
(1.26492 -0.0210877 -3.65725e-20)
(1.23359 -0.0175917 0)
(1.19864 -0.0176975 -3.20826e-20)
(1.15971 -0.0252001 2.1499e-20)
(1.11389 -0.0397515 1.83496e-20)
(0.15278 -0.23717 -4.27554e-19)
(0.420522 -0.25777 -4.57813e-19)
(0.804651 -0.336131 8.34827e-20)
(1.15356 -0.400682 3.21677e-19)
(1.38516 -0.413771 -5.9332e-20)
(1.51032 -0.386607 8.205e-20)
(1.57011 -0.341853 -3.49087e-19)
(1.5925 -0.292795 -8.9389e-20)
(1.592 -0.245063 6.79484e-20)
(1.57692 -0.20113 -6.36209e-20)
(1.55281 -0.162012 -3.24764e-20)
(1.52371 -0.127972 4.81059e-20)
(1.49254 -0.0988489 0)
(1.46116 -0.0742595 -3.39546e-21)
(1.43055 -0.0537414 -1.83021e-21)
(1.40095 -0.0368729 -9.23603e-21)
(1.37209 -0.0233431 0)
(1.34343 -0.0129595 -1.7691e-20)
(1.31432 -0.00558528 2.88612e-20)
(1.28399 -0.00106586 0)
(1.25138 0.000702519 -1.23852e-20)
(1.21544 -0.00125523 0)
(1.17567 -0.0105019 7.05462e-20)
(1.12874 -0.0273274 -5.28601e-20)
(0.11704 -0.236975 -4.42517e-19)
(0.32546 -0.235685 4.0306e-19)
(0.641141 -0.268687 8.57819e-20)
(0.991563 -0.316172 -7.81268e-20)
(1.27961 -0.339078 2.76066e-19)
(1.46247 -0.326659 2.30154e-19)
(1.5597 -0.291214 3.4069e-19)
(1.60367 -0.247523 1.47081e-19)
(1.61558 -0.203348 2.0628e-19)
(1.60758 -0.16212 -8.61367e-20)
(1.58705 -0.125237 1.57127e-20)
(1.55902 -0.0931195 8.18478e-20)
(1.52711 -0.0656967 -6.7259e-20)
(1.49383 -0.0426529 0)
(1.46073 -0.0235911 -8.98399e-21)
(1.42844 -0.00815001 1.67224e-20)
(1.39696 0.00392932 -2.84558e-21)
(1.36589 0.0128026 7.70191e-21)
(1.33469 0.0185899 -1.05996e-20)
(1.30271 0.0214353 3.50182e-20)
(1.26892 0.0214361 -3.64009e-20)
(1.23219 0.0176519 2.12862e-20)
(1.1918 0.0067265 -1.59632e-20)
(1.14414 -0.0124407 -2.22155e-21)
(0.0818087 -0.233628 1.02101e-19)
(0.25114 -0.22508 -5.97498e-19)
(0.504734 -0.229625 1.83383e-19)
(0.82074 -0.248854 7.8373e-20)
(1.1293 -0.264564 -2.8395e-19)
(1.36762 -0.25884 -5.03453e-19)
(1.51403 -0.23215 -5.11791e-19)
(1.59025 -0.194177 -1.48179e-19)
(1.62168 -0.153935 -1.14982e-19)
(1.62542 -0.115822 1.97845e-19)
(1.61184 -0.0816743 -1.49521e-19)
(1.58753 -0.0520747 0)
(1.557 -0.0270042 -1.29236e-20)
(1.52343 -0.00616416 -3.45039e-20)
(1.48893 0.0108279 3.26383e-20)
(1.45466 0.0243089 -2.80823e-20)
(1.42098 0.0345064 -9.52806e-21)
(1.38774 0.041543 -7.63177e-21)
(1.35457 0.0455111 3.79307e-21)
(1.32098 0.0465386 -1.01758e-20)
(1.2861 0.0447187 4.187e-20)
(1.24877 0.0391472 -6.30965e-20)
(1.20801 0.0266608 3.4822e-20)
(1.16001 0.00520203 -2.15667e-20)
(0.0447327 -0.22698 4.9389e-19)
(0.186231 -0.216549 -4.16299e-19)
(0.392534 -0.206683 9.52092e-20)
(0.661605 -0.202891 -2.60001e-19)
(0.957285 -0.200718 1.58904e-19)
(1.22561 -0.190568 1.29053e-19)
(1.4233 -0.167373 9.5177e-20)
(1.5422 -0.133938 1.76891e-19)
(1.60237 -0.0973938 -1.64472e-19)
(1.62434 -0.0625033 -3.48605e-19)
(1.62227 -0.0313925 2.88997e-19)
(1.60512 -0.00475184 -1.5834e-19)
(1.57874 0.0174315 4.76183e-20)
(1.54711 0.03548 -1.06664e-20)
(1.51298 0.0498112 0)
(1.47802 0.0607862 -1.83104e-20)
(1.44306 0.0686359 2.76108e-20)
(1.40829 0.0734686 8.74201e-21)
(1.37355 0.0753472 5.30193e-21)
(1.33856 0.0743811 1.34349e-21)
(1.30275 0.0706486 2.57482e-21)
(1.26501 0.0633473 0)
(1.22418 0.049446 -2.32686e-20)
(1.17629 0.0258796 2.83032e-20)
(0.00532869 -0.217394 3.94391e-19)
(0.124611 -0.206487 8.32162e-19)
(0.295151 -0.190346 9.80459e-20)
(0.519958 -0.172154 -9.01168e-20)
(0.784981 -0.152602 5.00981e-19)
(1.05305 -0.130508 -7.9299e-21)
(1.2849 -0.102616 3.76311e-19)
(1.4498 -0.0701171 -2.01507e-19)
(1.54783 -0.0356676 2.49098e-20)
(1.59627 -0.00333408 1.33331e-19)
(1.61185 0.024872 -1.02133e-19)
(1.60644 0.0483914 6.45159e-20)
(1.58778 0.0673425 -7.4211e-20)
(1.56104 0.0821673 4.56126e-20)
(1.52971 0.093389 0)
(1.49603 0.101389 -3.15867e-20)
(1.46132 0.106452 -1.68948e-20)
(1.42619 0.108715 6.80172e-21)
(1.39076 0.108227 -1.25363e-20)
(1.35496 0.105071 -1.31861e-20)
(1.31853 0.0993107 -3.1753e-21)
(1.28067 0.0903251 -9.39918e-21)
(1.24013 0.0751967 2.36465e-20)
(1.19283 0.0498363 -6.95123e-21)
(-0.0361076 -0.205163 1.19327e-19)
(0.0634108 -0.193854 -4.12934e-19)
(0.205199 -0.175128 -9.73426e-20)
(0.392678 -0.149289 0)
(0.62152 -0.118007 -1.66186e-19)
(0.870859 -0.0828362 -1.57021e-19)
(1.11045 -0.0458109 -2.6392e-19)
(1.30977 -0.0083895 -2.21777e-19)
(1.4488 0.0273424 2.47539e-20)
(1.53158 0.0589869 4.67667e-19)
(1.57232 0.0852417 -2.71633e-19)
(1.58457 0.105983 1.99502e-19)
(1.5784 0.121719 -2.25817e-19)
(1.56042 0.133212 7.01967e-20)
(1.53494 0.141013 0)
(1.50512 0.145776 6.9972e-20)
(1.47286 0.147781 -2.86746e-20)
(1.43918 0.147197 1.64286e-20)
(1.40453 0.144118 1.10188e-20)
(1.36906 0.138608 0)
(1.33275 0.130736 -2.7835e-21)
(1.29527 0.120063 1.35427e-21)
(1.25551 0.103956 4.9435e-21)
(1.20941 0.0772278 -8.35667e-21)
(-0.0789549 -0.190483 3.79541e-21)
(0.0017194 -0.178561 0)
(0.118603 -0.158836 -6.02883e-19)
(0.274558 -0.129716 5.6285e-19)
(0.468548 -0.0917818 3.51545e-19)
(0.690324 -0.0474598 1.56133e-19)
(0.918673 -0.000869767 4.17818e-19)
(1.13087 0.0447946 -2.57541e-19)
(1.30227 0.0855792 0)
(1.42175 0.119668 -1.78781e-19)
(1.49431 0.146149 2.79511e-19)
(1.53124 0.165374 -2.23125e-19)
(1.54282 0.178889 8.36291e-20)
(1.53834 0.187034 -6.07054e-20)
(1.52409 0.191433 -3.40186e-20)
(1.50118 0.19289 2.37973e-20)
(1.47392 0.191703 6.64206e-20)
(1.44399 0.188245 -6.59171e-20)
(1.41218 0.182541 5.73119e-20)
(1.37882 0.174669 2.62416e-20)
(1.34404 0.164706 -4.59178e-20)
(1.30788 0.152372 2.22117e-20)
(1.26966 0.13557 -1.55858e-21)
(1.22571 0.108066 2.4301e-21)
(-0.122432 -0.173515 -4.48465e-19)
(-0.0602368 -0.16086 -4.24809e-19)
(0.0337722 -0.140993 2.96981e-19)
(0.162038 -0.11105 -9.25385e-20)
(0.324496 -0.0704041 -5.23645e-19)
(0.515968 -0.0213877 1.58343e-19)
(0.72331 0.0321157 -4.34004e-19)
(0.929508 0.0850132 0)
(1.116 0.132894 0)
(1.26482 0.172309 3.6468e-19)
(1.37052 0.201872 -1.45659e-19)
(1.4375 0.222079 1.16958e-19)
(1.4739 0.234604 0)
(1.48748 0.240896 5.91317e-20)
(1.48649 0.242113 -1.7507e-19)
(1.47842 0.241234 1.04478e-19)
(1.46034 0.237166 -3.24833e-21)
(1.43683 0.230704 -2.72634e-21)
(1.4102 0.222432 -7.32475e-20)
(1.38118 0.21237 4.57428e-20)
(1.34998 0.200535 -1.8416e-20)
(1.31673 0.186741 9.92003e-21)
(1.28128 0.169518 -1.87116e-20)
(1.24094 0.142066 3.92873e-21)
(-0.165702 -0.154411 0)
(-0.121687 -0.141122 7.38342e-19)
(-0.0492977 -0.12188 -4.01967e-19)
(0.0538015 -0.0927396 2.80983e-19)
(0.187802 -0.0522686 3.47733e-19)
(0.349592 -0.00203627 -3.19148e-19)
(0.531475 0.0542821 1.47224e-19)
(0.721008 0.111647 0)
(0.905373 0.165354 4.31862e-19)
(1.06906 0.210732 -1.98413e-20)
(1.20076 0.245528 -3.11705e-19)
(1.29772 0.269362 1.3717e-19)
(1.36286 0.283531 0)
(1.40153 0.289814 7.86702e-20)
(1.42055 0.289931 1.80436e-19)
(1.42549 0.285768 -1.16367e-19)
(1.42245 0.281188 -8.48699e-20)
(1.41148 0.273298 5.76808e-21)
(1.39344 0.262584 7.00899e-20)
(1.37168 0.250482 -2.66323e-20)
(1.34669 0.237076 3.55688e-20)
(1.31873 0.222185 6.0976e-21)
(1.28796 0.204904 9.5366e-21)
(1.25325 0.178436 -6.3641e-21)
(-0.20795 -0.133331 5.44604e-20)
(-0.181604 -0.119781 -4.2139e-19)
(-0.129668 -0.102031 3.96866e-19)
(-0.0497946 -0.0751033 0)
(0.0583076 -0.036938 -5.16667e-19)
(0.192424 0.0115532 -3.13995e-19)
(0.347659 0.067116 -2.74731e-19)
(0.51569 0.12545 -1.12736e-19)
(0.686733 0.181591 -2.07482e-19)
(0.850352 0.23131 -1.78267e-19)
(0.995124 0.271336 3.11431e-19)
(1.1144 0.300312 -1.37706e-19)
(1.20621 0.31859 0)
(1.27193 0.327528 2.33125e-19)
(1.31551 0.329045 -2.47848e-20)
(1.34176 0.32597 -1.23183e-20)
(1.35536 0.319831 7.81287e-20)
(1.35888 0.31065 -5.31383e-20)
(1.3544 0.299211 2.89433e-20)
(1.34376 0.286249 -1.60764e-20)
(1.32824 0.272119 1.10179e-20)
(1.30867 0.256796 -6.81278e-21)
(1.28524 0.24006 -6.52056e-21)
(1.25921 0.215709 0)
(-0.248462 -0.110446 0)
(-0.238902 -0.0972815 0)
(-0.20602 -0.0820392 0)
(-0.147451 -0.0587454 -1.82956e-19)
(-0.0628217 -0.0247244 5.08956e-19)
(0.0460404 0.0195334 0)
(0.175641 0.0714381 7.82821e-21)
(0.320447 0.127161 0)
(0.473068 0.182386 1.30579e-20)
(0.626079 0.233278 -1.68881e-19)
(0.771052 0.276475 0)
(0.90065 0.310038 0)
(1.01062 0.333376 0)
(1.09923 0.34708 6.68629e-20)
(1.16717 0.352708 -2.06368e-19)
(1.21688 0.352401 -1.9117e-19)
(1.25158 0.347779 1.00682e-20)
(1.27393 0.339681 -5.87646e-20)
(1.28611 0.328943 4.37889e-20)
(1.29007 0.316376 -1.12956e-20)
(1.28738 0.302583 4.76809e-21)
(1.27939 0.2877 4.32153e-22)
(1.26626 0.27216 -3.61678e-21)
(1.25264 0.25117 6.5288e-21)
(-0.286691 -0.0858765 -5.69075e-20)
(-0.29257 -0.0740984 5.73267e-19)
(-0.276968 -0.0624313 2.92345e-19)
(-0.237512 -0.0442214 -3.58185e-19)
(-0.173789 -0.0160632 3.26576e-19)
(-0.0874787 0.0218776 -2.93881e-19)
(0.0187177 0.0675719 1.37854e-19)
(0.14076 0.117836 -2.32194e-19)
(0.273371 0.169057 2.96287e-19)
(0.410684 0.217821 -1.04203e-20)
(0.546805 0.26128 -2.85921e-19)
(0.675704 0.297255 1.22122e-19)
(0.792763 0.324684 -1.03794e-19)
(0.895038 0.34348 7.02637e-20)
(0.981201 0.354482 -6.70749e-20)
(1.05149 0.359049 9.46618e-20)
(1.10715 0.358494 1.04092e-19)
(1.14977 0.353823 -3.46108e-20)
(1.18099 0.345961 -2.1492e-20)
(1.20249 0.335754 0)
(1.21573 0.323964 1.05534e-20)
(1.22239 0.310882 -2.60061e-21)
(1.22227 0.297338 5.99263e-21)
(1.22422 0.280512 2.68619e-21)
(-0.322338 -0.0596678 1.13045e-19)
(-0.341871 -0.0505362 -6.74832e-19)
(-0.34127 -0.0436214 -3.87576e-19)
(-0.318428 -0.0318934 4.44974e-19)
(-0.272723 -0.0112123 -4.84543e-19)
(-0.205958 0.0186406 2.92304e-19)
(-0.120356 0.0560457 2.59237e-19)
(-0.0190995 0.0985825 1.05844e-19)
(0.0939214 0.143265 -9.94271e-20)
(0.214153 0.187252 1.64822e-19)
(0.33695 0.228101 -1.24023e-19)
(0.457863 0.263847 2.30547e-19)
(0.572851 0.293208 8.10927e-20)
(0.678907 0.315726 -1.1086e-19)
(0.774043 0.331636 0)
(0.857308 0.341616 -4.54387e-20)
(0.92859 0.346485 -1.56742e-20)
(0.988311 0.347034 -1.17635e-20)
(1.03722 0.344048 0)
(1.07633 0.338268 0)
(1.10655 0.330441 -1.41436e-20)
(1.12952 0.320954 2.10651e-20)
(1.14437 0.310674 -5.41963e-21)
(1.16317 0.298134 -1.67901e-21)
(-0.354395 -0.0320611 -1.67213e-19)
(-0.387306 -0.0265444 -6.9872e-23)
(-0.397935 -0.0259536 -4.72482e-20)
(-0.388979 -0.0218955 0)
(-0.358069 -0.0101128 2.02621e-21)
(-0.307521 0.0102012 1.35513e-19)
(-0.239267 0.037754 -1.2313e-19)
(-0.15597 0.0707417 1.0973e-19)
(-0.060748 0.10704 8.68865e-20)
(0.0428599 0.144213 0)
(0.151137 0.180209 -5.48514e-20)
(0.260579 0.213346 6.03377e-20)
(0.36794 0.242377 0)
(0.470526 0.266602 9.10032e-20)
(0.566368 0.285837 -1.02659e-20)
(0.654157 0.300285 -4.29188e-20)
(0.733181 0.310337 5.49638e-20)
(0.803199 0.316462 -1.31657e-20)
(0.86431 0.319171 2.71535e-20)
(0.916902 0.318993 -4.44984e-20)
(0.961391 0.316505 2.07978e-20)
(0.998978 0.312115 5.50869e-21)
(1.02851 0.306437 -5.51976e-21)
(1.06216 0.297813 7.26871e-22)
(-0.38293 -0.00268624 -8.54655e-20)
(-0.428 -0.00278526 3.10084e-19)
(-0.447133 -0.00951476 -2.36688e-19)
(-0.44837 -0.0141 0)
(-0.428769 -0.0124807 -7.48839e-20)
(-0.390761 -0.0028226 7.01271e-20)
(-0.336247 0.0137782 -2.78433e-21)
(-0.267518 0.0360556 0)
(-0.187303 0.0625632 -8.63745e-20)
(-0.0985725 0.0914955 6.77082e-20)
(-0.00428516 0.121077 -5.87688e-20)
(0.0927123 0.149861 4.74809e-20)
(0.189839 0.17667 0)
(0.284839 0.200684 -2.66393e-20)
(0.37592 0.221481 -2.03747e-20)
(0.461779 0.238922 0)
(0.541539 0.253047 -1.34111e-20)
(0.614692 0.263997 2.37967e-20)
(0.681038 0.271989 -1.50491e-20)
(0.740626 0.277315 0)
(0.793605 0.280327 -3.09284e-21)
(0.840688 0.281352 0)
(0.881276 0.280536 -5.55008e-22)
(0.924549 0.275209 -1.00507e-22)
(-0.408421 0.0287097 5.75841e-20)
(-0.46323 0.0210479 -7.95393e-20)
(-0.489322 0.0051359 2.86486e-19)
(-0.496343 -0.00846741 4.35694e-20)
(-0.484403 -0.0178582 1.5478e-19)
(-0.45506 -0.0196841 6.7504e-20)
(-0.410192 -0.0148392 -1.19104e-19)
(-0.352071 -0.00396043 -5.1255e-20)
(-0.283279 0.012015 0)
(-0.206478 0.0318486 -6.66254e-21)
(-0.124252 0.0540563 -5.73583e-20)
(-0.0389544 0.0773596 0)
(0.0473391 0.100654 1.56e-20)
(0.132819 0.12308 2.6493e-20)
(0.216006 0.144014 2.02668e-20)
(0.295772 0.16304 0)
(0.371302 0.179908 0)
(0.442041 0.19449 -8.11779e-21)
(0.507667 0.206757 0)
(0.568084 0.216741 5.03608e-21)
(0.623351 0.224538 -4.8584e-21)
(0.673853 0.230245 8.50546e-22)
(0.719731 0.233505 -7.52973e-22)
(0.766491 0.231254 4.11131e-23)
(-0.432085 0.0628479 -1.5459e-20)
(-0.493713 0.0448073 4.16849e-20)
(-0.522979 0.0187579 2.47484e-20)
(-0.533422 -0.00568718 -4.30807e-20)
(-0.525271 -0.0257497 3.77958e-20)
(-0.500716 -0.0395363 -3.60097e-20)
(-0.461209 -0.0469311 8.3297e-20)
(-0.409157 -0.0478396 -1.44687e-21)
(-0.347303 -0.04254 5.56814e-20)
(-0.278345 -0.0319489 -5.22483e-21)
(-0.204781 -0.017351 -5.00195e-20)
(-0.128754 0.000108133 2.15187e-20)
(-0.051994 0.0193205 -1.55165e-20)
(0.0240742 0.039324 9.95452e-21)
(0.0983182 0.0593552 -9.51363e-21)
(0.169875 0.0788368 0)
(0.238107 0.0973366 7.23323e-21)
(0.302561 0.11453 -8.23248e-21)
(0.362948 0.130157 0)
(0.419144 0.143958 0)
(0.471206 0.155741 -1.75276e-22)
(0.519426 0.165205 -5.8737e-23)
(0.564424 0.171591 -8.15462e-22)
(0.610129 0.172799 9.1428e-22)
(-0.456493 0.102099 0)
(-0.520509 0.0674421 -5.6044e-20)
(-0.548323 0.0303623 1.26301e-20)
(-0.559057 -0.00427237 -5.47796e-20)
(-0.551879 -0.035606 -9.63565e-21)
(-0.528562 -0.0616577 -2.52149e-20)
(-0.490351 -0.0817363 -2.88666e-20)
(-0.439801 -0.0946823 -2.39183e-20)
(-0.380058 -0.10005 -2.83992e-20)
(-0.314081 -0.0983939 8.41503e-21)
(-0.244644 -0.0908846 0)
(-0.173989 -0.0787441 8.26174e-21)
(-0.103637 -0.063229 -7.85063e-21)
(-0.034787 -0.0454639 0)
(0.0317237 -0.0263819 1.09266e-22)
(0.0953294 -0.00671252 -7.52025e-23)
(0.155644 0.0129721 1.40882e-21)
(0.212418 0.0322077 1.68032e-21)
(0.265463 0.0505545 -1.75529e-21)
(0.314499 0.0673993 -4.25866e-22)
(0.359464 0.0823481 5.5487e-22)
(0.400524 0.0948299 -2.21788e-22)
(0.438607 0.103873 1.1066e-22)
(0.478251 0.108774 9.05308e-24)
(-0.491366 0.138135 -3.84579e-21)
(-0.544479 0.085776 0)
(-0.564737 0.0395066 0)
(-0.571747 -0.00400967 -4.93122e-20)
(-0.563456 -0.0460966 0)
(-0.538498 -0.0852078 0)
(-0.497682 -0.118631 1.40712e-20)
(-0.444087 -0.144014 -3.80413e-20)
(-0.381574 -0.160071 0)
(-0.31372 -0.166825 -1.54652e-20)
(-0.243788 -0.165429 0)
(-0.174271 -0.157472 7.92077e-21)
(-0.106618 -0.144512 -7.51926e-21)
(-0.0418199 -0.127966 0)
(0.0195499 -0.109024 -3.22551e-21)
(0.0772184 -0.0886412 -1.96708e-21)
(0.131111 -0.0675374 -1.20082e-21)
(0.181235 -0.0462599 -6.80901e-22)
(0.227663 -0.0252236 -5.61219e-22)
(0.270527 -0.00462735 4.09207e-22)
(0.309614 0.0148638 -1.57871e-22)
(0.344836 0.032363 4.08842e-22)
(0.377399 0.046829 3.37685e-22)
(0.411735 0.0571001 3.56118e-22)
(-0.0452208 0.0349378 0)
(-0.17799 0.0580235 -1.55736e-19)
(-0.363039 0.0672927 0)
(-0.446365 0.0700457 -2.07473e-19)
(-0.516505 0.0850932 -4.52656e-20)
(-0.577515 0.129939 7.38051e-20)
(-0.104352 0.0654212 2.38823e-20)
(-0.271383 0.0906347 -3.59378e-19)
(-0.41039 0.0965976 2.91919e-20)
(-0.475924 0.0966489 1.47375e-19)
(-0.534808 0.0985333 4.07094e-20)
(-0.566675 0.111331 -2.71303e-19)
(-0.132166 0.0845496 6.43327e-19)
(-0.29641 0.118621 1.15647e-18)
(-0.4167 0.118882 5.65034e-20)
(-0.473239 0.116756 -4.14929e-19)
(-0.522061 0.116385 0)
(-0.545835 0.127107 5.80959e-19)
(-0.156904 0.102152 -6.20682e-19)
(-0.309134 0.144365 -5.16354e-19)
(-0.411811 0.141424 0)
(-0.459516 0.137148 7.90121e-19)
(-0.497786 0.136006 -4.39844e-19)
(-0.515533 0.142192 6.1533e-20)
(-0.183095 0.119087 -1.90525e-20)
(-0.319242 0.166502 -9.80851e-19)
(-0.402349 0.163608 -4.98816e-20)
(-0.440978 0.157663 -3.36109e-19)
(-0.468786 0.15546 2.82135e-19)
(-0.480017 0.158063 -2.45597e-19)
(-0.20824 0.13971 0)
(-0.326249 0.184436 1.00905e-18)
(-0.390062 0.184276 7.79391e-19)
(-0.41941 0.177662 0)
(-0.436709 0.174957 5.46954e-19)
(-0.440629 0.175308 -4.8703e-19)
(-0.226793 0.164079 4.78867e-20)
(-0.327832 0.19989 -1.0063e-18)
(-0.375756 0.203109 -1.60975e-18)
(-0.395437 0.196998 7.76707e-20)
(-0.4031 0.194227 -6.81011e-19)
(-0.397892 0.193225 6.11349e-19)
(-0.239113 0.178561 -1.50088e-18)
(-0.325233 0.213502 8.90126e-19)
(-0.359863 0.22031 4.5912e-20)
(-0.370227 0.215592 0)
(-0.368621 0.212851 -5.43114e-19)
(-0.352984 0.211172 0)
(-0.248875 0.191766 1.52148e-18)
(-0.319573 0.225547 0)
(-0.342821 0.236207 7.28738e-19)
(-0.344938 0.233081 0)
(-0.333706 0.230704 6.78337e-19)
(-0.307465 0.228405 -2.46198e-19)
(-0.256143 0.203098 -2.38059e-20)
(-0.311511 0.236132 -8.61483e-19)
(-0.325375 0.250967 4.66449e-20)
(-0.319758 0.249519 1.33205e-21)
(-0.299322 0.24749 4.73647e-19)
(-0.262892 0.244329 1.24588e-19)
(-0.260511 0.211707 1.4546e-18)
(-0.301673 0.245408 9.14662e-19)
(-0.30767 0.264689 1.35864e-19)
(-0.29516 0.26499 -6.88376e-19)
(-0.266436 0.263021 -6.79427e-19)
(-0.220772 0.258525 1.22745e-19)
(-0.261707 0.217287 -3.17407e-18)
(-0.290388 0.253526 1.14854e-19)
(-0.289895 0.277549 -1.35731e-19)
(-0.271677 0.279527 5.35892e-19)
(-0.23596 0.277246 -2.70698e-19)
(-0.182478 0.270744 -6.17584e-19)
(-0.259563 0.220055 1.50482e-18)
(-0.277808 0.26068 0)
(-0.272353 0.289652 0)
(-0.249783 0.293234 6.14458e-19)
(-0.208711 0.290222 5.46775e-19)
(-0.149206 0.280906 9.93786e-19)
(-0.253878 0.220339 0)
(-0.263989 0.266957 8.61796e-19)
(-0.255304 0.3012 7.72136e-19)
(-0.229906 0.306236 -2.24998e-21)
(-0.185365 0.302091 5.46642e-19)
(-0.121913 0.289121 -5.00139e-19)
(-0.244699 0.218521 -1.56832e-18)
(-0.249031 0.27243 -9.05269e-19)
(-0.238889 0.312325 9.02387e-20)
(-0.212389 0.31868 -1.40308e-18)
(-0.166462 0.31308 -1.03467e-18)
(-0.101307 0.295646 -1.25027e-19)
(-0.232199 0.215285 6.72133e-21)
(-0.2331 0.277086 9.44058e-19)
(-0.223252 0.323085 -1.48651e-18)
(-0.197472 0.330703 1.25976e-18)
(-0.152418 0.323474 3.17567e-21)
(-0.0880826 0.300794 0)
(-0.218303 0.214755 2.94251e-18)
(-0.216645 0.280925 -9.34424e-19)
(-0.208537 0.333372 7.5524e-19)
(-0.185306 0.342364 -1.92481e-21)
(-0.143509 0.333657 5.63287e-19)
(-0.0831526 0.304922 0)
(-0.183735 0.22446 -2.80286e-18)
(-0.200444 0.282541 -9.73563e-19)
(-0.194805 0.342615 4.81914e-20)
(-0.175815 0.353502 -4.14653e-20)
(-0.139888 0.344192 7.0856e-20)
(-0.0871693 0.30824 6.24539e-20)
(-0.15991 0.218141 1.23731e-18)
(-0.185945 0.277741 9.20328e-19)
(-0.181735 0.349539 -3.4235e-19)
(-0.168599 0.363694 -5.76014e-19)
(-0.14128 0.355571 -1.43484e-19)
(-0.100641 0.309506 3.22142e-19)
(-0.141858 0.201559 0)
(-0.171016 0.268439 3.1475e-20)
(-0.168316 0.353514 3.74744e-19)
(-0.162837 0.372531 -4.19084e-20)
(-0.146974 0.368231 3.62655e-20)
(-0.127524 0.306011 -1.97357e-19)
(-0.11678 0.182137 2.98836e-19)
(-0.153384 0.2552 0)
(-0.153577 0.354461 -2.05134e-19)
(-0.158063 0.379311 -2.18249e-19)
(-0.15452 0.386393 3.73949e-20)
(-0.163459 0.298717 -6.33411e-20)
(-0.0957407 0.162534 -1.6295e-19)
(-0.133933 0.238446 0)
(-0.137462 0.352399 2.14e-19)
(-0.151244 0.380639 9.00446e-20)
(-0.15972 0.417191 0)
(-0.19132 0.29602 0)
(-0.0754575 0.138259 -1.91112e-19)
(-0.112146 0.215216 1.30416e-20)
(-0.119918 0.3443 7.12516e-21)
(-0.142239 0.369391 8.26703e-20)
(-0.157113 0.45607 0)
(-0.190568 0.297141 0)
(-0.0425941 0.0722348 2.0432e-19)
(-0.0813879 0.148561 -1.61391e-19)
(-0.0938919 0.299147 3.61968e-21)
(-0.115512 0.306352 6.20588e-21)
(-0.134461 0.471598 0)
(-0.162882 0.231712 0)
(-0.559212 0.16231 -2.07432e-20)
(-0.561503 0.0960404 0)
(-0.570375 0.046093 0)
(-0.572365 -0.00400702 1.50454e-19)
(-0.559876 -0.0567059 4.23641e-20)
(-0.529671 -0.109053 -3.91935e-20)
(-0.482099 -0.156627 2.95133e-20)
(-0.42054 -0.194937 -2.59826e-20)
(-0.350097 -0.221493 2.21489e-20)
(-0.275462 -0.235812 1.56151e-20)
(-0.200524 -0.239134 2.65856e-21)
(-0.128136 -0.233677 3.73308e-20)
(-0.0597436 -0.221564 0)
(0.00391598 -0.204693 7.48031e-21)
(0.0626309 -0.184628 -3.99976e-21)
(0.1165 -0.162581 2.04921e-21)
(0.165769 -0.139454 1.25323e-21)
(0.210742 -0.115883 6.81803e-22)
(0.25172 -0.0922971 2.85314e-22)
(0.288942 -0.0690039 0)
(0.322505 -0.0462382 -1.37942e-22)
(0.352685 -0.024311 -2.41651e-22)
(0.381251 -0.00397382 -3.37909e-22)
(0.411927 0.0119604 -3.65922e-22)
(-0.564837 0.146282 3.51667e-19)
(-0.558488 0.101602 -3.37743e-20)
(-0.561671 0.0525849 0)
(-0.557726 -0.0027205 -1.03765e-19)
(-0.538794 -0.0656106 1.92871e-19)
(-0.499907 -0.131972 -2.43295e-19)
(-0.440735 -0.194825 -6.79917e-20)
(-0.365562 -0.24683 0)
(-0.281454 -0.283634 4.88798e-20)
(-0.194875 -0.304488 3.63968e-20)
(-0.11068 -0.310787 -6.6796e-20)
(-0.0320143 -0.305598 2.27643e-20)
(0.039771 -0.292031 3.15295e-21)
(0.104382 -0.272708 1.98278e-20)
(0.162131 -0.249679 0)
(0.213631 -0.224469 0)
(0.25959 -0.198173 0)
(0.300718 -0.171526 3.29231e-22)
(0.337669 -0.144978 -1.00515e-21)
(0.371 -0.118782 0)
(0.401148 -0.0930996 0)
(0.428748 -0.0681398 -1.97563e-21)
(0.455291 -0.0446722 0)
(0.483163 -0.0265589 2.45432e-23)
(-0.548724 0.143471 -4.29741e-19)
(-0.539055 0.108138 7.09862e-22)
(-0.536882 0.0611554 6.27235e-20)
(-0.525756 0.00176336 0)
(-0.497418 -0.0711125 -1.95903e-19)
(-0.44516 -0.152285 1.69366e-19)
(-0.368168 -0.231779 1.41593e-19)
(-0.272584 -0.298376 -1.40141e-20)
(-0.168629 -0.344762 -1.89827e-19)
(-0.0654646 -0.36991 0)
(0.0308619 -0.376355 0)
(0.117439 -0.368483 0)
(0.193446 -0.350737 -2.43056e-20)
(0.259329 -0.326704 -4.04595e-20)
(0.316182 -0.299 2.41729e-20)
(0.36534 -0.269454 0)
(0.408136 -0.239309 1.43549e-21)
(0.445795 -0.209345 -3.31351e-22)
(0.479384 -0.179998 1.01107e-21)
(0.509817 -0.151483 4.5713e-21)
(0.537811 -0.123892 -8.99014e-21)
(0.564251 -0.097339 4.08531e-21)
(0.589925 -0.0722095 -5.22073e-21)
(0.617596 -0.0514704 5.109e-21)
(-0.517997 0.149132 -7.98313e-20)
(-0.505081 0.118706 7.17639e-20)
(-0.495521 0.0737467 0)
(-0.474227 0.011188 0)
(-0.431863 -0.071175 -2.24033e-19)
(-0.359644 -0.167605 0)
(-0.256924 -0.264654 3.1439e-19)
(-0.13367 -0.345728 1.01961e-19)
(-0.00521956 -0.399584 -1.09144e-19)
(0.116298 -0.4257 -6.40568e-20)
(0.22472 -0.428849 1.13418e-19)
(0.317973 -0.415102 3.63923e-20)
(0.396274 -0.390409 -3.93539e-20)
(0.461292 -0.35951 6.74219e-20)
(0.515249 -0.325689 8.39942e-21)
(0.560373 -0.291036 0)
(0.598685 -0.25686 -1.45373e-21)
(0.631931 -0.223945 -1.00627e-21)
(0.661518 -0.192657 0)
(0.688613 -0.163102 -1.11589e-20)
(0.713951 -0.1353 1.07312e-20)
(0.73886 -0.109264 -1.87893e-22)
(0.762792 -0.0847334 6.20016e-21)
(0.792653 -0.0616978 -6.02458e-21)
(-0.477581 0.160179 6.58614e-19)
(-0.458272 0.133531 4.50998e-19)
(-0.437315 0.0910364 1.36928e-19)
(-0.400894 0.0266066 -5.23428e-19)
(-0.337584 -0.0640596 3.41595e-19)
(-0.236042 -0.175266 -1.06043e-19)
(-0.0977556 -0.289623 3.56382e-19)
(0.060272 -0.384064 1.38768e-19)
(0.216322 -0.442138 0)
(0.355737 -0.465651 -1.37231e-19)
(0.472609 -0.462136 -2.02701e-20)
(0.567016 -0.439727 -2.5817e-20)
(0.641444 -0.406044 0)
(0.699671 -0.367047 -1.50821e-20)
(0.745558 -0.326632 -2.1179e-20)
(0.782408 -0.287053 2.14378e-21)
(0.812908 -0.249495 -4.40078e-22)
(0.839276 -0.214526 -5.83209e-21)
(0.862959 -0.182329 1.38231e-20)
(0.885206 -0.152771 -9.89414e-21)
(0.906308 -0.125921 0)
(0.928978 -0.101569 -6.58121e-21)
(0.948615 -0.0801281 5.12042e-21)
(0.984902 -0.0555672 2.8587e-21)
(-0.429479 0.17457 -6.60257e-19)
(-0.39984 0.151713 -7.60787e-19)
(-0.362615 0.112423 1.42069e-19)
(-0.30455 0.0477681 6.64503e-19)
(-0.211143 -0.0492912 -1.25014e-19)
(-0.0683401 -0.173748 2.13761e-19)
(0.116278 -0.303045 -9.55e-19)
(0.314559 -0.406979 -2.93555e-19)
(0.496931 -0.466256 2.07111e-19)
(0.645103 -0.484069 -1.94386e-19)
(0.758209 -0.472091 -1.04575e-19)
(0.840904 -0.440315 1.78051e-19)
(0.899902 -0.398277 0)
(0.942102 -0.352703 -2.91811e-20)
(0.973096 -0.307605 2.13067e-21)
(0.996967 -0.265171 2.5582e-20)
(1.01694 -0.226393 0)
(1.03532 -0.191376 3.96225e-21)
(1.05231 -0.16006 4.1116e-21)
(1.06887 -0.132016 0)
(1.08469 -0.107723 -2.28575e-21)
(1.10427 -0.085966 0)
(1.11688 -0.0698942 1.3473e-20)
(1.1544 -0.0474084 -9.31105e-21)
(-0.375646 0.190996 -6.76349e-19)
(-0.331754 0.171735 6.31604e-19)
(-0.273619 0.136092 1.50767e-19)
(-0.187537 0.0724756 -1.39036e-19)
(-0.0550638 -0.0292833 5.34706e-19)
(0.139497 -0.163737 4.81355e-19)
(0.376296 -0.302027 8.02704e-19)
(0.609809 -0.409379 3.29671e-19)
(0.800046 -0.465455 4.74365e-19)
(0.932943 -0.475342 -2.07971e-19)
(1.01993 -0.456385 2.0247e-20)
(1.07359 -0.419817 1.8825e-19)
(1.10552 -0.375256 -1.43946e-19)
(1.12459 -0.329081 0)
(1.13665 -0.284703 -2.41317e-20)
(1.14534 -0.243836 6.3168e-20)
(1.15263 -0.207135 -2.99775e-20)
(1.15868 -0.174674 -3.85314e-21)
(1.16478 -0.146165 8.21721e-21)
(1.17136 -0.121196 -3.3295e-21)
(1.17885 -0.100208 3.95143e-23)
(1.18852 -0.0820803 2.49052e-21)
(1.194 -0.0689803 -2.88262e-21)
(1.21871 -0.0500201 1.96089e-21)
(-0.318152 0.208031 1.69355e-19)
(-0.257093 0.191734 -9.55892e-19)
(-0.175112 0.15939 3.04216e-19)
(-0.0572641 0.0965354 1.50107e-19)
(0.120725 -0.00982611 -5.38829e-19)
(0.372317 -0.148921 -9.89272e-19)
(0.654308 -0.28634 -1.04827e-18)
(0.902639 -0.389868 -3.30579e-19)
(1.0709 -0.437741 -2.52691e-19)
(1.16414 -0.440676 3.61245e-19)
(1.21098 -0.42019 -2.93672e-19)
(1.22987 -0.385009 0)
(1.23369 -0.344079 -6.67477e-21)
(1.23069 -0.30308 -5.43884e-20)
(1.22568 -0.264431 6.41943e-20)
(1.22108 -0.229002 -4.46129e-20)
(1.21737 -0.197072 -1.22728e-20)
(1.21509 -0.16866 -9.23554e-21)
(1.2144 -0.143771 -2.42386e-20)
(1.21507 -0.122158 6.22335e-21)
(1.2165 -0.10384 -7.62499e-21)
(1.21886 -0.0884301 1.45318e-21)
(1.21834 -0.0765717 2.16594e-21)
(1.23072 -0.0563445 -3.63212e-21)
(-0.259305 0.224374 7.71898e-19)
(-0.179766 0.209914 -6.46919e-19)
(-0.0734325 0.179392 1.57068e-19)
(0.0771294 0.115336 -4.41784e-19)
(0.306104 0.00535181 2.74278e-19)
(0.614735 -0.13249 2.56665e-19)
(0.925612 -0.259327 2.24837e-19)
(1.16055 -0.349884 3.06553e-19)
(1.28418 -0.387563 -2.8583e-19)
(1.33128 -0.384887 -5.53854e-19)
(1.34305 -0.367092 4.28042e-19)
(1.33466 -0.337405 -2.23376e-19)
(1.31767 -0.303185 7.4289e-20)
(1.29926 -0.269966 -4.107e-21)
(1.28255 -0.239079 0)
(1.26854 -0.210863 -2.53308e-20)
(1.25749 -0.185291 3.59677e-20)
(1.2491 -0.162325 9.91662e-21)
(1.24284 -0.141952 1.39249e-20)
(1.23816 -0.124051 -1.05994e-20)
(1.23377 -0.108236 1.14727e-20)
(1.229 -0.0937331 0)
(1.22332 -0.0814689 -6.33918e-21)
(1.22445 -0.0614769 5.44674e-21)
(-0.201525 0.238935 6.05389e-19)
(-0.103868 0.224723 1.29838e-18)
(0.0253783 0.19365 1.57538e-19)
(0.210968 0.125764 -1.45073e-19)
(0.499327 0.0158734 8.13004e-19)
(0.859177 -0.11137 -1.63221e-20)
(1.17486 -0.220926 6.00665e-19)
(1.36632 -0.293604 -2.98186e-19)
(1.43522 -0.322933 5.10688e-20)
(1.44326 -0.317045 2.10695e-19)
(1.43223 -0.306276 -1.3655e-19)
(1.40465 -0.283565 9.4079e-20)
(1.37414 -0.257225 -8.88714e-20)
(1.34722 -0.231802 5.75802e-20)
(1.32431 -0.20808 0)
(1.30525 -0.186308 -3.32424e-20)
(1.28945 -0.166506 -2.28513e-20)
(1.2762 -0.148584 1.22623e-20)
(1.26479 -0.132449 -9.51211e-21)
(1.25445 -0.117983 -1.93916e-20)
(1.24415 -0.10488 -8.55304e-21)
(1.23291 -0.0927661 1.02228e-21)
(1.22214 -0.0801916 7.62423e-21)
(1.20923 -0.0590398 -3.63941e-21)
(-0.147143 0.250901 1.72243e-19)
(-0.0328613 0.235131 -6.46448e-19)
(0.11776 0.20047 -1.51488e-19)
(0.346998 0.128346 0)
(0.707126 0.0251434 -2.82637e-19)
(1.09947 -0.0801567 -2.42228e-19)
(1.38175 -0.169084 -4.01433e-19)
(1.5078 -0.226855 -2.8202e-19)
(1.52688 -0.251017 4.58178e-20)
(1.51423 -0.252835 5.2568e-19)
(1.48275 -0.244115 -2.80314e-19)
(1.44218 -0.2291 2.02922e-19)
(1.40635 -0.212133 -2.15355e-19)
(1.37588 -0.194569 7.42311e-20)
(1.35018 -0.177401 0)
(1.32842 -0.161096 6.5318e-20)
(1.30973 -0.145876 -2.40434e-20)
(1.29324 -0.131824 1.73875e-20)
(1.27811 -0.118895 1.20807e-20)
(1.2635 -0.106955 0)
(1.24853 -0.0958381 3.28949e-22)
(1.23243 -0.084974 -3.93105e-22)
(1.21439 -0.0717398 1.17562e-20)
(1.19191 -0.0501025 -1.03246e-20)
(-0.0981544 0.259794 -6.33893e-21)
(0.030713 0.240446 0)
(0.204739 0.199005 -9.12783e-19)
(0.498897 0.127317 8.44562e-19)
(0.931739 0.0445799 5.0341e-19)
(1.31628 -0.0377495 2.10762e-19)
(1.52831 -0.108226 4.92436e-19)
(1.58991 -0.156587 -3.11115e-19)
(1.58067 -0.180234 0)
(1.54867 -0.186735 -1.58487e-19)
(1.50347 -0.184947 2.51767e-19)
(1.46164 -0.178106 -1.91521e-19)
(1.425 -0.168482 7.49392e-20)
(1.39352 -0.157646 -4.35933e-20)
(1.3664 -0.146429 -2.09905e-20)
(1.34276 -0.135253 1.35144e-20)
(1.32172 -0.124349 5.49157e-20)
(1.30245 -0.113833 -4.39859e-20)
(1.28416 -0.103717 3.73418e-20)
(1.26602 -0.0939207 1.55103e-20)
(1.24709 -0.0842729 -2.20541e-20)
(1.22643 -0.0739959 7.76572e-21)
(1.20312 -0.0602356 -1.67841e-20)
(1.17415 -0.0385158 1.76485e-20)
(-0.0560762 0.265467 -6.96084e-19)
(0.0856293 0.239509 -6.3754e-19)
(0.29485 0.190774 4.59707e-19)
(0.68498 0.132508 -1.53824e-19)
(1.15863 0.0806288 -7.54867e-19)
(1.48304 0.0154608 1.94518e-19)
(1.61297 -0.0447976 -5.26277e-19)
(1.62902 -0.0891913 0)
(1.60215 -0.112681 0)
(1.55666 -0.125357 3.00947e-19)
(1.51195 -0.129883 -1.20212e-19)
(1.47109 -0.129372 9.16366e-20)
(1.435 -0.125843 0)
(1.40345 -0.120567 4.34772e-20)
(1.37567 -0.114333 -1.14597e-19)
(1.35081 -0.107588 6.09684e-20)
(1.32805 -0.100568 3.07666e-21)
(1.3066 -0.0933728 2.76174e-21)
(1.28574 -0.0860024 -3.1842e-20)
(1.26473 -0.0783827 1.94479e-20)
(1.24265 -0.070321 -3.00057e-21)
(1.21845 -0.0608763 -9.32027e-21)
(1.19124 -0.0470728 3.22149e-20)
(1.158 -0.0258625 -9.33356e-21)
(-0.021887 0.267999 0)
(0.133497 0.230866 1.11695e-18)
(0.406696 0.182102 -5.7623e-19)
(0.905441 0.161149 3.91071e-19)
(1.35682 0.128264 4.22499e-19)
(1.58624 0.0726827 -3.75159e-19)
(1.65078 0.0165292 1.60805e-19)
(1.63994 -0.024819 0)
(1.59959 -0.0525728 3.25262e-19)
(1.55462 -0.0691993 -4.21762e-20)
(1.51131 -0.0787548 -2.06663e-19)
(1.47193 -0.0837003 8.6919e-20)
(1.43689 -0.0854879 0)
(1.40579 -0.0850982 4.71559e-20)
(1.3779 -0.0832071 8.72038e-20)
(1.35243 -0.0802548 -6.01126e-20)
(1.32864 -0.0765074 -3.43718e-20)
(1.30581 -0.0721006 3.75137e-21)
(1.2833 -0.0670652 2.31575e-20)
(1.26038 -0.0613474 -1.35116e-21)
(1.2361 -0.0547551 1.70112e-21)
(1.20937 -0.0462795 -2.38598e-21)
(1.17948 -0.0330036 -3.69208e-20)
(1.14346 -0.0129306 2.19857e-20)
(0.00409319 0.267123 8.59903e-20)
(0.182582 0.215536 -6.40119e-19)
(0.565659 0.189487 5.81837e-19)
(1.13088 0.211916 0)
(1.49658 0.183301 -6.41919e-19)
(1.63671 0.128272 -3.36076e-19)
(1.65786 0.0744307 -2.22766e-19)
(1.63012 0.0326406 -7.30424e-20)
(1.58829 0.00310569 -1.36085e-19)
(1.54441 -0.0174854 -1.2221e-19)
(1.50316 -0.0317091 1.77906e-19)
(1.46582 -0.0413203 -7.44813e-20)
(1.43234 -0.0475654 0)
(1.4022 -0.0513344 9.6203e-20)
(1.37471 -0.0532402 -2.21527e-20)
(1.34917 -0.0536831 -7.29874e-21)
(1.32493 -0.0529095 2.20415e-20)
(1.30136 -0.0510543 -1.28223e-20)
(1.27786 -0.0481664 8.00957e-21)
(1.25372 -0.0442247 3.21484e-21)
(1.22794 -0.0390717 -5.58183e-21)
(1.19945 -0.0317122 7.93715e-21)
(1.16774 -0.0193086 1.87641e-20)
(1.12985 -0.000759231 0)
(0.0221776 0.261174 0)
(0.252145 0.199009 0)
(0.77737 0.236909 0)
(1.31901 0.27183 -2.21563e-19)
(1.57612 0.238233 5.98102e-19)
(1.65067 0.18093 0)
(1.64516 0.127761 3.30484e-20)
(1.61099 0.085467 0)
(1.56904 0.0533414 2.24987e-20)
(1.52758 0.0292252 -8.58364e-20)
(1.4892 0.0112141 0)
(1.45439 -0.00217024 0)
(1.42282 -0.0120419 0)
(1.39399 -0.0192248 1.55365e-20)
(1.36729 -0.0243013 -6.64121e-20)
(1.34213 -0.027658 -3.91196e-20)
(1.31794 -0.0295322 5.43854e-21)
(1.29417 -0.0300503 -1.7886e-21)
(1.27022 -0.0292593 -5.14257e-21)
(1.24537 -0.0271526 9.56877e-21)
(1.21859 -0.023602 2.64105e-21)
(1.18894 -0.0176336 3.49884e-21)
(1.15602 -0.00644414 3.80142e-20)
(1.11699 0.0102533 -2.26463e-20)
(0.0347323 0.246735 -8.51797e-20)
(0.355379 0.198494 8.17537e-19)
(1.01202 0.314218 3.68329e-19)
(1.4477 0.335478 -4.03496e-19)
(1.61028 0.290007 3.09503e-19)
(1.64108 0.230294 -2.32521e-19)
(1.62095 0.176674 1.19126e-19)
(1.58424 0.132966 -1.43471e-19)
(1.54446 0.0984221 1.54871e-19)
(1.50633 0.0714026 -3.98011e-22)
(1.47113 0.0503099 -1.15936e-19)
(1.43894 0.0338301 4.8369e-20)
(1.4094 0.0209443 -3.33162e-20)
(1.38206 0.0108914 1.4586e-20)
(1.35643 0.00312439 -1.37259e-20)
(1.33199 -0.00273087 7.99707e-21)
(1.30825 -0.00691378 -2.93872e-21)
(1.28469 -0.00955774 3.3253e-21)
(1.26072 -0.01072 4.81842e-21)
(1.23561 -0.0104187 0)
(1.20834 -0.00856572 -9.10649e-21)
(1.1781 -0.00420039 1.80913e-20)
(1.14453 0.00553405 2.34487e-21)
(1.10499 0.0202197 -4.37696e-20)
(0.0513264 0.223264 1.71895e-19)
(0.51548 0.24953 -9.43334e-19)
(1.20562 0.399302 -4.91466e-19)
(1.5199 0.39527 5.02326e-19)
(1.6122 0.338166 -4.35871e-19)
(1.61621 0.275956 2.29247e-19)
(1.58901 0.221061 1.70865e-19)
(1.55297 0.1756 5.0978e-20)
(1.51634 0.138892 -4.69151e-20)
(1.48175 0.109454 6.83494e-20)
(1.44975 0.0858293 -3.55823e-20)
(1.4202 0.0668002 6.71719e-20)
(1.39279 0.051414 1.29465e-20)
(1.36711 0.0389508 -1.39081e-20)
(1.34277 0.0288866 0)
(1.31932 0.0208555 -4.19846e-22)
(1.29634 0.0146174 5.28778e-21)
(1.27331 0.0100337 6.60479e-21)
(1.24966 0.00703601 0)
(1.22465 0.00557666 0)
(1.19732 0.00569355 3.27891e-20)
(1.16693 0.00834189 -6.82273e-20)
(1.1332 0.0164933 -1.66758e-21)
(1.09367 0.0291028 3.70258e-20)
(0.0878862 0.196691 -2.65998e-19)
(0.734386 0.359026 8.68863e-21)
(1.33557 0.482094 -5.79571e-20)
(1.54757 0.450544 0)
(1.59303 0.383341 2.33214e-20)
(1.5816 0.317759 7.52125e-20)
(1.55198 0.260849 -6.97426e-20)
(1.51833 0.213585 4.89842e-20)
(1.48542 0.174988 2.44133e-20)
(1.45451 0.143549 0)
(1.42571 0.117856 -1.15441e-20)
(1.39884 0.0967492 1.53047e-20)
(1.37361 0.0793177 0)
(1.34972 0.0648644 -2.50835e-21)
(1.32683 0.0528716 -5.03633e-21)
(1.30458 0.0429692 8.5029e-21)
(1.28256 0.0349091 -2.92401e-20)
(1.2603 0.0285456 8.03021e-21)
(1.23724 0.0238017 -3.75248e-20)
(1.21266 0.0206043 7.51151e-20)
(1.18565 0.0189481 -4.867e-20)
(1.15552 0.019798 -4.51131e-20)
(1.122 0.0262933 7.51868e-20)
(1.08294 0.0368911 -4.42468e-20)
(0.160503 0.17636 -1.23823e-19)
(0.962944 0.492661 3.95693e-19)
(1.41634 0.557492 -2.29774e-19)
(1.54369 0.500047 0)
(1.55889 0.424355 -1.65715e-20)
(1.53988 0.355179 3.64119e-20)
(1.51119 0.296046 -1.60026e-20)
(1.4812 0.247076 0)
(1.45235 0.206853 -2.40167e-20)
(1.42514 0.173764 6.28082e-21)
(1.39955 0.1464 -8.77732e-21)
(1.37537 0.123627 3.73753e-21)
(1.3524 0.104552 0)
(1.33038 0.0884871 8.0719e-21)
(1.30905 0.0749084 9.78753e-21)
(1.28811 0.0634309 0)
(1.2672 0.0537887 8.54045e-21)
(1.24589 0.0458213 -3.59157e-20)
(1.22363 0.0394403 2.21226e-20)
(1.19975 0.0345495 0)
(1.17341 0.031113 1.09964e-20)
(1.14391 0.0301197 0)
(1.11097 0.034931 1.27151e-20)
(1.07281 0.0437086 -1.84593e-20)
(0.27472 0.228007 8.13774e-20)
(1.1467 0.628416 -8.53325e-20)
(1.44615 0.625228 2.56023e-19)
(1.51376 0.544205 1.28511e-20)
(1.51361 0.460856 7.78713e-20)
(1.49314 0.387779 1.6268e-20)
(1.46774 0.326502 -3.29901e-20)
(1.44214 0.276031 -1.00316e-20)
(1.41753 0.234474 0)
(1.39408 0.200082 -6.7587e-21)
(1.37172 0.171421 5.36759e-22)
(1.35028 0.147359 0)
(1.32961 0.127011 -5.65253e-21)
(1.30954 0.109685 -7.96739e-21)
(1.28985 0.0948458 -9.67197e-21)
(1.27029 0.0820871 0)
(1.25057 0.0711171 0)
(1.23029 0.0617506 1.25559e-20)
(1.20899 0.05388 0)
(1.18604 0.0473851 -2.98405e-20)
(1.16066 0.0422006 2.86236e-20)
(1.13214 0.0393511 -3.16552e-20)
(1.10013 0.0424626 3.91299e-20)
(1.06329 0.0497837 1.16614e-20)
(0.471974 0.450785 -1.6293e-20)
(1.23643 0.749577 3.52104e-20)
(1.43154 0.684805 1.83465e-20)
(1.46629 0.583103 -2.92645e-20)
(1.46037 0.491889 8.09157e-21)
(1.44263 0.414952 -1.59552e-20)
(1.42215 0.351874 7.675e-21)
(1.40151 0.300236 -2.48411e-21)
(1.38135 0.257709 -4.75673e-21)
(1.36174 0.222395 -2.00475e-21)
(1.34265 0.192816 9.99459e-21)
(1.32401 0.167834 -5.43512e-21)
(1.3057 0.146562 5.58156e-21)
(1.28763 0.128307 -7.983e-21)
(1.26962 0.112523 7.5386e-21)
(1.25148 0.098784 0)
(1.23297 0.0867689 -1.74375e-20)
(1.21378 0.0762598 2.12659e-20)
(1.19351 0.0671169 0)
(1.17163 0.059191 0)
(1.14744 0.0523733 4.59762e-21)
(1.12018 0.0476806 -1.82953e-20)
(1.08944 0.0489927 -2.18041e-20)
(1.0545 0.0555159 3.49943e-20)
(0.719961 0.746562 0)
(1.25685 0.848555 -4.2132e-20)
(1.38138 0.731128 3.43297e-21)
(1.40486 0.613522 -1.54743e-20)
(1.40122 0.515398 -5.18979e-22)
(1.38948 0.435827 -2.5237e-21)
(1.3751 0.371682 -6.4961e-22)
(1.35985 0.319441 9.34549e-22)
(1.34428 0.27642 3.92428e-21)
(1.32858 0.240607 -1.74666e-21)
(1.31282 0.210495 0)
(1.297 0.184942 -4.83574e-21)
(1.2811 0.16307 4.54406e-21)
(1.26507 0.144191 0)
(1.24878 0.127758 -1.70939e-22)
(1.2321 0.113336 1.70263e-22)
(1.21483 0.100585 -4.96934e-21)
(1.19673 0.0892533 -9.98396e-21)
(1.17749 0.0791638 9.98999e-21)
(1.1567 0.0701368 1.01057e-20)
(1.13376 0.0619938 -4.30816e-21)
(1.10788 0.0555197 -2.01882e-20)
(1.07864 0.0544785 5.11397e-21)
(1.04643 0.0615385 1.69608e-22)
(0.886814 1.05044 0)
(1.20382 0.919825 3.95507e-21)
(1.3023 0.758048 0)
(1.33319 0.631585 -1.22777e-22)
(1.33876 0.529847 0)
(1.33507 0.449572 0)
(1.32744 0.385474 -9.53553e-21)
(1.31779 0.333406 -4.41524e-21)
(1.30688 0.29048 -3.03213e-21)
(1.2951 0.254641 2.81785e-21)
(1.28265 0.224385 -6.86202e-21)
(1.26967 0.198592 0)
(1.25621 0.176407 0)
(1.24227 0.157163 -6.53334e-21)
(1.22778 0.14033 1.69836e-22)
(1.21263 0.125484 -6.45179e-21)
(1.19668 0.112286 -6.33054e-21)
(1.17974 0.100475 5.80182e-21)
(1.16159 0.0898606 -1.16993e-20)
(1.14191 0.0802631 1.1319e-20)
(1.12026 0.0714234 -2.22088e-20)
(1.09601 0.0634857 1.09367e-20)
(1.06854 0.0587206 -5.84768e-21)
(1.03741 0.0690437 -1.72707e-22)
)
;

boundaryField
{
    rotor
    {
        type            movingWallVelocity;
        value           nonuniform List<vector> 
144
(
(-0.039194 -0.00244115 0)
(-0.0548715 -0.00341761 0)
(-0.0705491 -0.00439407 0)
(-0.0862267 -0.00537053 -2.7918e-34)
(-0.101904 -0.006347 0)
(-0.117582 -0.00732346 0)
(-0.0312559 -0.00299583 0)
(-0.030993 -0.00503365 0)
(-0.0305974 -0.00704991 4.98765e-24)
(-0.0300708 -0.00903598 0)
(-0.0294155 -0.0109834 -9.97531e-24)
(-0.0286341 -0.0128837 0)
(-0.0277302 -0.0147289 0)
(-0.0267075 -0.016511 9.97531e-24)
(-0.0255704 -0.0182224 0)
(-0.0243239 -0.0198558 -9.97531e-24)
(-0.0229732 -0.0214041 9.97531e-24)
(-0.0215241 -0.0228608 -9.97531e-24)
(-0.0199829 -0.0242196 -9.97531e-24)
(-0.018356 -0.0254747 0)
(-0.0166506 -0.0266207 0)
(-0.0148739 -0.0276527 0)
(-0.0130335 -0.0285663 -9.97531e-24)
(-0.0111372 -0.0293575 0)
(-0.00919331 -0.0300231 0)
(-0.00721002 -0.0305601 0)
(-0.00519586 -0.0309662 0)
(-0.00315945 -0.0312397 0)
(-0.0011095 -0.0313795 0)
(0.000945188 -0.0313849 0)
(0.00244115 -0.039194 -5.14279e-35)
(0.00341761 -0.0548715 1.83671e-34)
(0.00439407 -0.0705491 0)
(0.00537053 -0.0862267 0)
(0.006347 -0.101904 0)
(0.00732346 -0.117582 0)
(0.00244115 -0.039194 3.34281e-34)
(0.00341761 -0.0548715 0)
(0.00439407 -0.0705491 -7.34684e-36)
(0.00537053 -0.0862267 0)
(0.006347 -0.101904 0)
(0.00732346 -0.117582 3.59995e-34)
(0.00299583 -0.0312559 0)
(0.00503365 -0.030993 0)
(0.00704991 -0.0305974 4.98765e-24)
(0.00903598 -0.0300708 0)
(0.0109834 -0.0294155 -9.97531e-24)
(0.0128837 -0.0286341 0)
(0.0147289 -0.0277302 0)
(0.016511 -0.0267075 9.97531e-24)
(0.0182224 -0.0255704 0)
(0.0198558 -0.0243239 -9.97531e-24)
(0.0214041 -0.0229732 9.97531e-24)
(0.0228608 -0.0215241 -9.97531e-24)
(0.0242196 -0.0199829 -9.97531e-24)
(0.0254747 -0.018356 0)
(0.0266207 -0.0166506 0)
(0.0276527 -0.0148739 0)
(0.0285663 -0.0130335 -9.97531e-24)
(0.0293575 -0.0111372 0)
(0.0300231 -0.00919331 0)
(0.0305601 -0.00721002 0)
(0.0309662 -0.00519586 0)
(0.0312397 -0.00315945 0)
(0.0313795 -0.0011095 0)
(0.0313849 0.000945188 0)
(0.039194 0.00244115 0)
(0.0548715 0.00341761 0)
(0.0705491 0.00439407 7.34684e-36)
(0.0862267 0.00537053 0)
(0.101904 0.006347 0)
(0.117582 0.00732346 0)
(0.039194 0.00244115 1.43263e-34)
(0.0548715 0.00341761 1.87344e-34)
(0.0705491 0.00439407 0)
(0.0862267 0.00537053 0)
(0.101904 0.006347 2.93874e-35)
(0.117582 0.00732346 -4.04076e-34)
(0.0312559 0.00299583 0)
(0.030993 0.00503365 0)
(0.0305974 0.00704991 4.98765e-24)
(0.0300708 0.00903598 0)
(0.0294155 0.0109834 -9.97531e-24)
(0.0286341 0.0128837 0)
(0.0277302 0.0147289 0)
(0.0267075 0.016511 9.97531e-24)
(0.0255704 0.0182224 0)
(0.0243239 0.0198558 -9.97531e-24)
(0.0229732 0.0214041 9.97531e-24)
(0.0215241 0.0228608 -9.97531e-24)
(0.0199829 0.0242196 -9.97531e-24)
(0.018356 0.0254747 0)
(0.0166506 0.0266207 0)
(0.0148739 0.0276527 0)
(0.0130335 0.0285663 -9.97531e-24)
(0.0111372 0.0293575 0)
(0.00919331 0.0300231 0)
(0.00721002 0.0305601 0)
(0.00519586 0.0309662 0)
(0.00315945 0.0312397 0)
(0.0011095 0.0313795 0)
(-0.000945188 0.0313849 0)
(-0.00244115 0.039194 0)
(-0.00341761 0.0548715 0)
(-0.00439407 0.0705491 0)
(-0.00537053 0.0862267 2.7918e-34)
(-0.006347 0.101904 0)
(-0.00732346 0.117582 0)
(-0.00244115 0.039194 0)
(-0.00341761 0.0548715 1.87344e-34)
(-0.00439407 0.0705491 0)
(-0.00537053 0.0862267 0)
(-0.006347 0.101904 0)
(-0.00732346 0.117582 0)
(-0.00299583 0.0312559 0)
(-0.00503365 0.030993 0)
(-0.00704991 0.0305974 4.98765e-24)
(-0.00903598 0.0300708 0)
(-0.0109834 0.0294155 -9.97531e-24)
(-0.0128837 0.0286341 0)
(-0.0147289 0.0277302 0)
(-0.016511 0.0267075 9.97531e-24)
(-0.0182224 0.0255704 0)
(-0.0198558 0.0243239 -9.97531e-24)
(-0.0214041 0.0229732 9.97531e-24)
(-0.0228608 0.0215241 -9.97531e-24)
(-0.0242196 0.0199829 -9.97531e-24)
(-0.0254747 0.018356 0)
(-0.0266207 0.0166506 0)
(-0.0276527 0.0148739 0)
(-0.0285663 0.0130335 -9.97531e-24)
(-0.0293575 0.0111372 0)
(-0.0300231 0.00919331 0)
(-0.0305601 0.00721002 0)
(-0.0309662 0.00519586 0)
(-0.0312397 0.00315945 0)
(-0.0313795 0.0011095 0)
(-0.0313849 -0.000945188 0)
(-0.039194 -0.00244115 -5.14279e-35)
(-0.0548715 -0.00341761 3.78362e-34)
(-0.0705491 -0.00439407 0)
(-0.0862267 -0.00537053 0)
(-0.101904 -0.006347 0)
(-0.117582 -0.00732346 0)
)
;
    }
    freestream
    {
        type            freestreamVelocity;
        freestreamValue uniform (1 0 0);
        value           nonuniform List<vector> 
96
(
(1.01396 0.0387475 0)
(1.00825 0.0353908 1.40515e-20)
(1.00474 0.0307158 4.78387e-20)
(1.00193 0.0259651 -4.66106e-20)
(0.999908 0.021478 2.31849e-20)
(0.998573 0.0174047 -6.3826e-20)
(0.997806 0.0138164 -3.81741e-20)
(0.997476 0.0107358 -7.55246e-20)
(0.997462 0.00815544 1.06342e-19)
(0.997658 0.00604661 3.46474e-21)
(0.997975 0.00436595 -5.61717e-20)
(0.998344 0.00306156 9.1593e-20)
(0.998716 0.00207766 5.74383e-21)
(0.999057 0.00135835 2.68144e-20)
(0.999346 0.000850515 0)
(0.999575 0.000505645 4.41588e-21)
(0.999744 0.000281194 -1.32224e-20)
(0.999856 0.000141396 6.48564e-21)
(0.99993 6.29677e-05 -4.44809e-21)
(0.999973 2.46468e-05 -2.68736e-21)
(0.999993 7.3652e-06 6.99792e-22)
(0.999999 1.23375e-06 2.59639e-22)
(1 7.66026e-09 1.24217e-25)
(1 -8.89703e-08 -9.12402e-26)
(0.999999 -1.89773e-06 0)
(0.999994 -8.86805e-06 6.53278e-22)
(0.999977 -2.65902e-05 2.58065e-21)
(0.999938 -6.40837e-05 -4.24442e-21)
(0.999868 -0.00013736 3.09482e-21)
(0.999764 -0.000269447 -1.27842e-20)
(0.999606 -0.000479982 -1.54423e-20)
(0.999386 -0.000802568 -3.30494e-20)
(0.999104 -0.00127836 5.70102e-20)
(0.998767 -0.00195563 5.65507e-21)
(0.998391 -0.00288854 -4.78137e-20)
(0.998006 -0.00413608 1.00714e-19)
(0.997659 -0.00576002 3.59955e-21)
(0.997415 -0.00782175 5.10411e-20)
(0.99736 -0.0103781 0)
(0.997598 -0.0134759 -2.23024e-21)
(0.998249 -0.0171441 -6.5297e-20)
(0.999444 -0.0213838 4.55875e-20)
(1.00131 -0.0261505 -4.76158e-20)
(1.00395 -0.0313188 -2.98265e-20)
(1.00745 -0.036559 1.46037e-20)
(1.01274 -0.040902 2.57346e-20)
(1.02044 -0.0423906 9.62086e-23)
(1.02768 -0.0418465 -9.98872e-23)
(1.03544 -0.040945 9.39311e-21)
(1.04439 -0.0395178 7.94348e-21)
(1.0546 -0.0370476 3.73877e-20)
(1.06599 -0.0331206 -3.33624e-20)
(1.07849 -0.027395 1.26457e-20)
(1.09202 -0.0195318 -3.77809e-20)
(1.10648 -0.00919091 -1.64122e-21)
(1.1218 0.00395984 -1.64168e-20)
(1.13786 0.0202379 2.21331e-20)
(1.15449 0.0399264 -5.56898e-21)
(1.17144 0.0632266 -6.84163e-21)
(1.18842 0.0902088 2.02854e-21)
(1.20467 0.120681 3.33735e-21)
(1.21857 0.154004 -5.49271e-21)
(1.22702 0.188921 0)
(1.22433 0.223027 5.79727e-21)
(1.20175 0.252395 2.41694e-21)
(1.14872 0.271737 -1.53035e-21)
(1.0574 0.274983 6.7115e-22)
(0.929378 0.257595 -9.40738e-23)
(0.77813 0.219727 3.90638e-23)
(0.623293 0.166964 8.83409e-22)
(0.48671 0.10701 8.9063e-24)
(0.413424 0.0569362 3.55096e-22)
(0.412579 0.0119471 -3.65517e-22)
(0.489127 -0.0262524 2.426e-23)
(0.626594 -0.0502592 4.98877e-21)
(0.799592 -0.059633 -5.82296e-21)
(0.985535 -0.0532366 2.7388e-21)
(1.14628 -0.0449137 -8.82108e-21)
(1.20381 -0.0466126 1.82731e-21)
(1.21071 -0.0514581 -3.31714e-21)
(1.20039 -0.0548869 4.86288e-21)
(1.18252 -0.0515017 -3.17473e-21)
(1.16353 -0.0426935 -8.79783e-21)
(1.14481 -0.0320268 1.46751e-20)
(1.12802 -0.0209549 -7.56246e-21)
(1.11306 -0.010191 1.73276e-20)
(1.09932 -0.000580728 0)
(1.08662 0.00759162 -1.67675e-20)
(1.07504 0.0144521 -3.12844e-20)
(1.06444 0.0200211 2.54716e-20)
(1.05475 0.0243491 -2.9204e-20)
(1.04595 0.0275851 -1.16499e-20)
(1.03806 0.0299386 7.01289e-21)
(1.03112 0.0317025 1.99836e-20)
(1.0251 0.0332611 9.16721e-23)
(1.01909 0.0352314 -8.81285e-23)
)
;
    }
    frontAndBack
    {
        type            empty;
    }
}


// ************************************************************************* //
