/*--------------------------------*- C++ -*----------------------------------*\
  =========                 |
  \\      /  F ield         | OpenFOAM: The Open Source CFD Toolbox
   \\    /   O peration     | Website:  https://openfoam.org
    \\  /    A nd           | Version:  11
     \\/     M anipulation  |
\*---------------------------------------------------------------------------*/
FoamFile
{
    format      ascii;
    class       volVectorField;
    location    "0.68";
    object      U;
}
// * * * * * * * * * * * * * * * * * * * * * * * * * * * * * * * * * * * * * //

dimensions      [0 1 -1 0 0 0 0];

internalField   nonuniform List<vector> 
2880
(
(-0.0803822 -0.0557082 0)
(-0.148721 -0.163006 -2.24427e-20)
(-0.150838 -0.177832 2.17152e-20)
(-0.100327 -0.0900028 3.93875e-20)
(-0.00052357 0.0265799 -2.92662e-19)
(0.192112 0.398202 -4.84914e-21)
(-0.125086 -0.0885863 -2.2478e-19)
(-0.158113 -0.15509 2.09148e-20)
(-0.12668 -0.144703 2.37754e-19)
(-0.0457405 -0.046451 1.01813e-19)
(0.0828752 0.0751132 2.64069e-19)
(0.313552 0.288149 2.71862e-19)
(-0.143572 -0.0962319 2.17045e-19)
(-0.153751 -0.138348 0)
(-0.0926267 -0.114027 0)
(0.0177963 -0.0200246 -8.39787e-20)
(0.182113 0.0970521 -2.25944e-20)
(0.415016 0.257095 -8.51593e-20)
(-0.16139 -0.0980222 -2.16316e-19)
(-0.14732 -0.124553 8.74834e-21)
(-0.061128 -0.089636 -1.14128e-19)
(0.0738079 -0.00163492 1.17631e-20)
(0.260735 0.10984 -1.01321e-20)
(0.500467 0.240735 4.80471e-20)
(-0.183306 -0.0943139 2.12282e-19)
(-0.139691 -0.112335 -8.11728e-21)
(-0.0328068 -0.0703693 1.09104e-19)
(0.122669 0.0117787 0)
(0.327011 0.115909 -8.66837e-21)
(0.571281 0.22982 -5.02749e-20)
(-0.198735 -0.090934 3.24153e-21)
(-0.131936 -0.10087 -1.89508e-21)
(-0.00810295 -0.0550326 3.05328e-21)
(0.164366 0.0218782 -2.57636e-21)
(0.382568 0.119395 0)
(0.629952 0.223315 -1.46342e-20)
(-0.211058 -0.0880735 0)
(-0.12488 -0.0904523 0)
(0.0125692 -0.0427376 0)
(0.199053 0.0295811 6.32959e-22)
(0.42901 0.122225 -5.62584e-22)
(0.678753 0.221289 1.47265e-20)
(-0.221748 -0.0861659 -7.78248e-22)
(-0.119189 -0.0811732 -5.77509e-20)
(0.0288887 -0.0328661 1.40381e-21)
(0.226879 0.0354838 0)
(0.467308 0.125054 0)
(0.719143 0.223045 0)
(-0.230666 -0.0853358 0)
(-0.115275 -0.0729937 5.54751e-20)
(0.040636 -0.0249939 5.60992e-21)
(0.247962 0.0399395 -4.87287e-21)
(0.49803 0.127999 0)
(0.751941 0.227374 -7.50379e-21)
(-0.237525 -0.0853766 0)
(-0.11339 -0.065793 6.77292e-21)
(0.0476614 -0.018803 8.13455e-20)
(0.262373 0.0430372 -9.99486e-21)
(0.521482 0.130855 -6.37429e-20)
(0.777698 0.233081 -1.57059e-20)
(-0.242277 -0.0859041 0)
(-0.113689 -0.0593991 -1.13396e-19)
(0.0498508 -0.0140201 4.50127e-21)
(0.270127 0.044751 0)
(0.537776 0.133202 7.32954e-20)
(0.796777 0.239208 -6.76884e-20)
(-0.245043 -0.0864579 -5.82863e-21)
(-0.116256 -0.0536037 1.07549e-19)
(0.0470902 -0.0104028 -2.59444e-19)
(0.270929 0.0449909 0)
(0.546788 0.134678 0)
(0.809503 0.245014 -7.10951e-20)
(-0.245804 -0.0864719 0)
(-0.12113 -0.0481967 2.13162e-19)
(0.0392789 -0.00769267 1.74187e-19)
(0.264775 0.0438118 0)
(0.548215 0.135 1.50977e-19)
(0.816444 0.249957 1.39676e-19)
(-0.244718 -0.0855397 0)
(-0.128273 -0.0429978 -1.76651e-21)
(0.0263342 -0.00560828 0)
(0.25119 0.0410907 0)
(0.541602 0.133763 -3.05143e-19)
(0.817477 0.253457 0)
(-0.241889 -0.0829853 0)
(-0.137444 -0.0378084 -2.1951e-19)
(0.00820048 -0.00386761 -2.2305e-20)
(0.229859 0.0367886 1.9478e-20)
(0.526248 0.130584 1.94247e-19)
(0.812374 0.254928 -7.27466e-20)
(-0.237633 -0.0783531 -3.49827e-19)
(-0.148358 -0.0324349 -6.94012e-21)
(-0.0150883 -0.00217609 -1.97085e-19)
(0.200391 0.0308771 1.95041e-20)
(0.501196 0.125155 1.56189e-19)
(0.800693 0.253664 0)
(-0.232288 -0.0710738 -1.48415e-21)
(-0.160642 -0.0267217 0)
(-0.043316 -0.000261299 2.00219e-19)
(0.162466 0.0234287 -1.95114e-20)
(0.46509 0.117339 -6.95651e-22)
(0.781705 0.248722 -3.90049e-20)
(-0.226751 -0.0607401 3.71091e-19)
(-0.17379 -0.0206316 -2.36118e-19)
(-0.0759599 0.00204794 2.24922e-20)
(0.115912 0.0146863 -4.05494e-20)
(0.415885 0.107152 -1.40645e-19)
(0.754435 0.238878 0)
(-0.223225 -0.0485469 -3.99127e-19)
(-0.187055 -0.0144033 1.45552e-20)
(-0.111839 0.00485436 -1.78957e-19)
(0.0608076 0.00514124 0)
(0.351027 0.094836 0)
(0.71707 0.222413 -1.50171e-19)
(-0.213039 -0.0245349 3.526e-19)
(-0.198053 -0.00861991 2.49981e-19)
(-0.148751 0.00825717 2.98353e-21)
(-0.00173303 -0.00422278 0)
(0.267488 0.0815604 -4.13102e-20)
(0.666388 0.196633 2.28472e-19)
(-0.196734 -0.0123002 1.44928e-20)
(-0.203919 -0.00418206 -7.88009e-21)
(-0.183861 0.0124427 1.63205e-19)
(-0.068327 -0.0121295 3.93578e-20)
(0.16031 0.0694331 -1.78352e-20)
(0.597222 0.156882 0)
(-0.18003 -0.00761688 -3.14329e-19)
(-0.206147 0.000506905 -2.51322e-19)
(-0.2148 0.0186597 1.52173e-19)
(-0.131309 -0.0176822 -1.11038e-21)
(0.0200118 0.0627534 5.5731e-20)
(0.500002 0.0910351 -1.3887e-19)
(-0.156581 -0.000987522 -1.75585e-20)
(-0.201448 0.00616509 -5.18931e-22)
(-0.24198 0.0265944 -1.98354e-19)
(-0.180802 -0.0211087 -1.15457e-19)
(-0.170854 0.0647999 1.52599e-20)
(0.379639 -0.0101592 8.16692e-20)
(-0.0922235 -0.0015106 4.09767e-19)
(-0.159659 0.00344487 3.07958e-19)
(-0.24403 0.0346944 2.03617e-19)
(-0.201176 -0.00487275 1.41181e-19)
(-0.372577 0.109897 0)
(0.277584 -0.00308863 -4.68964e-20)
(0.80049 0.323591 -2.28263e-20)
(1.01092 0.21515 0)
(1.14091 0.187128 -5.08943e-20)
(1.22567 0.183329 -1.51597e-20)
(1.27564 0.181951 8.83453e-21)
(1.30156 0.178503 -7.53695e-21)
(1.31208 0.172662 6.95902e-21)
(1.31339 0.165013 1.39755e-20)
(1.30963 0.1563 1.55503e-20)
(1.30325 0.147042 1.14927e-20)
(1.29565 0.137564 0)
(1.28757 0.128117 0)
(1.27929 0.118836 -4.89164e-20)
(1.27083 0.109788 4.67195e-20)
(1.26206 0.101017 -1.4623e-20)
(1.25281 0.0925718 1.15642e-19)
(1.24281 0.0845333 -9.74152e-20)
(1.23174 0.0770243 0)
(1.21918 0.0702267 -2.44972e-20)
(1.20451 0.0642479 2.33747e-20)
(1.18696 0.0591602 0)
(1.16605 0.0563439 0)
(1.14238 0.0609125 0)
(1.11398 0.0747446 2.12094e-20)
(0.815803 0.305706 3.06553e-20)
(1.04056 0.244441 0)
(1.17249 0.223199 0)
(1.25053 0.21586 6.84798e-21)
(1.29077 0.208243 0)
(1.30752 0.19854 0)
(1.31091 0.187464 1.55819e-20)
(1.30722 0.175777 -1.3904e-20)
(1.30008 0.164031 3.05099e-21)
(1.29153 0.152579 1.63127e-20)
(1.28257 0.141605 5.58657e-20)
(1.27355 0.131156 -3.44859e-20)
(1.26454 0.121217 1.65343e-20)
(1.25545 0.111754 -3.42116e-20)
(1.2461 0.102744 -1.57372e-20)
(1.23629 0.0941872 -3.23221e-20)
(1.22574 0.0861198 4.52388e-20)
(1.2141 0.0786312 5.9563e-20)
(1.20095 0.0718623 -5.65402e-20)
(1.18572 0.0658881 1.42993e-20)
(1.1677 0.0607261 5.30282e-20)
(1.14649 0.0577348 -5.07523e-20)
(1.1226 0.0620189 1.42385e-20)
(1.09444 0.074783 0)
(0.833131 0.301294 1.28074e-20)
(1.06654 0.269926 -9.26119e-22)
(1.19524 0.254068 6.09698e-21)
(1.26363 0.242583 -1.04487e-20)
(1.29466 0.229262 -1.47853e-20)
(1.30442 0.214455 8.57516e-21)
(1.30304 0.199316 -4.25855e-20)
(1.29635 0.184574 1.77513e-20)
(1.28747 0.170615 -1.83699e-20)
(1.27797 0.157603 -2.08569e-20)
(1.26846 0.14554 5.9527e-22)
(1.25909 0.134345 -2.09326e-20)
(1.24979 0.12391 0)
(1.24039 0.11413 -1.89765e-21)
(1.23071 0.104926 1.9003e-20)
(1.22051 0.0962522 0)
(1.20954 0.0881095 1.76006e-20)
(1.19748 0.080557 -3.24693e-20)
(1.18393 0.0736969 1.46248e-20)
(1.16838 0.067571 -1.41919e-20)
(1.1502 0.0621564 -7.3027e-20)
(1.129 0.0587632 4.08963e-20)
(1.10522 0.0624963 -7.13619e-20)
(1.07768 0.0742226 7.05437e-20)
(0.862488 0.297497 7.16031e-21)
(1.08808 0.289512 0)
(1.20812 0.277905 -5.25287e-21)
(1.26673 0.263028 1.04171e-20)
(1.2903 0.245396 1.47276e-20)
(1.29516 0.226845 0)
(1.29085 0.208744 1.16971e-20)
(1.28262 0.191791 -3.46596e-20)
(1.27308 0.176249 2.21198e-20)
(1.26338 0.162123 0)
(1.25387 0.149286 2.3746e-20)
(1.24453 0.137556 2.06893e-20)
(1.23521 0.126752 2.1416e-20)
(1.22571 0.116717 -2.20754e-20)
(1.21584 0.107335 -1.87715e-20)
(1.2054 0.0985275 -1.9774e-20)
(1.19415 0.0902654 -3.64307e-20)
(1.18182 0.0825796 -5.35051e-20)
(1.16805 0.0755398 8.35041e-20)
(1.1524 0.0691485 -3.23e-20)
(1.1343 0.0633548 -1.3306e-21)
(1.11338 0.0594024 1.47483e-20)
(1.08996 0.0623714 6.2267e-20)
(1.06336 0.0732332 -3.77931e-20)
(0.893367 0.295913 0)
(1.10417 0.304636 -1.49618e-20)
(1.21306 0.295617 0)
(1.26275 0.278321 0)
(1.28046 0.25764 0)
(1.28195 0.236426 0)
(1.27601 0.216228 0)
(1.26722 0.19773 1.37126e-20)
(1.25773 0.181091 -1.27035e-20)
(1.24833 0.166197 -1.35381e-20)
(1.23915 0.152813 -1.04249e-20)
(1.23007 0.140687 -2.42152e-20)
(1.22089 0.129592 1.06626e-20)
(1.21143 0.11934 4.34348e-20)
(1.2015 0.109788 3.57921e-22)
(1.19093 0.100837 -1.06013e-20)
(1.17952 0.0924302 3.8354e-20)
(1.16704 0.0845709 8.32581e-21)
(1.1532 0.0772972 -9.47502e-21)
(1.13762 0.0705732 9.12241e-21)
(1.11981 0.0643126 1.62437e-20)
(1.09937 0.0596804 3.46595e-20)
(1.07652 0.0616404 -3.34211e-20)
(1.05118 0.0719451 -1.54355e-20)
(0.922386 0.296899 0)
(1.11532 0.315996 1.49489e-20)
(1.21209 0.308451 0)
(1.25387 0.289577 0)
(1.26702 0.266817 0)
(1.26628 0.243764 8.49218e-21)
(1.2596 0.222137 0)
(1.25092 0.202605 -7.74821e-21)
(1.24193 0.185238 -5.97086e-22)
(1.23311 0.169822 2.08409e-20)
(1.22446 0.156048 -1.29094e-20)
(1.21578 0.143618 0)
(1.20688 0.132279 5.84731e-21)
(1.19757 0.121829 1.18027e-20)
(1.18769 0.112112 1.74181e-20)
(1.1771 0.103012 -2.14188e-20)
(1.16564 0.0944529 0)
(1.15312 0.086409 1.50464e-20)
(1.13932 0.0788864 -1.02229e-20)
(1.12392 0.0718247 9.7563e-21)
(1.10651 0.0650897 -2.32098e-20)
(1.08666 0.0596632 1.31704e-20)
(1.06452 0.0601169 -4.74929e-21)
(1.04104 0.0703761 0)
(0.947831 0.300086 0)
(1.12197 0.324613 0)
(1.20685 0.317735 -6.46022e-22)
(1.24176 0.297824 -6.57721e-22)
(1.25134 0.273652 -7.87269e-23)
(1.24918 0.24935 -7.33813e-21)
(1.24235 0.226781 0)
(1.23419 0.206586 2.15694e-21)
(1.22595 0.188751 5.69613e-21)
(1.21789 0.17298 -7.36605e-21)
(1.20988 0.158917 0)
(1.20171 0.146238 0)
(1.19317 0.134679 -6.41871e-21)
(1.18413 0.124034 3.20961e-21)
(1.17442 0.114145 -8.91183e-21)
(1.16394 0.10489 0)
(1.15254 0.096181 0)
(1.14009 0.0879689 -5.24094e-21)
(1.12641 0.0802343 2.62934e-21)
(1.11127 0.0729183 -5.07272e-21)
(1.09428 0.0658645 7.20471e-21)
(1.07496 0.0595689 9.6048e-21)
(1.05332 0.0569856 -3.76273e-21)
(1.03246 0.0680811 4.84609e-21)
(0.968769 0.304785 0)
(1.12462 0.331358 0)
(1.19857 0.324569 0)
(1.22753 0.303908 0)
(1.23431 0.278737 0)
(1.23129 0.253581 5.27459e-21)
(1.22471 0.230405 -1.52475e-20)
(1.21731 0.209801 0)
(1.20997 0.191669 -9.2987e-21)
(1.20275 0.175652 -8.77614e-21)
(1.19544 0.161358 8.28913e-21)
(1.18784 0.148455 -7.84103e-21)
(1.17978 0.136677 2.37933e-22)
(1.1711 0.125823 1.38429e-20)
(1.1617 0.115736 6.73192e-21)
(1.15146 0.106299 0)
(1.14029 0.0974237 0)
(1.12808 0.0890547 1.15463e-20)
(1.11469 0.0811724 -1.11014e-20)
(1.09996 0.0737601 -1.07899e-20)
(1.08365 0.066737 5.09103e-21)
(1.06553 0.0602155 0)
(1.04559 0.0526121 -6.31767e-21)
(1.02252 0.0664427 5.72811e-21)
(0.984711 0.310391 5.07132e-21)
(1.12377 0.336898 0)
(1.18806 0.329807 0)
(1.21193 0.308496 0)
(1.21648 0.282541 -2.57579e-20)
(1.213 0.256772 2.42885e-20)
(1.20693 0.233201 2.13382e-20)
(1.20042 0.212346 -1.01124e-20)
(1.19404 0.194023 -1.01924e-20)
(1.18769 0.17782 8.4306e-21)
(1.18114 0.163328 8.75872e-21)
(1.17418 0.150206 -8.42927e-21)
(1.16665 0.138195 7.83976e-21)
(1.15845 0.127096 -7.00307e-21)
(1.14947 0.116759 -6.68102e-21)
(1.13962 0.107067 4.01025e-20)
(1.12884 0.0979331 8.90787e-23)
(1.11703 0.0893033 -1.17774e-20)
(1.10411 0.0811537 0)
(1.08997 0.073396 0)
(1.0746 0.0657011 5.36364e-21)
(1.05797 0.0581831 0)
(1.03902 0.0546386 5.13149e-21)
(1.01294 0.067579 1.90159e-20)
(0.995615 0.316395 9.31019e-20)
(1.11988 0.341732 0)
(1.17588 0.334085 6.46606e-20)
(1.19538 0.312094 0)
(1.19816 0.285425 2.56135e-20)
(1.19452 0.25916 3.32638e-21)
(1.18911 0.235308 7.29993e-20)
(1.18357 0.21429 -4.62001e-20)
(1.17818 0.195833 0)
(1.17273 0.179478 3.89999e-20)
(1.16696 0.164799 -3.63e-20)
(1.16068 0.151458 3.55652e-20)
(1.15376 0.139198 0)
(1.1461 0.127824 0)
(1.13763 0.117185 9.04603e-22)
(1.12828 0.107163 1.43749e-20)
(1.118 0.0976674 0)
(1.1067 0.0886406 -6.40737e-20)
(1.09432 0.0800387 2.41118e-20)
(1.0808 0.0716949 0)
(1.06616 0.063206 7.02429e-20)
(1.05016 0.0551601 -6.86017e-20)
(1.03116 0.05281 0)
(1.00784 0.0629658 0)
(1.00177 0.322416 -1.90039e-19)
(1.11338 0.346235 1.85071e-20)
(1.16235 0.337872 2.3225e-20)
(1.17811 0.315072 -8.1374e-20)
(1.1795 0.28765 0)
(1.17592 0.260915 -1.10227e-19)
(1.17129 0.236825 -4.91676e-20)
(1.16676 0.21568 9.36809e-20)
(1.16238 0.197112 -4.56058e-20)
(1.15783 0.180619 -4.12471e-20)
(1.15287 0.165761 -3.88849e-20)
(1.1473 0.152203 2.27108e-21)
(1.14104 0.139691 -1.18106e-21)
(1.13399 0.128031 6.52714e-20)
(1.1261 0.117074 -9.20034e-20)
(1.11733 0.106698 0)
(1.10762 0.0968089 2.9192e-20)
(1.0969 0.0873451 0)
(1.08514 0.0782511 7.79677e-20)
(1.07232 0.0693317 -7.68301e-20)
(1.05847 0.0602065 -2.37778e-20)
(1.04326 0.0517358 2.33399e-20)
(1.02486 0.049511 -1.24626e-19)
(1.00351 0.0574312 7.12398e-20)
(1.00361 0.328215 1.08612e-19)
(1.10455 0.350726 -1.95094e-20)
(1.14762 0.341516 -3.28446e-20)
(1.16019 0.317691 3.20549e-20)
(1.16052 0.289392 -6.65861e-20)
(1.1572 0.262144 5.71142e-20)
(1.15344 0.237808 -5.71083e-20)
(1.14995 0.216538 5.27629e-20)
(1.14658 0.197864 4.56031e-20)
(1.14296 0.181235 0)
(1.13883 0.166205 0)
(1.13402 0.152438 -7.48758e-20)
(1.12846 0.139686 3.51836e-20)
(1.12209 0.127756 3.54391e-20)
(1.11485 0.116497 1.64756e-19)
(1.10671 0.105788 -9.46958e-20)
(1.09763 0.0955319 -2.91027e-20)
(1.08757 0.0856672 0)
(1.0765 0.0761355 -1.1078e-19)
(1.06444 0.0667376 1.33336e-19)
(1.05145 0.0571271 0)
(1.03714 0.0482784 -7.84418e-20)
(1.01953 0.0457252 1.26715e-19)
(0.999769 0.051765 2.44024e-20)
(1.00137 0.333606 0)
(1.09346 0.355484 -4.27499e-20)
(1.13173 0.345251 -1.24283e-19)
(1.14158 0.320102 -3.74383e-20)
(1.14116 0.290746 3.12499e-19)
(1.13829 0.262902 -1.95247e-19)
(1.13548 0.238281 -6.00493e-21)
(1.13307 0.216864 -1.60595e-19)
(1.13074 0.198073 -1.03707e-19)
(1.12807 0.181308 4.65107e-20)
(1.12481 0.166114 -8.9664e-20)
(1.12082 0.152156 -3.95759e-20)
(1.11602 0.139187 7.68588e-20)
(1.11037 0.127017 -1.08065e-19)
(1.10384 0.115495 -3.3597e-20)
(1.0964 0.104495 3.20787e-20)
(1.08803 0.0939225 0)
(1.07869 0.0837149 0)
(1.06838 0.0738149 0)
(1.05715 0.0640284 1.12762e-19)
(1.04511 0.0540409 -2.19319e-19)
(1.03181 0.0448685 8.07565e-20)
(1.01506 0.0418319 -1.65226e-19)
(0.996734 0.0462372 1.04475e-19)
(0.995417 0.338751 0)
(1.08029 0.360746 4.5324e-20)
(1.11468 0.349194 1.21266e-19)
(1.12218 0.322376 0)
(1.12133 0.291743 -2.16497e-19)
(1.11909 0.263193 2.67085e-19)
(1.11734 0.238228 -7.85678e-21)
(1.11607 0.21663 -1.75792e-19)
(1.11481 0.197707 1.05977e-19)
(1.11314 0.180805 -3.00909e-21)
(1.11079 0.16546 9.17822e-20)
(1.10766 0.151335 -8.83714e-20)
(1.10368 0.138185 8.10047e-20)
(1.09882 0.125818 -2.14695e-21)
(1.09307 0.114081 -7.28674e-20)
(1.08639 0.102846 0)
(1.07879 0.0920169 6.84031e-20)
(1.07024 0.0815329 0)
(1.06075 0.071339 0)
(1.05041 0.0612508 0)
(1.03937 0.0509866 1.15858e-19)
(1.02713 0.0415649 -1.12837e-19)
(1.01133 0.0379952 1.14877e-19)
(0.994396 0.0409461 0)
(0.986109 0.343839 2.4044e-20)
(1.06498 0.36666 0)
(1.09622 0.3534 0)
(1.10183 0.324516 8.56162e-20)
(1.10087 0.292364 -7.73792e-20)
(1.09948 0.262974 -7.68627e-20)
(1.09891 0.237595 1.98939e-19)
(1.09885 0.215779 1.17677e-19)
(1.09874 0.196709 6.58074e-21)
(1.09812 0.179674 2.07233e-19)
(1.09675 0.164199 -9.38707e-20)
(1.09454 0.149942 8.79864e-20)
(1.09144 0.136654 -8.7394e-20)
(1.08744 0.124142 1.56753e-19)
(1.08252 0.112247 -7.47734e-20)
(1.07667 0.100839 0)
(1.0699 0.0898207 -6.83907e-20)
(1.06219 0.0791312 6.56687e-20)
(1.05358 0.0687199 -4.57199e-22)
(1.04419 0.0584171 -6.1649e-20)
(1.0342 0.0479756 0)
(1.02305 0.0383902 0)
(1.00826 0.0342882 -2.98264e-19)
(0.992713 0.0359415 2.26927e-19)
(0.973584 0.349037 -2.03003e-19)
(1.04749 0.37334 1.98688e-19)
(1.07598 0.357912 0)
(1.08031 0.326466 1.85874e-19)
(1.07961 0.292528 -1.72786e-19)
(1.07932 0.262155 1.48645e-19)
(1.0801 0.236292 8.50794e-21)
(1.08137 0.214222 0)
(1.08247 0.194998 -1.10883e-19)
(1.08298 0.177846 1.11829e-19)
(1.08267 0.162272 -3.21888e-22)
(1.08145 0.147926 -1.89852e-19)
(1.0793 0.134554 1.76585e-19)
(1.07622 0.121958 -8.64137e-20)
(1.07219 0.109971 8.25932e-20)
(1.06723 0.0984606 -7.48032e-20)
(1.06134 0.087325 7.5844e-20)
(1.05453 0.0765061 2.11516e-19)
(1.04686 0.0659593 7.0188e-20)
(1.03846 0.0555332 -6.46679e-20)
(1.02953 0.0450172 0)
(1.01949 0.0353612 0)
(1.00578 0.0307562 -6.4182e-20)
(0.991622 0.0312579 -1.80493e-19)
(0.957711 0.354588 4.89548e-19)
(1.02761 0.380888 -1.92008e-19)
(1.05353 0.362702 -4.78314e-20)
(1.05734 0.328101 -1.85278e-19)
(1.05737 0.292078 1.72101e-19)
(1.05849 0.26059 -8.13183e-20)
(1.06081 0.234182 -2.21844e-19)
(1.06355 0.21184 2.72881e-19)
(1.06599 0.192469 -2.40495e-19)
(1.06772 0.175231 1.14506e-19)
(1.06854 0.159603 0)
(1.06838 0.145225 0)
(1.06726 0.131835 1.86832e-19)
(1.06515 0.119224 -3.54335e-19)
(1.06209 0.107221 1.68829e-19)
(1.05807 0.0956841 -2.39636e-19)
(1.05311 0.0845111 7.9347e-20)
(1.04724 0.0736462 -7.26678e-20)
(1.04054 0.0630526 1.43941e-19)
(1.03316 0.0526007 1.38182e-19)
(1.02531 0.0421174 -5.40061e-19)
(1.01639 0.0324875 2.62845e-19)
(1.00382 0.0274274 -2.6371e-19)
(0.991049 0.0269198 2.44674e-19)
(0.938049 0.360845 -4.20156e-19)
(1.00478 0.389514 0)
(1.02852 0.367577 -5.50025e-20)
(1.0326 0.32916 4.95486e-20)
(1.03395 0.290766 0)
(1.03687 0.258072 0)
(1.04099 0.231087 1.46429e-19)
(1.04536 0.20848 -2.79588e-19)
(1.04927 0.188995 -1.26267e-19)
(1.05233 0.171721 1.19264e-19)
(1.05437 0.156103 -1.11557e-19)
(1.05537 0.141765 0)
(1.05533 0.128434 0)
(1.05427 0.115891 9.01939e-20)
(1.05221 0.103954 -8.65984e-20)
(1.04918 0.092477 0)
(1.0452 0.0813548 -2.44549e-19)
(1.04031 0.0705355 8.00192e-20)
(1.03461 0.059992 -7.67747e-20)
(1.02827 0.0496187 -1.44928e-19)
(1.0215 0.0392778 2.82949e-19)
(1.0137 0.0297712 0)
(1.00232 0.0243191 6.68592e-20)
(0.99092 0.0229438 2.0759e-19)
(0.913688 0.368319 4.30899e-19)
(0.978277 0.399289 2.92938e-19)
(1.00028 0.372196 6.34944e-20)
(1.00568 0.329239 1.19537e-19)
(1.00917 0.288278 0)
(1.01437 0.25433 1.87146e-19)
(1.02058 0.226784 3.27933e-19)
(1.0268 0.203957 -3.00228e-19)
(1.03234 0.184425 2.75368e-19)
(1.03685 0.167194 -3.46605e-21)
(1.04021 0.15167 -2.35381e-19)
(1.04243 0.137462 3.27321e-19)
(1.04354 0.124282 -3.09175e-19)
(1.04358 0.111901 9.46031e-20)
(1.04258 0.100125 -9.0105e-20)
(1.04057 0.0888034 8.98475e-20)
(1.03761 0.0778295 1.65665e-19)
(1.03373 0.0671566 -1.63598e-19)
(1.02905 0.0567686 2.38021e-19)
(1.02376 0.0465839 -5.35293e-19)
(1.01806 0.0364959 3.71118e-19)
(1.01134 0.0272082 -7.34999e-20)
(1.0012 0.0214408 2.82059e-19)
(0.991159 0.0193398 -2.61582e-19)
(0.882883 0.377881 -3.05081e-19)
(0.94718 0.410074 -2.41768e-19)
(0.96807 0.375987 5.74609e-20)
(0.976298 0.327815 -1.00903e-19)
(0.982872 0.284196 -1.14478e-19)
(0.990961 0.249011 -4.79391e-19)
(0.999623 0.221005 -2.52473e-19)
(1.00793 0.198064 4.62816e-19)
(1.01525 0.178594 -2.81115e-19)
(1.02133 0.161517 1.27553e-19)
(1.0261 0.146197 1.1842e-19)
(1.02962 0.132229 -2.26092e-19)
(1.03194 0.119309 -4.28805e-21)
(1.03312 0.107196 0)
(1.03322 0.0956879 -9.76785e-20)
(1.03227 0.0846269 -9.00174e-20)
(1.03034 0.0739086 -3.32538e-21)
(1.0275 0.0634921 2.56823e-19)
(1.02385 0.0533726 -2.45699e-19)
(1.0196 0.0434909 3.95778e-19)
(1.01495 0.0337651 -3.05564e-19)
(1.00929 0.0247889 4.53884e-19)
(1.0004 0.0187961 -2.89443e-19)
(0.99169 0.0161111 0)
(0.842761 0.391307 -3.00158e-19)
(0.910423 0.421497 5.6741e-20)
(0.931186 0.378105 0)
(0.944212 0.324102 -2.40023e-19)
(0.954985 0.277916 1.06409e-19)
(0.966696 0.241704 2.98275e-19)
(0.978211 0.213448 0)
(0.988838 0.190576 -3.28217e-19)
(0.998105 0.171328 1.49082e-19)
(1.00587 0.154554 -1.35117e-19)
(1.01214 0.139578 1.23499e-19)
(1.01702 0.125979 -1.19954e-19)
(1.02059 0.113445 4.39446e-19)
(1.02295 0.10172 -3.16385e-19)
(1.02417 0.0905976 4.42976e-22)
(1.0243 0.0799138 1.91369e-19)
(1.02343 0.0695678 9.01808e-20)
(1.02162 0.0595259 -8.70355e-20)
(1.01901 0.0497937 0)
(1.01578 0.0403315 0)
(1.01213 0.031075 -7.85902e-20)
(1.00749 0.0225017 -3.91378e-19)
(0.999859 0.0163858 2.99374e-19)
(0.992437 0.0132515 2.46637e-19)
(0.789103 0.412785 4.14712e-19)
(0.865859 0.431905 1.34986e-19)
(0.88875 0.377113 5.24401e-21)
(0.909209 0.317001 -3.42033e-19)
(0.925639 0.268713 0)
(0.941732 0.231959 -2.19588e-19)
(0.956526 0.203804 0)
(0.969709 0.181268 3.39768e-19)
(0.981068 0.162463 -1.52836e-19)
(0.990615 0.146177 -1.64383e-21)
(0.99845 0.131712 2.61308e-19)
(1.00472 0.118637 1.21247e-19)
(1.00958 0.106629 -1.15113e-19)
(1.01314 0.0954274 1.06489e-19)
(1.01548 0.0848174 2.09375e-19)
(1.0167 0.0746361 -1.98502e-19)
(1.01687 0.0647864 -9.67351e-20)
(1.0161 0.0552427 0)
(1.0145 0.0460194 9.01791e-20)
(1.01228 0.0370922 8.7138e-20)
(1.00959 0.0284094 -2.48017e-19)
(1.00592 0.0203338 2.40313e-19)
(0.999504 0.0142115 -3.10742e-19)
(0.993309 0.0107395 2.56769e-20)
(0.712349 0.447482 -5.50476e-19)
(0.808966 0.435939 -8.27512e-20)
(0.839796 0.370318 1.5253e-19)
(0.871498 0.304987 6.44222e-19)
(0.895256 0.255798 -1.89061e-21)
(0.916436 0.219315 1.05049e-19)
(0.934861 0.191775 -2.03131e-19)
(0.950794 0.169941 -3.482e-19)
(0.96435 0.151855 1.61808e-19)
(0.975741 0.136282 1.43664e-19)
(0.985175 0.122522 -1.32879e-19)
(0.992868 0.110141 0)
(0.999014 0.098816 -1.1782e-19)
(1.00376 0.0882813 1.12576e-19)
(1.00722 0.0783211 -3.17937e-19)
(1.00951 0.0687746 4.09467e-19)
(1.01071 0.0595506 -2.97097e-19)
(1.01095 0.0506309 2.86888e-19)
(1.01034 0.0420368 -2.37894e-22)
(1.00907 0.0337562 -2.65046e-19)
(1.00729 0.0257494 -1.71299e-19)
(1.00453 0.0182842 8.20211e-20)
(0.999319 0.0123302 -8.12531e-20)
(0.994164 0.00852244 -7.3745e-20)
(0.590066 0.483321 2.89632e-19)
(0.73242 0.423834 0)
(0.785386 0.353152 2.70369e-19)
(0.832293 0.286468 -2.18816e-19)
(0.864691 0.238479 -1.44708e-19)
(0.891394 0.203397 1.21969e-19)
(0.913641 0.177136 2.02216e-19)
(0.932422 0.156445 0)
(0.948219 0.1394 0)
(0.961468 0.124797 3.04052e-19)
(0.9725 0.111955 -1.41052e-19)
(0.981601 0.100456 0)
(0.989013 0.0899796 1.21413e-19)
(0.99492 0.080264 -1.16102e-19)
(0.999467 0.0710972 2.19346e-19)
(1.00278 0.0623233 1.0553e-19)
(1.00497 0.053858 -2.03684e-19)
(1.00616 0.0456894 -9.66371e-20)
(1.00649 0.037843 -2.442e-21)
(1.00612 0.0303165 9.24573e-20)
(1.0052 0.0230819 8.70368e-20)
(1.0033 0.0163357 -1.72106e-19)
(0.999309 0.0107504 2.47318e-19)
(0.995009 0.00657045 4.33649e-19)
(0.0173814 -0.0620681 6.68626e-20)
(0.121165 -0.133956 -4.83396e-20)
(0.211087 -0.187756 1.34568e-22)
(0.241798 -0.194252 0)
(0.257002 -0.182352 -9.60382e-19)
(-0.0973957 -0.0254528 -7.57684e-19)
(0.044922 -0.0920154 -1.03501e-18)
(0.143767 -0.171819 8.99211e-20)
(0.202486 -0.205656 9.6404e-19)
(0.226755 -0.201071 3.90452e-19)
(0.239937 -0.152911 8.70774e-19)
(0.0866409 -0.0294897 1.15063e-18)
(0.0605811 -0.116372 9.92804e-19)
(0.144593 -0.18949 0)
(0.18974 -0.211513 0)
(0.211834 -0.194545 -3.09924e-19)
(0.224774 -0.135058 -8.70524e-20)
(0.161505 -0.018792 -4.05715e-19)
(0.0708853 -0.140312 -9.90504e-19)
(0.141394 -0.203528 3.76506e-20)
(0.178863 -0.217146 -4.94379e-19)
(0.200337 -0.192083 4.75837e-20)
(0.216991 -0.126783 -4.02815e-20)
(0.205332 -0.0193936 2.14732e-19)
(0.0776415 -0.162167 9.64633e-19)
(0.137301 -0.215274 -3.505e-20)
(0.169958 -0.22339 4.62179e-19)
(0.192473 -0.194299 0)
(0.215208 -0.128831 -3.74467e-20)
(0.233463 -0.0328727 -2.35007e-19)
(0.0819645 -0.181368 1.4906e-20)
(0.133147 -0.225154 -8.28448e-21)
(0.162451 -0.23023 1.27753e-20)
(0.187205 -0.200465 -1.05619e-20)
(0.216691 -0.138964 0)
(0.253033 -0.0557121 -6.22483e-20)
(0.0847161 -0.198146 0)
(0.128954 -0.233655 0)
(0.155819 -0.237821 0)
(0.183414 -0.210054 2.49207e-21)
(0.219367 -0.155177 -2.16661e-21)
(0.267391 -0.0846251 6.07541e-20)
(0.0865179 -0.212572 -3.67924e-21)
(0.124462 -0.241171 -2.51008e-19)
(0.149649 -0.246263 5.85796e-21)
(0.18022 -0.222612 0)
(0.221971 -0.175976 0)
(0.27795 -0.117596 0)
(0.0877563 -0.224549 0)
(0.119443 -0.247951 2.3741e-19)
(0.143523 -0.25554 2.24581e-20)
(0.17696 -0.237662 -1.88857e-20)
(0.223771 -0.200268 0)
(0.285557 -0.153349 -2.79783e-20)
(0.088486 -0.233917 0)
(0.113732 -0.254134 2.89596e-20)
(0.13707 -0.265547 3.2955e-19)
(0.17312 -0.254732 -3.62207e-20)
(0.224317 -0.227254 -2.20536e-19)
(0.290725 -0.191221 -5.50549e-20)
(0.0884556 -0.240514 0)
(0.10723 -0.259781 -4.89189e-19)
(0.129983 -0.276124 2.08249e-20)
(0.168287 -0.273368 0)
(0.223305 -0.256346 2.49801e-19)
(0.293765 -0.230875 -2.20515e-19)
(0.0873539 -0.244295 -2.89599e-20)
(0.0998717 -0.264891 4.59384e-19)
(0.122027 -0.287056 -1.02443e-18)
(0.162124 -0.293141 0)
(0.220493 -0.287075 0)
(0.294823 -0.272144 -2.15118e-19)
(0.0848643 -0.245269 0)
(0.0916267 -0.269406 9.22988e-19)
(0.113038 -0.298077 6.79946e-19)
(0.154355 -0.313614 0)
(0.215657 -0.31904 4.83075e-19)
(0.29395 -0.314971 4.32216e-19)
(0.0807404 -0.243505 0)
(0.0825081 -0.273202 7.90185e-22)
(0.102933 -0.30886 0)
(0.144771 -0.334307 0)
(0.208586 -0.351859 -9.60785e-19)
(0.291098 -0.359344 0)
(0.0748471 -0.239089 0)
(0.0726082 -0.276083 -9.507e-19)
(0.0917102 -0.318995 -8.45712e-20)
(0.133231 -0.354658 7.09988e-20)
(0.199053 -0.385087 5.96251e-19)
(0.2861 -0.405226 -2.0884e-19)
(0.0672039 -0.232091 -1.77629e-18)
(0.062127 -0.277755 -3.03887e-20)
(0.079475 -0.32796 -7.79849e-19)
(0.119654 -0.373979 7.15317e-20)
(0.186801 -0.418135 4.74625e-19)
(0.27868 -0.45252 0)
(0.0580602 -0.222507 -2.34766e-21)
(0.0513671 -0.277778 0)
(0.06644 -0.335081 7.95741e-19)
(0.104015 -0.391396 -7.25302e-20)
(0.171544 -0.450182 -3.66818e-21)
(0.268409 -0.500964 -9.79329e-20)
(0.0479827 -0.210161 1.8816e-18)
(0.040733 -0.275514 -1.03921e-18)
(0.0529164 -0.339492 8.97349e-20)
(0.0863233 -0.405814 -1.45136e-19)
(0.152951 -0.480072 -4.21421e-19)
(0.254634 -0.549998 0)
(0.0379041 -0.194565 -2.01675e-18)
(0.0306891 -0.270061 6.63576e-20)
(0.0392703 -0.340117 -7.5703e-19)
(0.0665908 -0.415907 0)
(0.13068 -0.506181 0)
(0.236392 -0.598679 -3.98044e-19)
(0.0290258 -0.17484 1.91332e-18)
(0.0216572 -0.260222 1.12945e-18)
(0.0258675 -0.335691 -1.39331e-21)
(0.0448017 -0.42019 0)
(0.104384 -0.526257 -1.20152e-19)
(0.212027 -0.64558 6.07887e-19)
(0.0224478 -0.149932 9.0863e-20)
(0.0140201 -0.244631 -3.72648e-20)
(0.0131231 -0.324927 7.46395e-19)
(0.0210787 -0.417291 1.66629e-19)
(0.0738791 -0.53708 -6.90729e-20)
(0.178271 -0.688811 0)
(0.0191287 -0.119985 -1.9408e-18)
(0.00844491 -0.22208 -1.21228e-18)
(0.00185719 -0.306726 7.66679e-19)
(-0.00375312 -0.406312 4.71347e-21)
(0.0399101 -0.533642 2.09595e-19)
(0.127296 -0.728269 -5.63626e-19)
(0.0203971 -0.0870976 -3.462e-20)
(0.00653876 -0.190443 -4.00398e-21)
(-0.0059484 -0.279144 -1.05666e-18)
(-0.0276915 -0.385737 -7.37042e-19)
(0.00504205 -0.505496 6.69295e-20)
(0.0412475 -0.77826 3.58599e-19)
(0.0285091 -0.0457096 2.20867e-18)
(0.0114667 -0.133211 1.50326e-18)
(-0.010935 -0.225159 1.18576e-18)
(-0.058373 -0.340829 8.25907e-19)
(-0.000152633 -0.438769 2.72059e-19)
(-0.12075 -0.912687 4.17717e-19)
(0.396407 0.489432 2.58878e-19)
(0.646031 0.389106 0)
(0.732373 0.321924 -3.52334e-19)
(0.794237 0.26061 2.48245e-19)
(0.835232 0.216447 2.03753e-19)
(0.86738 0.184044 -3.6122e-19)
(0.893395 0.159786 1.09597e-19)
(0.914979 0.140717 9.69106e-20)
(0.932981 0.125063 2.5626e-19)
(0.948044 0.111699 -5.45512e-19)
(0.960628 0.100001 1.45384e-19)
(0.971089 0.0895752 0)
(0.979717 0.080117 -6.35155e-20)
(0.986733 0.0713757 6.00423e-20)
(0.99231 0.0631478 5.71966e-20)
(0.996592 0.0552858 -1.07058e-19)
(0.99971 0.0477119 -5.27507e-20)
(1.00179 0.0404176 -2.00858e-19)
(1.00297 0.0334284 2.90633e-19)
(1.00342 0.0267458 -9.26167e-20)
(1.00327 0.0203462 -1.81147e-19)
(1.00219 0.0143636 1.75416e-19)
(0.999375 0.00926395 1.70768e-19)
(0.995984 0.00494587 -2.30593e-19)
(0.339729 0.374414 3.10001e-20)
(0.587977 0.329356 0)
(0.688423 0.279533 0)
(0.760219 0.228346 -1.66597e-19)
(0.808293 0.19001 0)
(0.845225 0.161385 0)
(0.874679 0.139795 1.13202e-19)
(0.898871 0.122804 -9.65754e-20)
(0.918951 0.108879 2.62035e-21)
(0.935728 0.0970232 7.9077e-20)
(0.949769 0.0866885 2.2102e-19)
(0.961505 0.0775247 -1.38497e-19)
(0.97127 0.0692508 6.35043e-20)
(0.979319 0.0616344 -1.21471e-19)
(0.985852 0.0544865 -5.7257e-20)
(0.99103 0.0476704 -1.10674e-19)
(0.994997 0.0411143 1.60057e-19)
(0.997884 0.0348091 2.05581e-19)
(0.999836 0.0287758 -1.9921e-19)
(1.00102 0.0230147 4.83702e-20)
(1.00154 0.0174991 1.85113e-19)
(1.00119 0.0122984 -1.79197e-19)
(0.999412 0.00771175 4.39249e-20)
(0.997055 0.00370055 0)
(0.338031 0.277486 -2.3369e-19)
(0.551752 0.265065 5.86439e-20)
(0.655223 0.231647 1.57312e-19)
(0.731886 0.19155 -1.82208e-19)
(0.784915 0.159967 -1.56355e-19)
(0.82563 0.135824 6.45787e-20)
(0.857991 0.1174 -2.83798e-19)
(0.884468 0.102862 1.03073e-19)
(0.906412 0.0909648 -8.92e-20)
(0.92475 0.0808611 -8.12089e-20)
(0.940121 0.0720948 1.82746e-21)
(0.953015 0.0643662 -7.07601e-20)
(0.963811 0.0574295 0)
(0.972795 0.0510774 -1.15684e-21)
(0.980189 0.0451399 5.95923e-20)
(0.986173 0.0394932 0)
(0.990899 0.03407 5.49346e-20)
(0.994507 0.0288575 -1.04831e-19)
(0.997138 0.0238689 5.05265e-20)
(0.998951 0.019102 -4.84215e-20)
(1.00006 0.0145301 -2.36036e-19)
(1.00034 0.0101787 1.36538e-19)
(0.99945 0.00622655 -2.20891e-19)
(0.99801 0.00270139 1.99213e-19)
(0.346445 0.196432 4.22242e-20)
(0.5288 0.202317 0)
(0.631063 0.181842 -2.08487e-19)
(0.709412 0.152042 1.8065e-19)
(0.765556 0.127296 1.55314e-19)
(0.809036 0.10791 0)
(0.843705 0.0929488 5.75125e-20)
(0.872072 0.081132 -1.54266e-19)
(0.895604 0.0714941 9.41368e-20)
(0.915302 0.063348 0)
(0.931845 0.0563282 7.76308e-20)
(0.945761 0.0501889 7.07129e-20)
(0.957462 0.0447256 6.63368e-20)
(0.967263 0.0397613 -6.45382e-20)
(0.975407 0.0351501 -5.96177e-20)
(0.98209 0.030783 -5.79609e-20)
(0.987471 0.0265962 -1.10734e-19)
(0.991694 0.0225702 -1.60224e-19)
(0.994903 0.0187081 2.57005e-19)
(0.997246 0.0150052 -9.94388e-20)
(0.998839 0.0114371 -6.2069e-22)
(0.999643 0.00800469 4.59472e-20)
(0.999486 0.00480744 1.793e-19)
(0.998805 0.00190736 -1.39249e-21)
(0.356325 0.127246 0)
(0.514197 0.142904 -1.29049e-19)
(0.613973 0.131998 0)
(0.69229 0.111134 0)
(0.75026 0.0928442 0)
(0.795652 0.0781997 0)
(0.832051 0.0668385 0)
(0.861899 0.0579023 5.16217e-20)
(0.886716 0.0506803 -4.79299e-20)
(0.907543 0.0446412 -4.29216e-20)
(0.925072 0.0395094 -3.82034e-20)
(0.939854 0.0350923 -7.17596e-20)
(0.952322 0.031222 3.4343e-20)
(0.96281 0.0277548 1.27105e-19)
(0.971579 0.0245714 -6.64647e-22)
(0.978838 0.0215796 -2.94579e-20)
(0.984755 0.0187195 1.121e-19)
(0.989478 0.0159629 2.65974e-20)
(0.993149 0.0133013 -2.61501e-20)
(0.995914 0.0107262 2.52049e-20)
(0.997889 0.00821832 4.81588e-20)
(0.999101 0.00576947 9.35889e-20)
(0.999511 0.00343173 -9.05825e-20)
(0.999409 0.00127101 -4.0397e-20)
(0.364949 0.0656323 0)
(0.505333 0.0866577 1.28077e-19)
(0.60235 0.082873 0)
(0.679871 0.0695993 0)
(0.738843 0.0572284 0)
(0.785493 0.0471944 3.53949e-20)
(0.82313 0.0394584 0)
(0.854094 0.0334791 -2.61475e-20)
(0.879908 0.0287667 3.56634e-22)
(0.901623 0.0249362 6.45163e-20)
(0.919932 0.0217949 -3.92847e-20)
(0.935402 0.0191972 0)
(0.948479 0.0170135 1.72524e-20)
(0.959511 0.0151326 3.25455e-20)
(0.968769 0.013462 4.59711e-20)
(0.976472 0.0119272 -5.88666e-20)
(0.982796 0.0104711 0)
(0.987892 0.00905612 4.07971e-20)
(0.991904 0.00766089 -2.62534e-20)
(0.994973 0.00627201 2.55188e-20)
(0.997221 0.00487649 -6.10104e-20)
(0.998721 0.00346854 3.53802e-20)
(0.999516 0.00207488 -1.14246e-20)
(0.999799 0.000741769 0)
(0.372123 0.0090166 0)
(0.500428 0.0328823 0)
(0.595 0.0346302 -3.40114e-21)
(0.671547 0.0278258 -2.76302e-21)
(0.731015 0.0208959 2.99456e-22)
(0.778445 0.0153044 -3.06926e-20)
(0.816939 0.0111479 0)
(0.848715 0.00813913 6.59599e-21)
(0.875276 0.00598358 1.77606e-20)
(0.897661 0.0044295 -2.16424e-20)
(0.916552 0.00335046 0)
(0.932528 0.00264369 0)
(0.946043 0.0022155 -1.71483e-20)
(0.957455 0.00198715 8.06084e-21)
(0.967049 0.00189355 -2.31596e-20)
(0.97505 0.00187764 0)
(0.98164 0.00188635 0)
(0.986973 0.0018721 -1.36519e-20)
(0.991196 0.00179941 6.57851e-21)
(0.994448 0.00164861 -1.27131e-20)
(0.996854 0.00141302 1.83701e-20)
(0.998511 0.00109561 2.36436e-20)
(0.999499 0.000708998 -8.60993e-21)
(0.99996 0.000266035 1.0255e-20)
(0.378273 -0.0442974 0)
(0.498388 -0.0191275 0)
(0.591121 -0.0128614 0)
(0.666792 -0.0139834 0)
(0.72647 -0.015842 0)
(0.774384 -0.0171932 1.74041e-20)
(0.813468 -0.0178515 -4.68143e-20)
(0.845815 -0.0179063 0)
(0.872897 -0.0174843 -2.41684e-20)
(0.89574 -0.0167155 -2.18559e-20)
(0.915017 -0.0156763 1.99911e-20)
(0.931315 -0.0144345 -1.84728e-20)
(0.945096 -0.0130523 1.39234e-22)
(0.956724 -0.0115783 3.26332e-20)
(0.966492 -0.0100503 1.54327e-20)
(0.974634 -0.00850534 0)
(0.981337 -0.00699003 0)
(0.986762 -0.00556033 2.72928e-20)
(0.991055 -0.0042662 -2.64547e-20)
(0.994359 -0.003135 -2.53842e-20)
(0.996805 -0.00216821 1.23225e-20)
(0.998485 -0.0013542 0)
(0.999463 -0.000694277 -1.43012e-20)
(0.999888 -0.000211426 1.02489e-20)
(0.383641 -0.0956596 1.94616e-20)
(0.498563 -0.0700319 0)
(0.59015 -0.0598364 0)
(0.665199 -0.0557915 0)
(0.725018 -0.0528766 -8.35548e-20)
(0.77326 -0.0501428 7.1644e-20)
(0.812731 -0.0473586 6.11257e-20)
(0.845438 -0.0444616 -2.78161e-20)
(0.87283 -0.04144 -2.33461e-20)
(0.895925 -0.0383153 2.3313e-20)
(0.915393 -0.0351209 2.06168e-20)
(0.931827 -0.031893 -1.80554e-20)
(0.945695 -0.0286646 1.75871e-20)
(0.95737 -0.0254561 -1.62165e-20)
(0.967148 -0.0222786 -1.54067e-20)
(0.975269 -0.0191485 8.799e-20)
(0.981929 -0.0161034 -4.66765e-22)
(0.987292 -0.0132041 -2.75492e-20)
(0.99151 -0.0105139 0)
(0.994731 -0.008069 0)
(0.997087 -0.00586789 1.22371e-20)
(0.99865 -0.00389344 0)
(0.999416 -0.00216792 1.14372e-20)
(0.999586 -0.000747362 7.13897e-20)
(0.388385 -0.146092 3.36035e-19)
(0.500552 -0.12044 0)
(0.591766 -0.106607 2.23809e-19)
(0.666569 -0.0977133 0)
(0.726567 -0.0901842 8.34582e-20)
(0.775041 -0.0834173 1.48715e-21)
(0.814732 -0.0771926 1.86902e-19)
(0.84761 -0.0713308 -1.07907e-19)
(0.875117 -0.0656867 0)
(0.898264 -0.0601829 8.57365e-20)
(0.917731 -0.0548108 -8.08338e-20)
(0.934116 -0.0495759 7.30941e-20)
(0.947894 -0.0444836 0)
(0.959443 -0.0395271 0)
(0.969064 -0.0346921 5.09475e-23)
(0.977004 -0.0299731 2.94561e-20)
(0.983462 -0.025395 0)
(0.988609 -0.0210184 -1.34872e-19)
(0.992602 -0.0169171 5.27063e-20)
(0.995597 -0.0131374 0)
(0.997732 -0.00967788 1.45132e-19)
(0.999031 -0.00652594 -1.40437e-19)
(0.999374 -0.0037425 0)
(0.999068 -0.00139835 0)
(0.392628 -0.196404 -6.62398e-19)
(0.504146 -0.170926 6.60759e-20)
(0.595824 -0.153536 5.2621e-20)
(0.670818 -0.139889 -2.41627e-19)
(0.731086 -0.127748 0)
(0.779726 -0.116908 -2.84532e-19)
(0.819493 -0.107196 -1.23362e-19)
(0.852367 -0.0983329 2.1328e-19)
(0.879797 -0.0900402 -9.90664e-20)
(0.902804 -0.0821399 -8.80432e-20)
(0.922078 -0.0745788 -7.7792e-20)
(0.938228 -0.0673302 1.02758e-21)
(0.951736 -0.0603718 1.24264e-21)
(0.962987 -0.0536708 1.26333e-19)
(0.972285 -0.0471877 -1.82254e-19)
(0.97988 -0.0408947 0)
(0.985977 -0.0347998 5.49651e-20)
(0.990751 -0.0289577 0)
(0.994365 -0.0234476 1.54342e-19)
(0.996987 -0.0183247 -1.4878e-19)
(0.998761 -0.0135911 -4.81767e-20)
(0.999647 -0.00925381 4.65882e-20)
(0.999362 -0.00544217 -2.24453e-19)
(0.99836 -0.00221642 1.2153e-19)
(0.396491 -0.247292 3.64216e-19)
(0.509304 -0.222046 -6.53935e-20)
(0.602321 -0.200983 -1.14365e-19)
(0.677976 -0.182481 9.36048e-20)
(0.738618 -0.165586 -1.63133e-19)
(0.787363 -0.150534 1.41895e-19)
(0.827064 -0.137227 -1.20857e-19)
(0.859756 -0.125292 1.05616e-19)
(0.886918 -0.114315 9.52127e-20)
(0.909589 -0.104003 0)
(0.928477 -0.0942499 0)
(0.944204 -0.084994 -1.42855e-19)
(0.957263 -0.0761827 6.99595e-20)
(0.968042 -0.0677567 6.42126e-20)
(0.97685 -0.0596521 2.96356e-19)
(0.983938 -0.0518177 -1.70109e-19)
(0.989513 -0.0442413 -5.47795e-20)
(0.993756 -0.0369652 0)
(0.996835 -0.0300677 -2.01659e-19)
(0.998933 -0.0236091 2.44839e-19)
(1.0002 -0.0175979 0)
(1.00052 -0.0120795 -1.37605e-19)
(0.999408 -0.00729034 2.21788e-19)
(0.997496 -0.00325047 4.01839e-20)
(0.400121 -0.299399 0)
(0.516106 -0.274335 -1.2216e-19)
(0.611384 -0.249331 -3.18478e-19)
(0.688186 -0.225664 -9.1472e-20)
(0.749287 -0.20372 7.25316e-19)
(0.798053 -0.184213 -4.1904e-19)
(0.837523 -0.167139 6.2281e-22)
(0.86984 -0.152027 -3.16215e-19)
(0.896534 -0.138314 -1.80297e-19)
(0.918665 -0.125575 8.55143e-20)
(0.936969 -0.113637 -1.51069e-19)
(0.952082 -0.102394 -7.09801e-20)
(0.964508 -0.0917588 1.29552e-19)
(0.974641 -0.0816443 -1.85844e-19)
(0.982792 -0.0719615 -5.86257e-20)
(0.989211 -0.0626356 5.59242e-20)
(0.994108 -0.0536316 0)
(0.997663 -0.0449733 0)
(1.00005 -0.0367303 0)
(1.00147 -0.0289621 1.90559e-19)
(1.00208 -0.0216838 -3.69385e-19)
(1.00167 -0.0150007 1.33764e-19)
(0.999547 -0.00930424 -2.60444e-19)
(0.996523 -0.00454494 1.57339e-19)
(0.403675 -0.353309 0)
(0.524787 -0.328293 1.19678e-19)
(0.6233 -0.298958 3.20931e-19)
(0.701703 -0.269603 0)
(0.763298 -0.242157 -4.76164e-19)
(0.81195 -0.217846 5.50235e-19)
(0.85098 -0.19677 -4.97414e-22)
(0.882698 -0.178338 -3.08528e-19)
(0.9087 -0.161825 1.85324e-19)
(0.930072 -0.146647 5.58498e-21)
(0.947583 -0.132539 1.50996e-19)
(0.961886 -0.119343 -1.31908e-19)
(0.973493 -0.10693 1.29135e-19)
(0.982805 -0.0951809 7.56462e-22)
(0.990133 -0.0839811 -1.14045e-19)
(0.995726 -0.0732311 0)
(0.99979 -0.0628712 1.01971e-19)
(1.00251 -0.0529027 0)
(1.00405 -0.0433782 0)
(1.00463 -0.0343477 0)
(1.00443 -0.0258312 1.79779e-19)
(1.00315 -0.0180143 -1.74484e-19)
(0.999815 -0.0114968 1.70482e-19)
(0.995491 -0.00613213 0)
(0.407354 -0.40959 7.17096e-20)
(0.535752 -0.384373 0)
(0.638513 -0.350171 0)
(0.718895 -0.314417 1.74676e-19)
(0.780939 -0.280869 -1.59908e-19)
(0.829261 -0.2513 -1.32223e-19)
(0.867577 -0.225925 3.41052e-19)
(0.898421 -0.204003 2.03576e-19)
(0.923472 -0.184611 -5.69191e-21)
(0.943845 -0.166983 3.18782e-19)
(0.960343 -0.150735 -1.47281e-19)
(0.97363 -0.135636 1.35384e-19)
(0.984229 -0.12151 -1.21797e-19)
(0.992544 -0.108201 2.33941e-19)
(0.998884 -0.0955643 -1.13217e-19)
(1.0035 -0.083476 0)
(1.00658 -0.0718509 -1.01529e-19)
(1.00831 -0.0606642 9.73486e-20)
(1.00886 -0.0499451 -1.12214e-21)
(1.00846 -0.0397236 -9.19851e-20)
(1.00728 -0.0300155 0)
(1.00495 -0.0210921 0)
(1.00023 -0.0138013 -4.14735e-19)
(0.99454 -0.00808876 3.00941e-19)
(0.411437 -0.468779 -5.25632e-19)
(0.549591 -0.442949 4.53825e-19)
(0.657643 -0.403172 0)
(0.740269 -0.360142 3.39299e-19)
(0.802592 -0.319758 -2.93174e-19)
(0.850249 -0.284393 2.6321e-19)
(0.887481 -0.254368 -8.98142e-21)
(0.917107 -0.228759 0)
(0.940902 -0.206407 -1.75536e-19)
(0.960005 -0.186327 1.52205e-19)
(0.975251 -0.16798 -4.2138e-21)
(0.987308 -0.15105 -2.58174e-19)
(0.996705 -0.135298 2.42673e-19)
(1.00385 -0.120524 -1.08357e-19)
(1.00904 -0.106552 1.05575e-19)
(1.01251 -0.0932314 -1.01575e-19)
(1.01447 -0.0804506 9.6244e-20)
(1.01507 -0.0681575 2.80657e-19)
(1.01449 -0.0563523 8.79355e-20)
(1.01295 -0.0450349 -8.81572e-20)
(1.01064 -0.0342034 0)
(1.00712 -0.0242165 0)
(1.00087 -0.0162358 -7.87277e-20)
(0.99376 -0.0104052 -2.67767e-19)
(0.416313 -0.531387 1.22331e-18)
(0.567121 -0.504275 -4.61741e-19)
(0.681505 -0.458001 -9.91934e-20)
(0.766482 -0.406668 -3.40372e-19)
(0.828734 -0.358618 2.94481e-19)
(0.875225 -0.316858 -1.20786e-19)
(0.910878 -0.281802 -3.17861e-19)
(0.938851 -0.252298 3.65235e-19)
(0.961025 -0.226906 -3.39299e-19)
(0.978553 -0.204388 1.51187e-19)
(0.992287 -0.184009 0)
(1.00289 -0.165343 0)
(1.01089 -0.148075 2.27504e-19)
(1.01668 -0.131956 -4.30144e-19)
(1.02056 -0.116773 2.04314e-19)
(1.02276 -0.102346 -2.90289e-19)
(1.02345 -0.0885386 9.13741e-20)
(1.0228 -0.0752702 -9.02134e-20)
(1.02095 -0.0625103 1.71845e-19)
(1.01813 -0.0502216 1.64807e-19)
(1.01454 -0.0383724 -6.44846e-19)
(1.00969 -0.0274076 3.13686e-19)
(1.00181 -0.018858 -3.04477e-19)
(0.993186 -0.0130481 2.82196e-19)
(0.422494 -0.597826 -9.8091e-19)
(0.589473 -0.568439 0)
(0.711143 -0.514435 -8.76678e-20)
(0.798331 -0.453659 8.07854e-20)
(0.85992 -0.397068 0)
(0.904536 -0.348311 0)
(0.937958 -0.30785 2.12e-19)
(0.963735 -0.274256 -3.66176e-19)
(0.98385 -0.245766 -1.61899e-19)
(0.999459 -0.220848 1.39342e-19)
(1.0114 -0.198531 -1.30503e-19)
(1.02032 -0.178251 0)
(1.02672 -0.159606 0)
(1.03099 -0.142288 1.03669e-19)
(1.0334 -0.126042 -1.00501e-19)
(1.03419 -0.110658 0)
(1.03349 -0.0959725 -2.60981e-19)
(1.03146 -0.0818786 8.33022e-20)
(1.02823 -0.0683151 -7.9422e-20)
(1.02401 -0.055204 -1.56936e-19)
(1.01901 -0.0424745 3.07422e-19)
(1.01272 -0.0306507 0)
(1.00313 -0.0216685 7.52629e-20)
(0.992875 -0.0159948 2.38364e-19)
(0.430806 -0.6685 9.19167e-19)
(0.618013 -0.635077 4.5949e-19)
(0.747852 -0.571785 7.5639e-20)
(0.836739 -0.500431 1.26209e-19)
(0.896754 -0.434489 0)
(0.938533 -0.378208 2.11363e-19)
(0.968891 -0.33203 3.83551e-19)
(0.991805 -0.294207 -3.26969e-19)
(1.00935 -0.262601 2.9573e-19)
(1.02265 -0.235359 2.72279e-21)
(1.0325 -0.211233 -2.40927e-19)
(1.03949 -0.189496 3.29507e-19)
(1.04409 -0.169643 -3.09921e-19)
(1.04667 -0.1513 9.96933e-20)
(1.04749 -0.134165 -9.40145e-20)
(1.04673 -0.117996 8.45707e-20)
(1.04454 -0.102603 1.70458e-19)
(1.04103 -0.0878524 -1.60732e-19)
(1.03632 -0.0736551 2.29593e-19)
(1.0306 -0.0598922 -5.21896e-19)
(1.02409 -0.0464481 3.61917e-19)
(1.01625 -0.0339158 -6.92668e-20)
(1.00489 -0.0246482 2.80533e-19)
(0.992892 -0.0192117 -2.60433e-19)
(0.442591 -0.743626 -6.08583e-19)
(0.654519 -0.703227 -3.60517e-19)
(0.793076 -0.628783 7.72336e-20)
(0.882672 -0.545837 -1.60526e-19)
(0.939822 -0.469935 -9.9315e-20)
(0.977524 -0.4058 -5.04651e-19)
(1.00379 -0.353743 -2.69508e-19)
(1.02305 -0.311656 4.77207e-19)
(1.03743 -0.276989 -2.86348e-19)
(1.04801 -0.247549 1.29785e-19)
(1.05545 -0.221789 1.17988e-19)
(1.06026 -0.198789 -2.09514e-19)
(1.06288 -0.177931 6.55514e-21)
(1.06361 -0.158766 0)
(1.0627 -0.140943 -8.33509e-20)
(1.06029 -0.124185 -8.43625e-20)
(1.05651 -0.108275 4.73605e-21)
(1.05144 -0.0930566 2.23523e-19)
(1.04519 -0.0784127 -2.20952e-19)
(1.03791 -0.0641868 3.53858e-19)
(1.0298 -0.050217 -2.78293e-19)
(1.02032 -0.0371541 4.06757e-19)
(1.00718 -0.0277579 -2.63167e-19)
(0.993299 -0.0226612 0)
(0.460206 -0.823553 -4.20664e-19)
(0.701436 -0.771167 7.90289e-20)
(0.848386 -0.683282 0)
(0.937036 -0.588109 -2.45902e-19)
(0.989585 -0.502061 1.17767e-19)
(1.02169 -0.4301 2.8646e-19)
(1.04267 -0.372252 0)
(1.05737 -0.326038 -2.7742e-19)
(1.06794 -0.28848 1.30263e-19)
(1.07533 -0.257036 -1.14631e-19)
(1.08004 -0.229868 1.10655e-19)
(1.08244 -0.205842 -9.39182e-20)
(1.08289 -0.184217 3.66161e-19)
(1.08164 -0.164463 -2.53262e-19)
(1.07889 -0.146178 4.51793e-22)
(1.07475 -0.12905 1.53711e-19)
(1.06932 -0.112835 7.57181e-20)
(1.06264 -0.0973539 -7.28244e-20)
(1.05479 -0.0824664 0)
(1.0459 -0.0679813 0)
(1.03614 -0.0536922 -6.6076e-20)
(1.02497 -0.040297 -3.2127e-19)
(1.01004 -0.0309343 2.48002e-19)
(0.994159 -0.0262908 1.90062e-19)
(0.488739 -0.910336 5.14775e-19)
(0.762016 -0.835317 1.18674e-19)
(0.915289 -0.731778 -3.75889e-22)
(1.00047 -0.6247 -2.11398e-19)
(1.04622 -0.529064 0)
(1.07099 -0.449864 -1.45631e-19)
(1.08536 -0.386693 0)
(1.09454 -0.336724 2.57506e-19)
(1.10063 -0.296596 -1.15272e-19)
(1.10436 -0.263442 6.75559e-21)
(1.106 -0.235154 1.93647e-19)
(1.10577 -0.210383 8.93385e-20)
(1.10389 -0.188261 -8.42087e-20)
(1.10055 -0.168178 8.20202e-20)
(1.09587 -0.149681 1.42833e-19)
(1.08995 -0.132421 -1.42475e-19)
(1.08282 -0.11613 -6.54867e-20)
(1.07452 -0.100608 0)
(1.06506 -0.0856933 6.10864e-20)
(1.05455 -0.0711652 5.92121e-20)
(1.04311 -0.0567764 -1.81991e-19)
(1.03022 -0.0432608 1.77344e-19)
(1.01353 -0.0340944 -2.36187e-19)
(0.995534 -0.0300343 4.95738e-20)
(0.526772 -1.0078 -3.28827e-19)
(0.837454 -0.886839 -3.71042e-20)
(0.994261 -0.768373 6.99014e-20)
(1.07282 -0.651925 3.20355e-19)
(1.10937 -0.548582 3.52749e-21)
(1.12502 -0.463589 8.13077e-20)
(1.13146 -0.396093 -1.11843e-19)
(1.13417 -0.343057 -2.34205e-19)
(1.13511 -0.300868 1.03566e-19)
(1.13473 -0.266411 1.0059e-19)
(1.133 -0.237359 -9.25628e-20)
(1.12993 -0.212168 0)
(1.1256 -0.189852 -7.63999e-20)
(1.12008 -0.169722 7.23125e-20)
(1.11343 -0.151279 -2.08553e-19)
(1.1057 -0.134141 2.61762e-19)
(1.09688 -0.118016 -1.85802e-19)
(1.08695 -0.102686 1.79224e-19)
(1.07591 -0.0879715 -1.4808e-22)
(1.06379 -0.0736262 -1.72803e-19)
(1.05069 -0.0593668 -1.10375e-19)
(1.03608 -0.045951 5.65498e-20)
(1.01768 -0.0371411 -5.3481e-20)
(0.997479 -0.0338118 -5.03879e-20)
(0.579433 -1.1672 7.43811e-20)
(0.937383 -0.923992 2.67546e-20)
(1.08641 -0.787482 3.4981e-20)
(1.15296 -0.665522 -1.16033e-19)
(1.17782 -0.55792 0)
(1.18281 -0.46964 8.83836e-20)
(1.18023 -0.39945 1.12722e-19)
(1.17567 -0.344398 0)
(1.17089 -0.300868 0)
(1.16599 -0.26564 7.68796e-20)
(1.16064 -0.236247 0)
(1.15457 -0.211001 7.32581e-20)
(1.14768 -0.188816 -6.88616e-20)
(1.13994 -0.168938 6.19607e-20)
(1.13131 -0.150826 -1.24955e-19)
(1.12178 -0.134071 1.7625e-19)
(1.11129 -0.118361 0)
(1.09978 -0.103463 -5.79775e-20)
(1.0872 -0.0891825 4.63404e-21)
(1.07354 -0.0752525 5.00385e-20)
(1.05883 -0.0613587 5.29224e-20)
(1.04253 -0.0482672 -1.03155e-19)
(1.02248 -0.0399677 1.54084e-19)
(1.00004 -0.0375322 9.76837e-20)
(-0.0740379 -0.188014 0)
(-0.133485 -0.34317 0)
(-0.180088 -0.516251 1.21257e-18)
(-0.163845 -0.531194 3.30425e-21)
(-0.131476 -0.561761 6.85084e-19)
(0.040385 -0.28859 -9.88743e-21)
(-0.142156 -0.247005 7.7757e-19)
(-0.195005 -0.403534 -7.87084e-20)
(-0.21215 -0.561147 -9.03421e-19)
(-0.169881 -0.577348 -3.93943e-19)
(-0.104537 -0.590818 -8.55904e-19)
(0.0454422 -0.36457 -1.00037e-18)
(-0.196727 -0.250177 -7.50138e-19)
(-0.233088 -0.40233 0)
(-0.222892 -0.541731 0)
(-0.155691 -0.554088 3.25609e-19)
(-0.0599223 -0.568159 9.35653e-20)
(0.101961 -0.383116 3.98564e-19)
(-0.251283 -0.23818 7.77371e-19)
(-0.262975 -0.383209 -3.77032e-20)
(-0.226524 -0.503644 5.27238e-19)
(-0.138157 -0.513019 -5.38069e-20)
(-0.0155494 -0.530038 4.65761e-20)
(0.167517 -0.380306 -2.52698e-19)
(-0.299351 -0.222902 -7.60451e-19)
(-0.287145 -0.355296 3.71629e-20)
(-0.228992 -0.457532 -5.0895e-19)
(-0.123554 -0.465336 0)
(0.0223464 -0.480327 4.65523e-20)
(0.225188 -0.363639 2.83808e-19)
(-0.342479 -0.208623 -1.25005e-20)
(-0.307876 -0.323186 8.46121e-21)
(-0.232722 -0.407982 -1.52202e-20)
(-0.113523 -0.41401 1.29118e-20)
(0.0528336 -0.422336 0)
(0.268684 -0.335189 8.41555e-20)
(-0.379336 -0.196634 0)
(-0.327335 -0.289083 0)
(-0.23881 -0.357261 0)
(-0.108721 -0.359945 -3.3043e-21)
(0.0717889 -0.361404 2.91485e-21)
(0.300101 -0.294486 -8.29951e-20)
(-0.41209 -0.181442 3.0913e-21)
(-0.344862 -0.257421 2.78944e-19)
(-0.247404 -0.306565 -6.88139e-21)
(-0.109601 -0.303996 0)
(0.0797895 -0.298661 0)
(0.317504 -0.244121 0)
(-0.438408 -0.16971 0)
(-0.361488 -0.225764 -2.62118e-19)
(-0.258378 -0.256322 -2.90759e-20)
(-0.116249 -0.24682 2.51351e-20)
(0.0774519 -0.234476 0)
(0.320397 -0.186907 4.15909e-20)
(-0.458275 -0.160071 0)
(-0.377162 -0.193876 -3.37101e-20)
(-0.271593 -0.206781 -4.2092e-19)
(-0.128507 -0.188978 5.16139e-20)
(0.0653052 -0.169341 3.27308e-19)
(0.309165 -0.125144 8.30623e-20)
(-0.471339 -0.151476 0)
(-0.391841 -0.161945 5.43743e-19)
(-0.286849 -0.158154 -2.70616e-20)
(-0.146009 -0.131033 0)
(0.0439404 -0.103911 -3.68695e-19)
(0.284282 -0.0608772 3.34601e-19)
(-0.477446 -0.142863 2.54225e-20)
(-0.40544 -0.130236 -5.02475e-19)
(-0.303867 -0.110648 1.30293e-18)
(-0.168201 -0.0735808 0)
(0.0141486 -0.0390042 0)
(0.246476 0.00403842 3.23713e-19)
(-0.476688 -0.133184 0)
(-0.417831 -0.0990253 -9.91379e-19)
(-0.322187 -0.0644374 -8.59648e-19)
(-0.194346 -0.0172763 0)
(-0.0229953 0.0244381 -7.05635e-19)
(0.196848 0.0678779 -6.48304e-19)
(-0.469823 -0.121674 0)
(-0.428554 -0.0684922 6.17977e-21)
(-0.341275 -0.0197282 0)
(-0.223562 0.0371882 0)
(-0.066252 0.0853691 1.38413e-18)
(0.137068 0.128934 0)
(-0.457098 -0.107701 0)
(-0.437343 -0.0387275 9.80502e-19)
(-0.360642 0.0231984 1.06497e-19)
(-0.254837 0.089095 -9.18393e-20)
(-0.114047 0.142714 -8.45527e-19)
(0.06933 0.185574 2.95882e-19)
(-0.439085 -0.0908673 1.48721e-18)
(-0.443899 -0.00975402 2.9323e-20)
(-0.379729 0.0640552 9.27888e-19)
(-0.287022 0.137699 -9.0235e-20)
(-0.164495 0.195462 -6.43608e-19)
(-0.00393135 0.236345 0)
(-0.416389 -0.0709641 -2.33788e-20)
(-0.447879 0.0184451 0)
(-0.397957 0.102553 -9.33406e-19)
(-0.318874 0.182252 8.88534e-20)
(-0.215538 0.242662 1.61884e-20)
(-0.0799144 0.279959 1.30557e-19)
(-0.389618 -0.0480251 -1.54847e-18)
(-0.448869 0.0458565 9.73774e-19)
(-0.414736 0.138417 -1.04068e-19)
(-0.349091 0.221995 1.76336e-19)
(-0.264922 0.283397 5.46428e-19)
(-0.15548 0.315275 0)
(-0.359179 -0.0224731 1.60825e-18)
(-0.446368 0.0725279 -7.22721e-20)
(-0.429446 0.17136 8.22063e-19)
(-0.376348 0.256132 0)
(-0.31019 0.316748 0)
(-0.227104 0.341324 4.99501e-19)
(-0.32425 0.00409217 -1.51888e-18)
(-0.440122 0.0989986 -1.03043e-18)
(-0.441445 0.201035 -1.21782e-20)
(-0.399303 0.283726 0)
(-0.348759 0.341673 1.45503e-19)
(-0.290648 0.357111 -7.47221e-19)
(-0.284074 0.0307219 -7.2442e-20)
(-0.42976 0.125268 3.2171e-20)
(-0.450013 0.226811 -7.65352e-19)
(-0.41622 0.303954 -1.77414e-19)
(-0.378056 0.356357 7.64471e-20)
(-0.340553 0.361615 0)
(-0.23781 0.055294 1.49686e-18)
(-0.414639 0.150516 1.0673e-18)
(-0.454111 0.246455 -7.37718e-19)
(-0.424909 0.313769 -1.5712e-22)
(-0.393812 0.358929 -2.29232e-19)
(-0.367317 0.354451 6.523e-19)
(-0.184118 0.0714437 2.95743e-20)
(-0.390345 0.172661 -6.02322e-21)
(-0.450696 0.255323 9.69683e-19)
(-0.422069 0.311438 6.68703e-19)
(-0.388427 0.347413 -7.86824e-20)
(-0.362052 0.334553 -4.09729e-19)
(-0.0941757 0.0710846 -1.6435e-18)
(-0.306404 0.190238 -1.22019e-18)
(-0.411084 0.278685 -1.06753e-18)
(-0.384497 0.300418 -9.13412e-19)
(-0.355164 0.299057 8.74516e-20)
(-0.360326 0.247947 0)
(0.743067 -1.03801 -2.33402e-19)
(1.06882 -0.897698 -5.80638e-20)
(1.18889 -0.779011 -1.13559e-20)
(1.23778 -0.660694 1.50224e-20)
(1.24914 -0.554664 -1.1039e-20)
(1.24269 -0.466597 -1.28398e-19)
(1.23052 -0.395903 3.61961e-20)
(1.2182 -0.340225 3.37238e-20)
(1.2073 -0.296267 3.33546e-20)
(1.1976 -0.260906 -1.09862e-19)
(1.18845 -0.231653 0)
(1.17928 -0.206746 -6.48734e-20)
(1.1698 -0.185031 3.2213e-20)
(1.15982 -0.165709 -9.3553e-20)
(1.14923 -0.148205 1.38947e-19)
(1.13794 -0.132094 -1.1081e-19)
(1.12584 -0.117048 -2.47968e-20)
(1.11282 -0.102823 -1.01295e-19)
(1.09879 -0.0892121 1.49444e-19)
(1.08368 -0.0759332 -4.99373e-20)
(1.06745 -0.0626458 -9.36641e-20)
(1.04955 -0.0501053 9.16666e-20)
(1.02793 -0.0424614 0)
(1.00323 -0.0410948 -1.73082e-19)
(0.803913 -0.823048 -5.71929e-20)
(1.18 -0.833786 0)
(1.2868 -0.74259 0)
(1.32072 -0.636616 -1.29808e-21)
(1.31968 -0.538146 0)
(1.30237 -0.453871 0)
(1.28084 -0.385017 2.04922e-20)
(1.26073 -0.330254 -3.39993e-20)
(1.24359 -0.286897 -7.90185e-21)
(1.22898 -0.252109 3.26227e-20)
(1.21594 -0.223508 8.43513e-20)
(1.20364 -0.199344 -5.44642e-20)
(1.19156 -0.178437 2.88468e-20)
(1.17938 -0.159964 -5.18623e-20)
(1.16689 -0.143337 -2.6624e-20)
(1.15391 -0.128119 -4.87861e-20)
(1.14029 -0.113976 7.15411e-20)
(1.12587 -0.100657 9.17484e-20)
(1.11051 -0.0879476 -8.87289e-20)
(1.09408 -0.075556 2.06647e-20)
(1.07645 -0.0631192 8.53922e-20)
(1.05708 -0.0513579 -8.36146e-20)
(1.034 -0.044502 2.10109e-20)
(1.00708 -0.0443918 0)
(0.805456 -0.656215 2.61298e-19)
(1.25094 -0.75089 -3.64323e-20)
(1.36766 -0.686111 -7.68765e-20)
(1.39541 -0.596585 5.3116e-20)
(1.38586 -0.509501 2.13054e-20)
(1.35959 -0.431819 5.15614e-21)
(1.32962 -0.366875 -4.31382e-20)
(1.30219 -0.314506 1.63402e-20)
(1.27899 -0.27278 -2.59645e-20)
(1.25952 -0.23928 -2.41694e-20)
(1.24262 -0.211845 -3.75105e-21)
(1.22723 -0.188816 -2.1053e-20)
(1.21261 -0.169035 0)
(1.19831 -0.151683 3.46001e-21)
(1.184 -0.136174 2.05292e-20)
(1.16943 -0.122074 0)
(1.15439 -0.109051 1.97805e-20)
(1.13869 -0.0968526 -4.12856e-20)
(1.12214 -0.0852652 2.08637e-20)
(1.10454 -0.0739939 -2.06491e-20)
(1.0857 -0.0626576 -9.5769e-20)
(1.06502 -0.0519081 5.76655e-20)
(1.04065 -0.0459512 -1.01387e-19)
(1.01158 -0.0473054 9.64993e-20)
(0.809681 -0.534575 -4.99705e-20)
(1.29366 -0.659239 0)
(1.43022 -0.617135 1.09463e-19)
(1.45903 -0.544883 -5.35613e-20)
(1.44515 -0.470591 -2.14466e-20)
(1.4125 -0.401355 0)
(1.37553 -0.341964 3.3088e-21)
(1.34156 -0.293281 -1.57886e-20)
(1.31273 -0.254122 1.17439e-20)
(1.28863 -0.222584 0)
(1.26803 -0.1968 1.55904e-20)
(1.24965 -0.17526 2.12238e-20)
(1.23261 -0.156886 1.98367e-20)
(1.21629 -0.140887 -1.52831e-20)
(1.20027 -0.126696 -2.06243e-20)
(1.18423 -0.113895 -1.75886e-20)
(1.1679 -0.102166 -3.72646e-20)
(1.15105 -0.0912675 -5.41962e-20)
(1.13345 -0.0809951 9.09131e-20)
(1.11484 -0.0710657 -3.51376e-20)
(1.09498 -0.0610892 1.75309e-21)
(1.07324 -0.0515997 1.82652e-20)
(1.04781 -0.0466131 7.35026e-20)
(1.01669 -0.0496839 -3.04249e-20)
(0.815684 -0.440604 0)
(1.3169 -0.56428 1.33982e-19)
(1.47608 -0.54032 0)
(1.51079 -0.484599 0)
(1.49615 -0.423368 0)
(1.45968 -0.363651 0)
(1.4175 -0.311012 0)
(1.37803 -0.26705 2.04906e-21)
(1.34419 -0.231265 -1.8905e-21)
(1.31584 -0.202304 -3.89184e-21)
(1.29175 -0.178594 -1.04325e-20)
(1.27058 -0.158846 -1.56067e-20)
(1.25127 -0.142115 7.73927e-21)
(1.23308 -0.127646 3.43493e-20)
(1.21549 -0.114911 1.04687e-21)
(1.19811 -0.103522 -7.41603e-21)
(1.18061 -0.0931877 3.34576e-20)
(1.16273 -0.0836913 9.6501e-21)
(1.14419 -0.0748547 -7.60611e-21)
(1.12472 -0.0664365 7.55516e-21)
(1.10401 -0.0580724 1.64949e-20)
(1.08145 -0.0501175 3.25301e-20)
(1.05528 -0.0460704 -3.2082e-20)
(1.0223 -0.0511761 -1.73278e-20)
(0.816291 -0.361291 0)
(1.32401 -0.469155 -1.34465e-19)
(1.50632 -0.458683 0)
(1.55022 -0.418055 0)
(1.53789 -0.369559 0)
(1.50014 -0.319922 -1.08674e-20)
(1.45458 -0.274845 0)
(1.41088 -0.236414 1.03731e-21)
(1.37281 -0.20468 -5.9024e-23)
(1.34071 -0.178768 4.43082e-21)
(1.31346 -0.157508 -5.34749e-21)
(1.28973 -0.139842 0)
(1.26836 -0.124921 3.02153e-21)
(1.24848 -0.112091 6.04284e-21)
(1.22949 -0.100875 1.01446e-20)
(1.21092 -0.0909213 -1.43141e-20)
(1.1924 -0.0819721 0)
(1.17361 -0.0738423 1.09867e-20)
(1.15424 -0.0663963 -6.95115e-21)
(1.13399 -0.059474 6.55167e-21)
(1.11251 -0.0528094 -1.7793e-20)
(1.08923 -0.0465554 1.06676e-20)
(1.06263 -0.0431078 -3.6027e-21)
(1.02912 -0.0503879 0)
(0.807925 -0.289003 0)
(1.31631 -0.375505 0)
(1.52121 -0.374376 2.66837e-21)
(1.5768 -0.3468 9.90736e-22)
(1.56973 -0.311105 -9.42639e-22)
(1.53315 -0.271475 8.99798e-21)
(1.48604 -0.234355 0)
(1.4395 -0.20204 -7.40736e-22)
(1.39814 -0.174881 -2.20958e-22)
(1.36289 -0.152445 -5.0891e-22)
(1.33292 -0.133944 0)
(1.30693 -0.118556 0)
(1.28373 -0.105576 -2.57646e-21)
(1.2624 -0.0944488 1.35335e-21)
(1.24222 -0.0847556 -4.35918e-21)
(1.22267 -0.0761859 0)
(1.20331 -0.0685128 0)
(1.18379 -0.0615799 -3.35195e-21)
(1.16374 -0.0552899 1.62742e-21)
(1.1428 -0.0495581 -3.20764e-21)
(1.12051 -0.0442321 4.96792e-21)
(1.09614 -0.039455 6.75229e-21)
(1.06858 -0.0370931 -2.4115e-21)
(1.03693 -0.0437087 3.37773e-21)
(0.790474 -0.219773 0)
(1.29463 -0.284093 0)
(1.52085 -0.289056 0)
(1.59036 -0.272904 0)
(1.59064 -0.248595 0)
(1.55827 -0.219748 -6.35432e-21)
(1.51135 -0.190485 1.63664e-20)
(1.46342 -0.164655 0)
(1.4198 -0.142459 3.9908e-21)
(1.38211 -0.123835 2.10637e-21)
(1.34989 -0.108341 -7.5916e-22)
(1.32202 -0.0953986 -2.13448e-22)
(1.2973 -0.0844652 -6.86097e-22)
(1.27477 -0.0750928 2.94189e-21)
(1.25366 -0.0669334 1.81488e-21)
(1.23338 -0.059727 0)
(1.21344 -0.0532887 0)
(1.1934 -0.0475031 5.56195e-21)
(1.17285 -0.0423152 -5.32478e-21)
(1.15128 -0.0376808 -5.76761e-21)
(1.1281 -0.033552 2.92232e-21)
(1.10255 -0.0304858 0)
(1.07403 -0.0310305 -3.63206e-21)
(1.04245 -0.0365725 2.60276e-21)
(0.763331 -0.151599 -2.84388e-20)
(1.25923 -0.195427 0)
(1.50523 -0.204046 0)
(1.59058 -0.197719 0)
(1.59974 -0.183217 5.28135e-20)
(1.57502 -0.165742 -3.59925e-20)
(1.53013 -0.144234 -2.03628e-20)
(1.48227 -0.12501 9.08497e-21)
(1.43751 -0.108024 3.644e-21)
(1.39816 -0.0934676 -5.11911e-21)
(1.36426 -0.0811855 -3.06085e-21)
(1.3349 -0.0708389 -1.10525e-22)
(1.30898 -0.0620588 -6.25163e-22)
(1.28553 -0.0545208 -1.45023e-21)
(1.26373 -0.047969 -1.82984e-21)
(1.24295 -0.0422188 1.10945e-20)
(1.22263 -0.0371548 1.20308e-21)
(1.20228 -0.0327305 -4.35644e-21)
(1.18138 -0.028953 0)
(1.15937 -0.0258224 0)
(1.13557 -0.0233498 2.61212e-21)
(1.10932 -0.022221 0)
(1.08019 -0.0248352 2.77979e-21)
(1.04749 -0.030524 5.54667e-21)
(0.72515 -0.0840143 -4.99044e-19)
(1.20996 -0.110152 0)
(1.47416 -0.120639 -2.37419e-19)
(1.57711 -0.122715 0)
(1.59763 -0.117294 -5.29314e-20)
(1.58161 -0.109526 -9.1074e-21)
(1.54196 -0.0965399 -8.57239e-20)
(1.49566 -0.0837986 3.80126e-20)
(1.45097 -0.0721757 0)
(1.41085 -0.0618772 -1.2453e-20)
(1.37588 -0.0529755 1.15899e-20)
(1.34548 -0.0453581 -5.77387e-21)
(1.3187 -0.0388364 0)
(1.29458 -0.0332232 0)
(1.27231 -0.028371 -1.9969e-21)
(1.25118 -0.0241855 1.20851e-21)
(1.23059 -0.0206308 0)
(1.20999 -0.0177278 -1.89435e-20)
(1.1888 -0.0155327 7.50874e-21)
(1.16641 -0.0140729 0)
(1.14217 -0.0133762 2.38398e-20)
(1.11549 -0.0140979 -2.34517e-20)
(1.08602 -0.0183454 0)
(1.05276 -0.025031 0)
(0.674888 -0.0174351 9.77443e-19)
(1.14652 -0.0291241 -8.96573e-20)
(1.42737 -0.0401651 -5.59592e-20)
(1.54947 -0.0492756 2.1687e-19)
(1.58398 -0.0523051 0)
(1.57721 -0.0523448 1.60514e-19)
(1.54647 -0.0481579 5.49502e-20)
(1.50327 -0.0417682 -7.36335e-20)
(1.45993 -0.0355362 3.83826e-20)
(1.42 -0.0296011 2.26489e-20)
(1.38465 -0.0242002 1.01307e-20)
(1.35371 -0.0194216 -6.68694e-21)
(1.32641 -0.0152528 -4.66234e-22)
(1.30189 -0.011649 9.33359e-22)
(1.27932 -0.00857764 -3.5206e-21)
(1.25798 -0.0060387 0)
(1.23723 -0.00407074 3.49079e-21)
(1.21646 -0.00274787 0)
(1.1951 -0.00215628 1.92072e-20)
(1.17252 -0.00233833 -1.7406e-20)
(1.1481 -0.00333684 -7.22676e-21)
(1.12128 -0.00576193 7.48478e-21)
(1.09179 -0.0114998 -3.47549e-20)
(1.0584 -0.0195355 2.16411e-20)
(0.612114 0.0473356 -5.33101e-19)
(1.06875 0.0467014 8.85694e-20)
(1.36441 0.0359099 1.32275e-19)
(1.50714 0.0211409 -7.29962e-20)
(1.55851 0.010807 1.21755e-19)
(1.56202 0.0036036 -8.31907e-20)
(1.54249 0.000550734 6.22108e-20)
(1.50459 0.000302244 -4.5645e-20)
(1.46406 0.00127828 -2.99549e-20)
(1.42542 0.00284185 0)
(1.39047 0.00467686 0)
(1.35952 0.00653987 1.40815e-20)
(1.33209 0.008282 -1.10852e-20)
(1.30743 0.0098102 -8.96505e-21)
(1.28477 0.0110442 -4.02601e-21)
(1.26337 0.011895 -1.10783e-21)
(1.24259 0.0122591 -3.52173e-21)
(1.22181 0.0120221 0)
(1.20045 0.0110781 -1.88449e-20)
(1.17792 0.00936842 2.34163e-20)
(1.15359 0.00682123 0)
(1.12693 0.00285321 -1.8781e-20)
(1.09766 -0.00428453 2.94917e-20)
(1.06442 -0.0138041 6.02592e-21)
(0.536815 0.109092 0)
(0.977003 0.116246 1.47099e-19)
(1.28513 0.106048 3.372e-19)
(1.4496 0.0871064 7.68617e-20)
(1.52004 0.0706049 -5.46931e-19)
(1.53733 0.0569208 2.75345e-19)
(1.52825 0.0486509 9.14969e-21)
(1.49937 0.0418653 1.41026e-19)
(1.46304 0.0376627 6.20073e-20)
(1.42687 0.0349347 -2.85772e-20)
(1.3932 0.0332179 3.75241e-20)
(1.36286 0.0321372 1.12739e-20)
(1.33573 0.0314112 -1.35231e-20)
(1.31124 0.0308255 1.66384e-20)
(1.28872 0.0301982 1.49986e-21)
(1.26745 0.0293609 3.88943e-22)
(1.24681 0.0281549 0)
(1.22619 0.0264331 0)
(1.20505 0.0240705 0)
(1.18281 0.0209841 1.5272e-20)
(1.15883 0.0170618 -3.14967e-20)
(1.13259 0.0117203 1.12737e-20)
(1.10379 0.00329345 -2.83053e-20)
(1.07092 -0.0077335 1.91644e-20)
(0.449669 0.166277 0)
(0.871428 0.177951 -1.4199e-19)
(1.18985 0.168532 -3.40535e-19)
(1.37642 0.147021 0)
(1.46801 0.125933 3.56237e-19)
(1.5024 0.107854 -3.60994e-19)
(1.50424 0.093444 1.66346e-20)
(1.48626 0.0822158 1.52859e-19)
(1.45635 0.0729872 -7.94245e-20)
(1.42405 0.0661834 -5.85551e-21)
(1.39266 0.0610238 -4.36388e-20)
(1.36364 0.0570305 2.22081e-20)
(1.3373 0.053834 -2.35641e-20)
(1.31335 0.0511281 3.72036e-21)
(1.29124 0.0486474 1.04588e-20)
(1.27034 0.0461569 0)
(1.25005 0.043451 -2.20217e-21)
(1.22982 0.0403529 0)
(1.20911 0.0367153 0)
(1.18739 0.0324232 0)
(1.16401 0.0273185 1.27913e-20)
(1.13843 0.0207946 -1.21886e-20)
(1.11031 0.011226 1.64141e-20)
(1.07805 -0.00125439 0)
(0.352465 0.216871 -9.92864e-20)
(0.752945 0.229883 0)
(1.0787 0.221644 0)
(1.28746 0.199355 -1.4768e-19)
(1.40186 0.175546 1.34189e-19)
(1.45524 0.153933 9.51007e-20)
(1.47167 0.135594 -1.90189e-19)
(1.46444 0.119932 -9.89446e-20)
(1.44327 0.106699 -1.3891e-21)
(1.41647 0.0961728 -1.12891e-19)
(1.38853 0.0877488 4.13024e-20)
(1.36167 0.0809294 -3.03341e-20)
(1.33673 0.0753017 2.42038e-20)
(1.31376 0.0705006 -2.58097e-20)
(1.29241 0.0662008 1.44226e-20)
(1.27216 0.0621156 0)
(1.25247 0.0580007 2.23527e-21)
(1.23286 0.0536508 2.18785e-21)
(1.21283 0.0488933 3.6716e-21)
(1.19186 0.0435779 -1.93696e-21)
(1.16932 0.037499 0)
(1.14464 0.0300126 0)
(1.11744 0.0194938 -3.31935e-20)
(1.08602 0.00568077 2.58512e-20)
(0.247509 0.258432 6.96209e-19)
(0.624316 0.270147 -5.35777e-19)
(0.952777 0.263843 0)
(1.18252 0.242742 -3.01067e-19)
(1.32103 0.218079 2.25494e-19)
(1.39536 0.194396 -1.76159e-19)
(1.42834 0.173285 3.04035e-21)
(1.4342 0.154555 0)
(1.42317 0.138152 6.93137e-20)
(1.40348 0.124426 -6.01893e-20)
(1.38032 0.113036 9.36265e-21)
(1.35663 0.103561 6.84607e-20)
(1.33383 0.0955979 -5.31608e-20)
(1.31238 0.0887628 1.5358e-20)
(1.2922 0.0827003 -1.8818e-20)
(1.27295 0.0770924 5.26436e-21)
(1.25418 0.0716657 -1.19733e-20)
(1.23547 0.06619 -1.02498e-20)
(1.21636 0.0604672 -1.54147e-21)
(1.1964 0.0543125 -1.81547e-21)
(1.17495 0.0474794 0)
(1.15141 0.0392792 0)
(1.12538 0.0280521 -4.54514e-21)
(1.0951 0.0130942 -4.96994e-21)
(0.138018 0.288618 -1.58134e-18)
(0.489421 0.296446 5.51647e-19)
(0.814987 0.293211 1.06783e-19)
(1.062 0.275498 2.99877e-19)
(1.2247 0.252246 -2.25359e-19)
(1.32172 0.228317 7.62782e-20)
(1.37338 0.205876 1.83752e-19)
(1.39428 0.185235 -1.86045e-19)
(1.39512 0.166608 1.54346e-19)
(1.38423 0.150393 -6.49289e-20)
(1.36733 0.136499 0)
(1.34798 0.124653 0)
(1.32821 0.114524 -4.87027e-20)
(1.30895 0.105759 8.25252e-20)
(1.29047 0.0980118 -3.45158e-20)
(1.27265 0.0909586 2.88982e-20)
(1.25517 0.0843131 -1.1133e-20)
(1.23769 0.0778285 1.93246e-21)
(1.21983 0.0712858 -5.15543e-21)
(1.20114 0.0644729 3.65746e-21)
(1.18105 0.0571145 -7.6379e-21)
(1.15894 0.04848 6.44899e-21)
(1.13439 0.03684 -1.58716e-20)
(1.10558 0.0209908 1.70061e-20)
(0.0276736 0.305345 1.24731e-18)
(0.353143 0.306603 0)
(0.670364 0.3075 8.15638e-20)
(0.928464 0.295695 -7.44921e-20)
(1.11285 0.27656 0)
(1.23307 0.254612 0)
(1.30523 0.232541 -1.18328e-19)
(1.34319 0.211294 2.00953e-19)
(1.3578 0.191463 7.50353e-20)
(1.35752 0.173572 -5.32406e-20)
(1.34851 0.15776 5.00842e-20)
(1.33487 0.143936 0)
(1.31921 0.13189 0)
(1.30298 0.12135 -1.72071e-20)
(1.28685 0.112018 2.01418e-20)
(1.27098 0.103597 0)
(1.25526 0.0958111 2.40012e-20)
(1.23943 0.0884119 -8.84222e-21)
(1.22318 0.0811693 2.39152e-21)
(1.20611 0.0738553 -1.40443e-21)
(1.18772 0.0661795 -3.47477e-21)
(1.16738 0.0574051 0)
(1.14468 0.0457014 3.56521e-21)
(1.1178 0.0292976 2.80282e-21)
(-0.079378 0.306417 -1.16428e-18)
(0.221142 0.298849 -5.14713e-19)
(0.52582 0.304747 -5.91017e-20)
(0.787226 0.301255 -1.00608e-19)
(0.987612 0.289164 0)
(1.12904 0.271832 -1.4246e-19)
(1.22226 0.252213 -2.30363e-19)
(1.27892 0.231943 1.71376e-19)
(1.30923 0.212099 -1.47588e-19)
(1.32154 0.193466 3.18295e-21)
(1.32226 0.176438 9.26122e-20)
(1.31595 0.161136 -9.93796e-20)
(1.30573 0.147509 8.86104e-20)
(1.29358 0.135405 -2.1686e-20)
(1.28062 0.124613 1.66653e-20)
(1.26737 0.114899 -1.28064e-20)
(1.25396 0.106026 -1.62259e-20)
(1.24029 0.097767 1.57449e-20)
(1.22614 0.0898986 -1.17224e-20)
(1.21116 0.0821964 1.64981e-20)
(1.19489 0.0743759 -7.81574e-21)
(1.17679 0.0657435 -2.94557e-22)
(1.15646 0.0543875 1.10009e-20)
(1.13213 0.0378289 -1.09232e-20)
(-0.177787 0.289166 7.63957e-19)
(0.0994565 0.271748 3.93512e-19)
(0.38894 0.283819 -8.19812e-20)
(0.645895 0.290628 1.24218e-19)
(0.854271 0.288186 7.18143e-20)
(1.01172 0.278182 3.3702e-19)
(1.12404 0.263421 1.52447e-19)
(1.19961 0.246058 -2.59949e-19)
(1.24698 0.227689 1.43522e-19)
(1.27375 0.209464 -5.52247e-20)
(1.28618 0.192091 -4.38676e-20)
(1.28907 0.175947 6.81949e-20)
(1.28594 0.16118 -1.03156e-21)
(1.27923 0.147795 0)
(1.27051 0.135705 1.64157e-20)
(1.26073 0.124775 1.29477e-20)
(1.25033 0.11484 -1.06009e-22)
(1.23945 0.105723 -1.92571e-20)
(1.22799 0.0972372 1.63414e-20)
(1.2157 0.0891867 -1.18386e-20)
(1.20216 0.0813332 8.27281e-21)
(1.1869 0.073065 3.69302e-21)
(1.16961 0.0625183 -3.32173e-21)
(1.14877 0.0462907 0)
(-0.260037 0.250062 6.16731e-19)
(-0.00515576 0.224362 -1.02639e-19)
(0.267223 0.244865 0)
(0.51283 0.263617 2.14784e-19)
(0.720442 0.272665 -9.29642e-20)
(0.886311 0.272143 -1.99937e-19)
(1.01277 0.264507 0)
(1.10499 0.25214 1.5097e-19)
(1.16913 0.237016 -6.93257e-20)
(1.21133 0.220639 4.7186e-20)
(1.23713 0.20405 -4.2648e-20)
(1.25114 0.187911 3.22136e-20)
(1.25698 0.172611 -1.02817e-19)
(1.25741 0.15835 6.52016e-20)
(1.25437 0.145202 -2.77761e-21)
(1.24921 0.133161 -2.79515e-20)
(1.24274 0.122172 -9.69225e-21)
(1.23539 0.112144 7.10556e-21)
(1.22733 0.10297 0)
(1.21845 0.0945195 0)
(1.20842 0.08662 1.53029e-21)
(1.19682 0.0787992 -1.96143e-21)
(1.18348 0.0694673 1.96519e-21)
(1.16758 0.0541069 1.11799e-21)
(-0.31551 0.184267 -8.80624e-19)
(-0.084468 0.156626 -1.70693e-19)
(0.167965 0.189761 1.16019e-20)
(0.395639 0.222033 2.28338e-19)
(0.594124 0.24332 0)
(0.759973 0.253415 1.11576e-19)
(0.893547 0.254433 0)
(0.997517 0.248798 -1.48661e-19)
(1.07571 0.238654 5.52389e-20)
(1.13246 0.225719 -5.74528e-21)
(1.17206 0.21128 -7.6658e-20)
(1.19844 0.196255 -2.82014e-20)
(1.21494 0.18127 2.6757e-20)
(1.2243 0.166739 -1.99738e-20)
(1.22867 0.152922 -2.60104e-20)
(1.22965 0.139979 2.60697e-20)
(1.22838 0.128001 8.24293e-21)
(1.22561 0.117015 0)
(1.22167 0.107006 -4.09835e-21)
(1.21683 0.0979057 -2.54163e-21)
(1.2112 0.0897025 2.20995e-21)
(1.20438 0.0821565 -3.20286e-21)
(1.1961 0.074328 -6.00182e-21)
(1.18729 0.0602958 5.01881e-21)
(-0.326433 0.0838614 9.47829e-19)
(-0.127463 0.0720217 6.79271e-20)
(0.0979578 0.122975 -1.11702e-19)
(0.300109 0.170034 -3.7301e-19)
(0.481853 0.203144 9.97401e-21)
(0.639589 0.223594 -5.37488e-20)
(0.772719 0.233635 8.31433e-20)
(0.882016 0.235623 1.35947e-19)
(0.969407 0.231669 -6.02981e-20)
(1.03753 0.223536 -4.6262e-20)
(1.08934 0.212606 3.70787e-20)
(1.12776 0.199937 0)
(1.15553 0.186326 2.0581e-20)
(1.17506 0.172364 -1.9583e-20)
(1.18837 0.158485 3.89863e-20)
(1.19713 0.145009 -4.19592e-20)
(1.20264 0.132181 2.29035e-20)
(1.20591 0.120187 -1.78384e-20)
(1.20758 0.109124 1.21088e-21)
(1.20802 0.0990269 8.42487e-21)
(1.20722 0.0900657 1.935e-21)
(1.20581 0.0821018 -1.05355e-22)
(1.20329 0.0756119 -1.00359e-21)
(1.20457 0.0631946 -1.70863e-21)
(-0.255062 -0.0760586 -4.64917e-19)
(-0.119783 -0.0151326 1.80838e-19)
(0.0614867 0.0537765 -1.36319e-19)
(0.228316 0.114204 1.63198e-19)
(0.386691 0.157254 0)
(0.529769 0.186449 -9.68021e-20)
(0.65553 0.204534 -4.57509e-20)
(0.763549 0.213883 2.8133e-20)
(0.854284 0.216471 0)
(0.928972 0.213902 0)
(0.98938 0.207475 0)
(1.03748 0.198254 2.4167e-20)
(1.07526 0.18709 -2.29524e-20)
(1.10462 0.174665 0)
(1.12725 0.16153 0)
(1.14467 0.148126 0)
(1.15811 0.134822 0)
(1.16862 0.121928 4.91935e-21)
(1.17711 0.109752 -5.2837e-21)
(1.18408 0.098481 4.82224e-21)
(1.18972 0.088487 -2.30591e-21)
(1.19486 0.079406 1.64244e-21)
(1.19795 0.0724289 -5.57103e-22)
(1.21132 0.0617738 3.84171e-21)
(0.0018085 0.0444277 0)
(-0.00877146 0.0658106 2.46256e-20)
(-0.00154513 0.0755605 2.80497e-19)
(0.0331897 0.0727465 0)
(0.0411289 0.0715224 2.06123e-19)
(0.200907 0.00677427 1.57793e-19)
(-0.00209303 0.0516631 2.64949e-19)
(-0.0114572 0.0672662 -2.34421e-20)
(-0.00303318 0.0709625 -2.47547e-19)
(0.0275985 0.0650466 -9.6055e-20)
(0.0435881 0.0441281 -1.96554e-19)
(0.140063 0.000461963 -1.89803e-19)
(-0.00408954 0.055588 -2.29434e-19)
(-0.0123054 0.0677194 0)
(-0.00608868 0.0671986 0)
(0.0181733 0.057 7.55297e-20)
(0.0355261 0.0303377 2.15209e-20)
(0.0949553 -0.0103388 8.39213e-20)
(-0.00628813 0.0592784 2.15659e-19)
(-0.0145921 0.0685577 -1.01951e-20)
(-0.0111308 0.0644219 1.33991e-19)
(0.0067239 0.0504574 -1.22626e-20)
(0.0211098 0.0201901 1.04505e-20)
(0.0574852 -0.0186968 -5.11576e-20)
(-0.00879451 0.0633595 -2.0729e-19)
(-0.0181043 0.0697734 9.72596e-21)
(-0.0176657 0.0627145 -1.26995e-19)
(-0.0060848 0.0457353 0)
(0.00377118 0.0136415 1.00011e-20)
(0.0250802 -0.0235429 5.89762e-20)
(-0.0119325 0.067234 -3.17439e-21)
(-0.0226189 0.0713271 2.40847e-21)
(-0.0252813 0.0621182 -3.58787e-21)
(-0.0196324 0.0428746 2.99477e-21)
(-0.0145799 0.01011 0)
(-0.00341088 -0.0253868 1.7433e-20)
(-0.0157955 0.0702569 0)
(-0.0280028 0.0731653 0)
(-0.0336165 0.0625556 0)
(-0.033367 0.0417222 -7.25567e-22)
(-0.0327344 0.00887291 6.30362e-22)
(-0.0286358 -0.0257003 -1.71473e-20)
(-0.0198054 0.073473 9.85426e-22)
(-0.0340438 0.0751881 7.72997e-20)
(-0.0422937 0.063908 -1.79005e-21)
(-0.0468395 0.0421017 0)
(-0.0501275 0.00929606 0)
(-0.0507324 -0.0252637 0)
(-0.0240824 0.0775422 0)
(-0.0400493 0.077479 -7.40852e-20)
(-0.0509061 0.0660918 -7.03476e-21)
(-0.0596719 0.0438467 5.94333e-21)
(-0.0663055 0.0109922 0)
(-0.0697813 -0.0241429 8.7425e-21)
(-0.0291062 0.0800248 0)
(-0.0456901 0.0799619 -9.31369e-21)
(-0.0590663 0.0690695 -1.0805e-19)
(-0.0715274 0.0468569 1.18127e-20)
(-0.0809082 0.0138034 7.28101e-20)
(-0.0858656 -0.0224563 1.76844e-20)
(-0.0343332 0.0821757 0)
(-0.0507343 0.0826149 1.60791e-19)
(-0.0664231 0.0728415 -9.13547e-21)
(-0.0821097 0.0511086 0)
(-0.0936539 0.0177165 -8.31943e-20)
(-0.0990011 -0.020289 7.45271e-20)
(-0.0392341 0.0839537 8.75773e-21)
(-0.0549255 0.0854282 -1.51096e-19)
(-0.0726668 0.0774352 3.52874e-19)
(-0.0911653 0.0566452 0)
(-0.104321 0.022834 0)
(-0.109146 -0.0175153 7.90384e-20)
(-0.0433179 0.085291 0)
(-0.0580458 0.0884169 -3.09453e-19)
(-0.0775376 0.082895 -2.37191e-19)
(-0.0984853 0.063562 0)
(-0.112756 0.0293545 -1.8135e-19)
(-0.116323 -0.0139222 -1.55289e-19)
(-0.0461123 0.0862379 0)
(-0.0599457 0.0916058 -2.95607e-21)
(-0.08083 0.0892629 0)
(-0.103899 0.071988 0)
(-0.118818 0.0375792 3.71767e-19)
(-0.120542 -0.00914434 0)
(-0.0470731 0.0871349 0)
(-0.0605754 0.095033 3.16558e-19)
(-0.0823968 0.0965541 3.16363e-20)
(-0.107268 0.0820568 -2.70681e-20)
(-0.12238 0.0478914 -2.391e-19)
(-0.121893 -0.00274179 8.56901e-20)
(-0.0449473 0.088574 5.03329e-19)
(-0.0600485 0.0987631 1.00813e-20)
(-0.0821587 0.10472 2.93169e-19)
(-0.108483 0.093866 -2.80058e-20)
(-0.123299 0.060756 -2.06705e-19)
(-0.120602 0.0058492 0)
(-0.0410386 0.0894309 2.76702e-21)
(-0.0585634 0.102572 0)
(-0.0801113 0.113584 -2.99203e-19)
(-0.10745 0.107419 2.90594e-20)
(-0.12139 0.0767308 -7.07957e-21)
(-0.117076 0.0173394 4.71909e-20)
(-0.0385408 0.0875096 -4.42458e-19)
(-0.0563796 0.105945 3.40441e-19)
(-0.0762768 0.12279 -3.54391e-20)
(-0.104073 0.122556 6.1586e-20)
(-0.116426 0.0965211 1.93835e-19)
(-0.111881 0.0325133 0)
(-0.0374354 0.083159 4.77726e-19)
(-0.0534886 0.108165 -1.93362e-20)
(-0.0706126 0.131818 2.90228e-19)
(-0.0982042 0.138893 0)
(-0.10824 0.12102 0)
(-0.105424 0.051873 2.35125e-19)
(-0.0363638 0.077094 -4.55204e-19)
(-0.0496407 0.108795 -3.63101e-19)
(-0.0630215 0.140062 2.64061e-21)
(-0.0895404 0.155783 0)
(-0.0965011 0.15062 6.55682e-20)
(-0.0975763 0.0758075 -3.576e-19)
(-0.0341352 0.0697627 -2.19881e-20)
(-0.0446912 0.107611 1.18924e-20)
(-0.053478 0.1469 -2.76938e-19)
(-0.0777754 0.172112 -7.20923e-20)
(-0.0802473 0.184998 3.24457e-20)
(-0.0876016 0.105725 0)
(-0.0323035 0.0623005 4.92078e-19)
(-0.0388419 0.104701 3.84464e-19)
(-0.0422959 0.151807 -2.75391e-19)
(-0.0629897 0.186373 3.12608e-21)
(-0.0573997 0.224913 -1.10866e-19)
(-0.0742347 0.14252 3.69305e-19)
(-0.0303375 0.0539347 5.73198e-21)
(-0.032248 0.0998659 -9.96666e-22)
(-0.0301925 0.154011 3.6714e-19)
(-0.0467364 0.196251 2.86262e-19)
(-0.02577 0.271046 -4.72751e-20)
(-0.0535968 0.183493 -2.36765e-19)
(-0.0270868 0.0378467 -6.32766e-19)
(-0.0270739 0.0833188 -4.70613e-19)
(-0.0176037 0.143483 -3.89271e-19)
(-0.0253368 0.184773 -3.0369e-19)
(0.0204309 0.315543 5.20209e-20)
(-0.029614 0.215206 -8.11636e-21)
(-0.0413535 -0.188139 -1.70033e-19)
(-0.0572949 -0.0785475 -1.88754e-19)
(0.0522601 -0.00232868 1.43995e-19)
(0.176628 0.0633881 -7.06422e-20)
(0.306568 0.111776 0)
(0.430675 0.146754 9.71237e-20)
(0.544198 0.171015 -3.55434e-20)
(0.645271 0.186636 -6.02438e-20)
(0.733563 0.195289 2.16218e-20)
(0.809342 0.198323 -2.37216e-20)
(0.873434 0.196862 0)
(0.927025 0.191834 -2.25373e-20)
(0.971453 0.184029 3.07578e-20)
(1.00809 0.174117 -6.97859e-21)
(1.03826 0.162677 -1.41573e-20)
(1.06319 0.150211 8.74612e-21)
(1.08398 0.137167 2.10658e-21)
(1.1016 0.123938 0)
(1.11681 0.110986 -3.46815e-21)
(1.13055 0.0985556 2.6636e-21)
(1.14261 0.0872925 -2.30189e-21)
(1.15519 0.0765391 1.78185e-21)
(1.16341 0.0682857 3.10641e-21)
(1.18827 0.0572525 -4.64309e-21)
(0.0340754 -0.161611 1.65293e-20)
(-0.0125939 -0.0945364 0)
(0.0474112 -0.035424 0)
(0.135064 0.0241378 7.08228e-20)
(0.23656 0.0717638 0)
(0.339303 0.108925 0)
(0.437326 0.13706 -3.60058e-20)
(0.527523 0.157466 3.02176e-20)
(0.60851 0.171339 6.56821e-22)
(0.680055 0.179695 -1.95788e-20)
(0.742357 0.183358 -4.31351e-20)
(0.796036 0.183066 2.64411e-20)
(0.841918 0.179475 -9.33978e-21)
(0.880943 0.173162 1.36442e-20)
(0.914102 0.164654 5.00105e-21)
(0.942376 0.154437 4.98262e-21)
(0.966689 0.142984 -6.87428e-21)
(0.987928 0.130739 -1.62926e-21)
(1.00677 0.118182 1.56548e-21)
(1.02422 0.105656 6.22646e-22)
(1.03989 0.0937854 3.55384e-21)
(1.05702 0.0821902 -3.42845e-21)
(1.06864 0.0726801 8.70543e-22)
(1.0972 0.0594991 0)
(0.04404 -0.127768 1.12225e-19)
(0.00243687 -0.0948824 -2.30048e-20)
(0.0364103 -0.0531711 -5.84148e-20)
(0.0965871 -0.00408883 6.47155e-20)
(0.172858 0.0391695 5.26351e-20)
(0.254211 0.0756209 -2.04358e-20)
(0.33467 0.105467 8.81615e-20)
(0.410847 0.129245 -3.09923e-20)
(0.480787 0.147512 2.37039e-20)
(0.543587 0.160856 1.74873e-20)
(0.599024 0.169773 -1.32502e-21)
(0.647282 0.174798 1.18869e-20)
(0.68882 0.176361 0)
(0.724267 0.174892 8.82446e-23)
(0.754361 0.170816 -4.72021e-21)
(0.779879 0.164518 0)
(0.801631 0.156395 -1.68508e-21)
(0.820454 0.146847 2.14087e-22)
(0.837106 0.136267 -3.18459e-22)
(0.852454 0.125052 -6.1696e-22)
(0.866862 0.113582 -4.87598e-21)
(0.881785 0.102262 3.13706e-21)
(0.895552 0.091375 -3.65891e-21)
(0.915362 0.078515 2.89827e-21)
(0.0290538 -0.1056 -1.24061e-20)
(-0.000853744 -0.0913513 0)
(0.018916 -0.0627913 7.85239e-20)
(0.0598146 -0.0242391 -6.41556e-20)
(0.115345 0.0132184 -5.22746e-20)
(0.177065 0.047321 0)
(0.239887 0.0773922 -1.61751e-20)
(0.300536 0.10329 4.1509e-20)
(0.35704 0.125131 -2.47459e-20)
(0.408198 0.142999 0)
(0.453463 0.157124 -1.49695e-20)
(0.492694 0.167715 -1.18201e-20)
(0.526096 0.174951 -8.1798e-21)
(0.554106 0.179049 8.05799e-21)
(0.577336 0.180165 4.68121e-21)
(0.596512 0.178462 3.40722e-21)
(0.612436 0.174174 3.75686e-21)
(0.625965 0.16753 1.89274e-21)
(0.637963 0.158789 -2.943e-22)
(0.649288 0.148314 -3.71428e-22)
(0.660679 0.136554 4.4311e-22)
(0.67284 0.124219 7.78013e-22)
(0.685748 0.111915 3.40922e-22)
(0.697596 0.100155 -1.00901e-21)
(0.00708692 -0.0904645 0)
(-0.0144875 -0.0874531 4.25749e-20)
(-0.00194217 -0.0689305 0)
(0.0262237 -0.0394717 0)
(0.0661983 -0.00785355 0)
(0.111656 0.0231906 0)
(0.158691 0.0525071 0)
(0.204635 0.0795398 -1.27656e-20)
(0.247716 0.103963 1.19619e-20)
(0.286813 0.125568 8.89073e-21)
(0.321313 0.144225 7.65548e-21)
(0.350981 0.159791 1.08036e-20)
(0.37591 0.172137 -5.68712e-21)
(0.396422 0.181156 -1.31762e-20)
(0.413032 0.186755 1.46474e-21)
(0.426418 0.188861 2.08426e-21)
(0.437335 0.187441 -4.97078e-21)
(0.446599 0.182518 -2.76844e-22)
(0.45506 0.174211 4.23693e-22)
(0.463575 0.162813 -1.89644e-22)
(0.472994 0.148895 3.40739e-22)
(0.483916 0.133489 -3.1687e-22)
(0.495639 0.118207 3.05666e-22)
(0.504541 0.105323 4.60447e-22)
(-0.0162257 -0.0800465 0)
(-0.0316331 -0.0846734 -4.20999e-20)
(-0.0228989 -0.0742202 0)
(-0.00244325 -0.0522553 0)
(0.0269999 -0.0259134 0)
(0.0606561 0.00200563 -9.37054e-21)
(0.0955244 0.030077 0)
(0.129552 0.0574417 6.02409e-21)
(0.161397 0.0834958 -5.86968e-22)
(0.190209 0.10775 -1.29307e-20)
(0.21551 0.129771 7.15006e-21)
(0.237082 0.149118 0)
(0.255019 0.16537 -2.60549e-21)
(0.269589 0.178121 -3.83444e-21)
(0.281209 0.186977 -3.58751e-21)
(0.29043 0.191591 4.04943e-21)
(0.297911 0.191678 0)
(0.304373 0.187039 -1.2778e-21)
(0.310594 0.177622 4.41558e-22)
(0.317386 0.163653 -6.38958e-22)
(0.325571 0.145797 5.76713e-22)
(0.335602 0.125402 -2.08352e-22)
(0.346255 0.105077 2.19407e-22)
(0.354675 0.0895947 0)
(-0.0384842 -0.0728827 0)
(-0.0486655 -0.0837232 0)
(-0.0412177 -0.0798563 9.96055e-22)
(-0.0246964 -0.0641983 7.11553e-22)
(-0.00148741 -0.0425115 -1.77174e-22)
(0.0248104 -0.0175246 8.07862e-21)
(0.0518037 0.00910605 0)
(0.0778653 0.0362308 -1.38559e-21)
(0.102062 0.0630315 -3.71163e-21)
(0.123854 0.0888011 4.07257e-21)
(0.14301 0.11287 0)
(0.159571 0.134572 0)
(0.173685 0.153234 2.10288e-21)
(0.185632 0.168198 -7.24526e-22)
(0.195783 0.178824 1.95502e-21)
(0.204643 0.184563 0)
(0.212762 0.18497 0)
(0.2206 0.179696 5.00893e-22)
(0.228661 0.168589 -1.96408e-22)
(0.237425 0.151862 3.43215e-22)
(0.247319 0.130302 -3.303e-22)
(0.258494 0.105647 -4.11298e-22)
(0.270396 0.0815428 1.97558e-22)
(0.282587 0.0652946 -2.10224e-22)
(-0.0582858 -0.0682539 0)
(-0.0634793 -0.0846103 0)
(-0.0549634 -0.0864439 0)
(-0.0392021 -0.0762123 0)
(-0.018469 -0.0586177 0)
(0.0044387 -0.0363606 -3.93236e-21)
(0.0277386 -0.011225 1.00954e-20)
(0.0503043 0.015473 0)
(0.0714141 0.0426006 3.96963e-21)
(0.0907448 0.0692081 3.09944e-21)
(0.108215 0.0944342 -2.41192e-21)
(0.123918 0.117455 1.87183e-21)
(0.138054 0.137477 8.6016e-23)
(0.150884 0.153726 -2.59107e-21)
(0.162699 0.165451 -8.86666e-22)
(0.173748 0.171946 0)
(0.184293 0.17264 0)
(0.194715 0.167157 -9.83952e-22)
(0.205341 0.155329 9.44765e-22)
(0.216473 0.137356 6.09596e-22)
(0.228348 0.11404 -3.29155e-22)
(0.241249 0.0872517 0)
(0.25612 0.0610548 9.80868e-24)
(0.274372 0.0433305 1.81997e-22)
(-0.0749133 -0.065706 -5.96225e-21)
(-0.0746481 -0.0873158 0)
(-0.0627912 -0.094316 0)
(-0.0449623 -0.0888004 0)
(-0.0234525 -0.0747814 1.94242e-20)
(-0.000540512 -0.0549964 -1.50599e-20)
(0.0223806 -0.0314268 -1.20039e-20)
(0.0445181 -0.00556412 5.22185e-21)
(0.0654694 0.0213595 2.66957e-21)
(0.0851026 0.0482391 -4.26632e-21)
(0.103454 0.0740367 -2.36023e-21)
(0.120662 0.0977722 1.03453e-21)
(0.136935 0.118524 -1.30412e-21)
(0.152529 0.135436 1.12913e-21)
(0.167719 0.147732 8.87613e-22)
(0.18277 0.154701 -3.18132e-21)
(0.197916 0.155714 2.21441e-22)
(0.213381 0.150262 1.00933e-21)
(0.229389 0.13803 0)
(0.246155 0.119033 0)
(0.263874 0.0938818 -2.60387e-22)
(0.283081 0.0644098 0)
(0.305489 0.0349237 2.13418e-23)
(0.333843 0.0140598 -1.80246e-22)
(-0.0879307 -0.0648064 -1.07037e-19)
(-0.0810016 -0.0917066 0)
(-0.0635351 -0.103554 -6.1413e-20)
(-0.0409658 -0.102184 0)
(-0.0158001 -0.0912461 -1.94029e-20)
(0.010045 -0.0735813 5.28301e-22)
(0.0355187 -0.0513701 -3.26184e-20)
(0.0601361 -0.0263104 1.48813e-20)
(0.0837735 0.000199554 0)
(0.106513 0.0269518 -7.5788e-21)
(0.128563 0.0528512 7.15212e-21)
(0.150189 0.0768831 -3.25544e-21)
(0.171676 0.0980884 0)
(0.193307 0.11557 0)
(0.215349 0.1285 5.31272e-22)
(0.238038 0.136129 -5.99739e-22)
(0.26158 0.137807 0)
(0.28614 0.133004 4.02798e-21)
(0.311839 0.121327 -1.51506e-21)
(0.338744 0.102629 0)
(0.366837 0.0772249 -4.32169e-21)
(0.396252 0.0464681 3.86919e-21)
(0.427969 0.0141425 0)
(0.465288 -0.0106187 0)
(-0.0969134 -0.0652144 2.12933e-19)
(-0.0815478 -0.0975132 -2.04379e-20)
(-0.0559575 -0.114016 -1.3347e-20)
(-0.02599 -0.11622 5.92502e-20)
(0.00548952 -0.107797 0)
(0.0368549 -0.0918046 5.27809e-20)
(0.0673981 -0.0706659 2.04679e-20)
(0.0969587 -0.0462735 -2.65975e-20)
(0.125684 -0.0201641 1.10177e-20)
(0.153879 0.00635212 7.39271e-21)
(0.181919 0.0321233 3.05056e-21)
(0.21019 0.0561006 9.39915e-22)
(0.239061 0.0773162 -1.3432e-21)
(0.268865 0.0948858 -1.1835e-21)
(0.299874 0.108001 2.22955e-21)
(0.332284 0.115932 0)
(0.366225 0.118069 -5.06579e-22)
(0.401754 0.113902 0)
(0.438806 0.103033 -4.91847e-21)
(0.47721 0.0852763 4.87338e-21)
(0.516597 0.0607878 1.63786e-21)
(0.556754 0.0304146 -1.27446e-21)
(0.597363 -0.00301369 1.18741e-21)
(0.643115 -0.0302433 -1.0297e-21)
(-0.101212 -0.0665002 -1.19486e-19)
(-0.0752171 -0.104496 2.08042e-20)
(-0.0386342 -0.125354 3.32673e-20)
(0.0014562 -0.130416 -2.12763e-20)
(0.0417514 -0.123769 3.26319e-20)
(0.0809143 -0.108845 -2.52299e-20)
(0.118613 -0.0883653 1.51938e-20)
(0.155045 -0.0644211 -9.49031e-21)
(0.19064 -0.0386683 -7.92717e-21)
(0.225924 -0.0124799 0)
(0.261421 0.0129666 0)
(0.29764 0.0366121 1.47265e-21)
(0.335038 0.0575025 -1.30268e-21)
(0.373974 0.0747861 1.32075e-21)
(0.414696 0.0877107 3.90025e-21)
(0.457338 0.0956064 -1.86178e-21)
(0.50191 0.0979306 5.08324e-22)
(0.548296 0.0943191 0)
(0.596214 0.0845893 5.67822e-21)
(0.645174 0.0687247 -7.13333e-21)
(0.69434 0.0469719 0)
(0.743369 0.0200749 2.83018e-21)
(0.790048 -0.0102695 -4.39452e-21)
(0.843954 -0.0356859 4.86638e-22)
(-0.100927 -0.0685619 0)
(-0.0608063 -0.112325 3.69567e-20)
(-0.00991888 -0.136982 8.82398e-20)
(0.0431051 -0.143882 1.99164e-20)
(0.0945311 -0.137984 -1.40403e-19)
(0.143417 -0.123274 6.65684e-20)
(0.189883 -0.102805 -1.20778e-21)
(0.23452 -0.0788585 2.64628e-20)
(0.278115 -0.053211 2.64691e-21)
(0.321438 -0.0273075 -2.50828e-21)
(0.365188 -0.00234109 -3.17349e-21)
(0.409961 0.020693 -8.17406e-22)
(0.456215 0.0409053 4.51796e-21)
(0.504238 0.0575473 -5.82427e-21)
(0.554169 0.0699817 -1.28842e-21)
(0.606023 0.0776709 8.18559e-22)
(0.659632 0.0802007 0)
(0.714637 0.0773221 0)
(0.770452 0.0690175 0)
(0.826387 0.0555063 -4.18636e-21)
(0.881294 0.0371894 7.83455e-21)
(0.935384 0.0151537 -2.60932e-21)
(0.983181 -0.0099701 -1.64522e-21)
(1.04553 -0.0300153 1.70803e-21)
(-0.095185 -0.0710468 0)
(-0.0368176 -0.120554 -3.76248e-20)
(0.0320952 -0.148008 -8.87113e-20)
(0.100816 -0.155262 0)
(0.16536 -0.14871 8.77359e-20)
(0.225416 -0.133036 -8.09908e-20)
(0.281784 -0.11175 1.2998e-21)
(0.335637 -0.0873379 1.80376e-20)
(0.38802 -0.0615366 -6.75012e-21)
(0.439868 -0.0357324 -4.27342e-21)
(0.491922 -0.0110826 3.62706e-21)
(0.544759 0.0114403 -9.35221e-21)
(0.59874 0.0310032 6.7523e-21)
(0.654081 0.0468951 -1.3269e-21)
(0.710848 0.0586176 -6.11236e-21)
(0.768962 0.065823 0)
(0.828069 0.0682982 3.86294e-21)
(0.88779 0.0660016 0)
(0.947341 0.0591119 0)
(1.00609 0.0480205 0)
(1.06266 0.032958 -1.04284e-21)
(1.11822 0.015715 1.00866e-21)
(1.16254 -0.00505358 1.21622e-21)
(1.23197 -0.0181639 0)
(-0.0833815 -0.0737558 -2.87699e-20)
(-0.00145161 -0.128529 0)
(0.0894735 -0.157115 0)
(0.17634 -0.162697 -3.71659e-20)
(0.255468 -0.153785 3.39782e-20)
(0.327795 -0.135945 1.91628e-20)
(0.394784 -0.112828 -2.54327e-20)
(0.457915 -0.087057 -9.74298e-21)
(0.518484 -0.060534 3.38423e-21)
(0.577624 -0.0346234 9.75047e-21)
(0.636159 -0.0103702 -6.49692e-21)
(0.694746 0.0114077 7.99445e-21)
(0.753781 0.0300503 -1.02424e-20)
(0.813528 0.0450627 1.50064e-20)
(0.874002 0.0560249 -7.55951e-21)
(0.935046 0.0627279 0)
(0.996051 0.065046 -3.89986e-21)
(1.05689 0.0630254 1.29103e-21)
(1.11615 0.0566732 -1.97903e-21)
(1.17421 0.046643 -3.54518e-22)
(1.2273 0.0334229 0)
(1.27536 0.0203701 0)
(1.30491 0.00407429 -1.42972e-20)
(1.35507 -0.000426331 1.22491e-20)
(-0.064717 -0.0765257 2.36002e-19)
(0.047514 -0.135304 -1.77465e-19)
(0.164268 -0.162456 0)
(0.271088 -0.163984 -8.31126e-20)
(0.365607 -0.150805 5.21257e-20)
(0.449793 -0.12922 -3.33734e-20)
(0.525917 -0.103474 3.51873e-21)
(0.596256 -0.0761619 0)
(0.66273 -0.0488955 -3.00718e-21)
(0.726762 -0.0228508 8.0808e-21)
(0.789344 0.00104445 2.29237e-21)
(0.851142 0.0220902 -2.18876e-20)
(0.912555 0.0397002 2.12554e-20)
(0.973702 0.053489 -1.06276e-20)
(1.03448 0.0631599 1.08294e-20)
(1.09464 0.0685112 -5.83636e-21)
(1.15351 0.0694271 9.91335e-21)
(1.21042 0.066271 1.63954e-20)
(1.26096 0.0597159 6.58621e-21)
(1.30135 0.051026 -3.10113e-21)
(1.33052 0.0408334 0)
(1.35164 0.0314622 0)
(1.3626 0.0187037 -5.06753e-21)
(1.39167 0.0168863 -1.56016e-21)
(-0.0380699 -0.0792009 -5.77842e-19)
(0.112749 -0.139307 1.89613e-19)
(0.258457 -0.161724 3.61302e-20)
(0.385506 -0.156442 8.39771e-20)
(0.493417 -0.137264 -5.25762e-20)
(0.586354 -0.111438 1.03655e-20)
(0.668617 -0.0828466 1.51859e-20)
(0.743515 -0.0538666 1.4484e-21)
(0.813372 -0.0260108 -7.7278e-21)
(0.879593 -0.000221134 7.24822e-21)
(0.943085 0.0227208 0)
(1.00447 0.0422277 0)
(1.06415 0.0578653 2.5007e-20)
(1.1221 0.0692257 -4.70651e-20)
(1.17871 0.0762841 2.2105e-20)
(1.23099 0.0790509 -2.91656e-20)
(1.27527 0.0780671 1.11153e-20)
(1.30805 0.0740192 -7.1345e-21)
(1.33241 0.0678366 1.62919e-20)
(1.34982 0.0598362 1.39818e-20)
(1.36179 0.050519 -5.39688e-20)
(1.36958 0.0401718 2.56439e-20)
(1.37436 0.0281348 -2.51035e-20)
(1.38841 0.0342614 2.31397e-20)
(-0.00160373 -0.0815158 5.16863e-19)
(0.197353 -0.138051 0)
(0.372844 -0.151901 2.69215e-20)
(0.516579 -0.137622 -2.42658e-20)
(0.633188 -0.111923 0)
(0.730871 -0.0818769 0)
(0.815647 -0.0510978 -7.10555e-21)
(0.891427 -0.0215089 4.91442e-21)
(0.960537 0.00578484 -6.15537e-21)
(1.02428 0.0299963 1.21599e-20)
(1.08356 0.050512 -1.14811e-20)
(1.13921 0.0668802 0)
(1.19186 0.0788535 0)
(1.23963 0.0864013 1.29911e-20)
(1.27732 0.0896436 -1.18873e-20)
(1.30476 0.0892976 0)
(1.32497 0.0861159 -3.55867e-20)
(1.33963 0.0804331 1.22237e-20)
(1.35041 0.0728652 -1.06848e-20)
(1.35895 0.0638372 -1.74174e-20)
(1.36456 0.0540534 3.50893e-20)
(1.36605 0.0450006 0)
(1.35982 0.0386869 6.41633e-21)
(1.36112 0.0473054 3.30521e-21)
(0.0477017 -0.0821459 -5.43594e-19)
(0.304554 -0.128029 -2.34468e-19)
(0.505146 -0.129943 -1.56405e-20)
(0.658431 -0.106011 -2.72038e-20)
(0.777541 -0.0747297 0)
(0.874248 -0.0423402 -2.06982e-20)
(0.956235 -0.0113775 -1.50962e-20)
(1.02752 0.0168064 -8.27041e-21)
(1.09017 0.0413676 1.39207e-20)
(1.14553 0.0617756 6.99669e-22)
(1.19475 0.0776225 -2.72549e-20)
(1.23918 0.0891214 4.73499e-20)
(1.27378 0.0958233 -4.59729e-20)
(1.29789 0.0983737 1.4357e-20)
(1.315 0.097735 -1.38457e-20)
(1.32732 0.0943326 1.52449e-20)
(1.33654 0.0887652 2.51318e-20)
(1.34457 0.0817344 -2.6092e-20)
(1.35033 0.0734612 3.76283e-20)
(1.35206 0.0649071 -8.27862e-20)
(1.34886 0.0561026 5.60591e-20)
(1.34054 0.0479095 -1.1058e-20)
(1.32731 0.0438942 3.71984e-20)
(1.31811 0.0564182 -3.60771e-20)
(0.114721 -0.0768983 3.84425e-19)
(0.435348 -0.104929 1.81864e-19)
(0.649431 -0.0935264 -3.70674e-20)
(0.801972 -0.0623136 3.45913e-20)
(0.915084 -0.0288164 1.15717e-20)
(1.0046 0.00278 4.49173e-20)
(1.0782 0.0310382 1.36789e-21)
(1.13935 0.0550422 9.20732e-21)
(1.1901 0.0743562 -1.54748e-20)
(1.23209 0.0887572 1.26016e-20)
(1.26715 0.0988198 1.47054e-20)
(1.29066 0.103843 -3.37658e-20)
(1.30629 0.105468 -2.12588e-21)
(1.31667 0.104074 0)
(1.32404 0.100322 -1.80902e-20)
(1.33063 0.0950822 -1.54011e-20)
(1.33547 0.088368 -2.35587e-21)
(1.33685 0.0805869 4.77354e-20)
(1.33446 0.0722666 -4.31398e-20)
(1.3283 0.0637973 6.70196e-20)
(1.31851 0.0556018 -4.96688e-20)
(1.3053 0.0485778 7.23285e-20)
(1.28948 0.0467799 -4.6119e-20)
(1.27199 0.0619432 0)
(0.208896 -0.0571848 3.53619e-19)
(0.585047 -0.0652901 -5.62389e-20)
(0.795414 -0.0435643 0)
(0.934137 -0.0104551 7.04893e-20)
(1.03445 0.0205767 -2.49717e-20)
(1.11216 0.0479046 -3.02474e-20)
(1.17299 0.0705528 0)
(1.22018 0.0881594 -1.68175e-20)
(1.25609 0.100627 8.64727e-21)
(1.28317 0.108692 -1.72842e-20)
(1.29972 0.112129 1.59942e-20)
(1.30962 0.112422 -1.96323e-20)
(1.31546 0.110121 7.72971e-20)
(1.31986 0.106073 -5.82918e-20)
(1.32325 0.10083 -3.96737e-22)
(1.32375 0.0941331 3.79178e-20)
(1.32125 0.0864729 1.73627e-20)
(1.31607 0.0782461 -1.65916e-20)
(1.30852 0.0698861 0)
(1.29866 0.0618715 0)
(1.28615 0.0545536 -1.36162e-20)
(1.2705 0.049007 -7.06079e-20)
(1.25214 0.0498491 5.51511e-20)
(1.22939 0.0656081 8.95768e-21)
(0.342541 -0.0103646 -5.13438e-19)
(0.73799 -0.00670549 -9.4237e-20)
(0.926378 0.0162156 1.20701e-20)
(1.04389 0.0437204 7.58659e-20)
(1.12917 0.0683503 0)
(1.1928 0.0887767 9.05961e-21)
(1.23912 0.104161 0)
(1.27152 0.114503 1.88048e-20)
(1.29318 0.120349 -1.71839e-20)
(1.30555 0.122217 -4.01458e-21)
(1.31147 0.120922 4.12647e-20)
(1.31421 0.11752 2.23097e-20)
(1.3156 0.112988 -2.1476e-20)
(1.31496 0.107427 2.10877e-20)
(1.31187 0.10042 4.75447e-20)
(1.3068 0.092567 -4.25195e-20)
(1.30023 0.0843293 -2.21696e-20)
(1.29231 0.0760927 0)
(1.28289 0.0682335 2.02102e-20)
(1.27156 0.0610803 1.91162e-20)
(1.25749 0.0548006 -4.96892e-20)
(1.23997 0.0505643 4.69957e-20)
(1.21946 0.0533749 -6.55102e-20)
(1.19383 0.0692527 5.23227e-20)
(0.521952 0.0758375 5.44885e-19)
(0.868517 0.0684691 3.42397e-20)
(1.02715 0.079987 -4.88493e-20)
(1.12725 0.0962355 -1.02756e-19)
(1.19868 0.111889 9.94358e-21)
(1.24836 0.124041 -1.97419e-21)
(1.2807 0.131755 -8.56569e-21)
(1.29997 0.135246 -2.77462e-20)
(1.30979 0.135235 1.5414e-20)
(1.31307 0.132292 2.00018e-20)
(1.31312 0.127891 -2.21688e-20)
(1.3111 0.122496 0)
(1.30718 0.115757 -2.58142e-20)
(1.30173 0.108017 2.43821e-20)
(1.29527 0.0998528 -7.31902e-20)
(1.28804 0.0915593 9.57009e-20)
(1.27999 0.0833776 -7.0597e-20)
(1.27087 0.0755184 6.76857e-20)
(1.26026 0.0682196 -6.9027e-23)
(1.24759 0.0616716 -5.89507e-20)
(1.23195 0.056049 -3.81179e-20)
(1.21275 0.0526565 1.73234e-20)
(1.19061 0.0566746 -2.09937e-20)
(1.16336 0.072331 -1.91232e-20)
(0.719746 0.210071 -3.12045e-19)
(0.958187 0.150154 2.06076e-20)
(1.09581 0.139681 6.0616e-20)
(1.1863 0.143699 4.43452e-20)
(1.24619 0.149971 -1.22185e-20)
(1.28315 0.153848 -3.03443e-22)
(1.30337 0.154325 1.16782e-20)
(1.31222 0.151771 0)
(1.31386 0.146935 0)
(1.31149 0.140717 -6.81514e-22)
(1.3068 0.133502 -2.57227e-20)
(1.30068 0.125485 2.89916e-20)
(1.29374 0.117064 1.58493e-21)
(1.28633 0.108516 -2.72493e-20)
(1.27851 0.100006 0)
(1.27015 0.0916611 2.55239e-20)
(1.26101 0.0835963 -2.3657e-20)
(1.25075 0.0759607 -2.32327e-20)
(1.23898 0.0689799 4.7023e-20)
(1.22509 0.0628069 -6.84226e-20)
(1.20827 0.0575745 6.26e-20)
(1.18799 0.0546376 -4.40436e-20)
(1.16488 0.0591601 6.29074e-20)
(1.13675 0.074009 -2.49083e-21)
)
;

boundaryField
{
    rotor
    {
        type            movingWallVelocity;
        value           nonuniform List<vector> 
144
(
(-0.035522 0.0167426 0)
(-0.0497307 0.0234397 0)
(-0.0639395 0.0301367 1.11084e-32)
(-0.0781483 0.0368338 0)
(-0.0923571 0.0435309 0)
(-0.106566 0.0502279 -1.12847e-32)
(-0.028833 0.0124324 0)
(-0.0295843 0.01052 0)
(-0.030209 0.00856254 0)
(-0.0307044 0.00656844 4.98765e-24)
(-0.0310682 0.00454621 0)
(-0.0312991 0.00250452 0)
(-0.0313958 0.000452099 0)
(-0.0313582 -0.00160226 1.24691e-24)
(-0.0311863 -0.00364975 0)
(-0.0308808 -0.00568161 0)
(-0.0304431 -0.00768915 0)
(-0.029875 -0.00966376 9.97531e-24)
(-0.029179 -0.011597 0)
(-0.028358 -0.0134806 0)
(-0.0274156 -0.0153064 0)
(-0.0263559 -0.0170667 -9.97531e-24)
(-0.0251832 -0.0187539 0)
(-0.0239027 -0.0203608 0)
(-0.0225199 -0.0218805 0)
(-0.0210406 -0.0233066 0)
(-0.0194713 -0.0246328 -9.97531e-24)
(-0.0178185 -0.0258535 -9.97531e-24)
(-0.0160895 -0.0269635 9.97531e-24)
(-0.0142915 -0.0279581 0)
(-0.0167426 -0.035522 0)
(-0.0234397 -0.0497307 0)
(-0.0301367 -0.0639395 -1.11084e-32)
(-0.0368338 -0.0781483 0)
(-0.0435309 -0.0923571 0)
(-0.0502279 -0.106566 -3.30902e-32)
(-0.0167426 -0.035522 0)
(-0.0234397 -0.0497307 0)
(-0.0301367 -0.0639395 -2.14528e-32)
(-0.0368338 -0.0781483 0)
(-0.0435309 -0.0923571 0)
(-0.0502279 -0.106566 0)
(-0.0124324 -0.028833 0)
(-0.01052 -0.0295843 0)
(-0.00856254 -0.030209 0)
(-0.00656844 -0.0307044 4.98765e-24)
(-0.00454621 -0.0310682 0)
(-0.00250452 -0.0312991 0)
(-0.000452099 -0.0313958 0)
(0.00160226 -0.0313582 1.24691e-24)
(0.00364975 -0.0311863 0)
(0.00568161 -0.0308808 0)
(0.00768915 -0.0304431 0)
(0.00966376 -0.029875 9.97531e-24)
(0.011597 -0.029179 0)
(0.0134806 -0.028358 0)
(0.0153064 -0.0274156 0)
(0.0170667 -0.0263559 -9.97531e-24)
(0.0187539 -0.0251832 0)
(0.0203608 -0.0239027 0)
(0.0218805 -0.0225199 0)
(0.0233066 -0.0210406 0)
(0.0246328 -0.0194713 -9.97531e-24)
(0.0258535 -0.0178185 -9.97531e-24)
(0.0269635 -0.0160895 9.97531e-24)
(0.0279581 -0.0142915 0)
(0.035522 -0.0167426 0)
(0.0497307 -0.0234397 0)
(0.0639395 -0.0301367 1.09909e-32)
(0.0781483 -0.0368338 0)
(0.0923571 -0.0435309 0)
(0.106566 -0.0502279 -3.30314e-32)
(0.035522 -0.0167426 0)
(0.0497307 -0.0234397 0)
(0.0639395 -0.0301367 0)
(0.0781483 -0.0368338 0)
(0.0923571 -0.0435309 0)
(0.106566 -0.0502279 1.09321e-32)
(0.028833 -0.0124324 0)
(0.0295843 -0.01052 0)
(0.030209 -0.00856254 0)
(0.0307044 -0.00656844 4.98765e-24)
(0.0310682 -0.00454621 0)
(0.0312991 -0.00250452 0)
(0.0313958 -0.000452099 0)
(0.0313582 0.00160226 1.24691e-24)
(0.0311863 0.00364975 0)
(0.0308808 0.00568161 0)
(0.0304431 0.00768915 0)
(0.029875 0.00966376 9.97531e-24)
(0.029179 0.011597 0)
(0.028358 0.0134806 0)
(0.0274156 0.0153064 0)
(0.0263559 0.0170667 -9.97531e-24)
(0.0251832 0.0187539 0)
(0.0239027 0.0203608 0)
(0.0225199 0.0218805 0)
(0.0210406 0.0233066 0)
(0.0194713 0.0246328 -9.97531e-24)
(0.0178185 0.0258535 -9.97531e-24)
(0.0160895 0.0269635 9.97531e-24)
(0.0142915 0.0279581 9.97531e-24)
(0.0167426 0.035522 0)
(0.0234397 0.0497307 0)
(0.0301367 0.0639395 -1.11084e-32)
(0.0368338 0.0781483 0)
(0.0435309 0.0923571 0)
(0.0502279 0.106566 0)
(0.0167426 0.035522 0)
(0.0234397 0.0497307 0)
(0.0301367 0.0639395 0)
(0.0368338 0.0781483 0)
(0.0435309 0.0923571 0)
(0.0502279 0.106566 0)
(0.0124324 0.028833 0)
(0.01052 0.0295843 0)
(0.00856254 0.030209 0)
(0.00656844 0.0307044 4.98765e-24)
(0.00454621 0.0310682 0)
(0.00250452 0.0312991 0)
(0.000452099 0.0313958 0)
(-0.00160226 0.0313582 1.24691e-24)
(-0.00364975 0.0311863 0)
(-0.00568161 0.0308808 0)
(-0.00768915 0.0304431 0)
(-0.00966376 0.029875 9.97531e-24)
(-0.011597 0.029179 0)
(-0.0134806 0.028358 0)
(-0.0153064 0.0274156 0)
(-0.0170667 0.0263559 -9.97531e-24)
(-0.0187539 0.0251832 0)
(-0.0203608 0.0239027 0)
(-0.0218805 0.0225199 0)
(-0.0233066 0.0210406 0)
(-0.0246328 0.0194713 -9.97531e-24)
(-0.0258535 0.0178185 -9.97531e-24)
(-0.0269635 0.0160895 9.97531e-24)
(-0.0279581 0.0142915 0)
(-0.035522 0.0167426 0)
(-0.0497307 0.0234397 0)
(-0.0639395 0.0301367 -1.11084e-32)
(-0.0781483 0.0368338 0)
(-0.0923571 0.0435309 0)
(-0.106566 0.0502279 0)
)
;
    }
    freestream
    {
        type            freestreamVelocity;
        freestreamValue uniform (1 0 0);
        value           nonuniform List<vector> 
96
(
(1.08259 0.0541548 1.53668e-20)
(1.06562 0.0519613 0)
(1.05158 0.0492821 4.68394e-20)
(1.04005 0.0462956 -2.38916e-20)
(1.03069 0.0431376 -9.25499e-21)
(1.02325 0.0398613 0)
(1.01729 0.0362604 2.58106e-21)
(1.01124 0.0331509 2.85798e-21)
(1.00603 0.0315117 8.86703e-21)
(1.00338 0.0271782 0)
(1.00139 0.0228025 2.82851e-20)
(0.999916 0.0187899 8.85769e-21)
(0.998923 0.0152456 3.44479e-20)
(0.998333 0.0121793 0)
(0.99806 0.00957131 6.04313e-20)
(0.998019 0.00739036 -4.26742e-20)
(0.998139 0.00559816 5.08817e-20)
(0.998357 0.00415255 3.75714e-20)
(0.998624 0.00300973 -4.07083e-20)
(0.998903 0.00212587 0)
(0.999168 0.0014583 2.71418e-20)
(0.999398 0.000966362 2.31045e-21)
(0.999581 0.000611997 -5.29564e-21)
(0.999723 0.00036524 2.41058e-20)
(0.999834 0.000204638 -9.54093e-21)
(0.999914 0.000108124 0)
(0.999962 5.17013e-05 3.81269e-21)
(0.999987 2.12935e-05 -1.55455e-23)
(0.999997 6.75542e-06 -2.1471e-22)
(1 1.19274e-06 0)
(1 1.4045e-08 5.41402e-25)
(1 -1.38296e-07 6.70388e-24)
(0.999999 -2.54933e-06 2.43517e-22)
(0.999992 -1.1631e-05 0)
(0.999975 -3.40488e-05 1.86695e-21)
(0.999939 -7.97247e-05 9.85596e-22)
(0.999876 -0.000162663 5.63113e-21)
(0.999779 -0.000301213 0)
(0.999648 -0.000521636 1.94074e-20)
(0.999489 -0.000851665 -2.19167e-20)
(0.999311 -0.00131976 2.85429e-20)
(0.999129 -0.00195632 2.91542e-20)
(0.998967 -0.00279075 -3.78313e-20)
(0.998861 -0.00385053 0)
(0.998854 -0.00515739 3.72839e-20)
(0.999 -0.00672444 1.10992e-20)
(0.999362 -0.00855291 -1.27459e-20)
(1.00001 -0.0106293 2.76645e-20)
(1.00102 -0.012923 -5.44288e-20)
(1.00245 -0.0153845 0)
(1.00439 -0.0179421 3.66005e-20)
(1.00688 -0.0204902 -1.25476e-20)
(1.00994 -0.0228068 -7.72218e-21)
(1.01393 -0.0241008 0)
(1.01879 -0.0222405 1.71871e-21)
(1.02288 -0.0197165 1.40317e-21)
(1.02705 -0.0173855 3.15921e-21)
(1.03165 -0.0150162 0)
(1.03678 -0.0123033 1.36294e-20)
(1.04246 -0.00909756 3.97136e-21)
(1.04876 -0.00531699 1.3176e-20)
(1.05582 -0.000897038 0)
(1.06381 0.00421358 1.91745e-20)
(1.07297 0.0100469 -3.81331e-21)
(1.08359 0.0166185 1.34638e-20)
(1.09601 0.0238773 2.28427e-21)
(1.11061 0.0316685 -9.14437e-21)
(1.12768 0.0397275 0)
(1.14718 0.0475207 9.81901e-22)
(1.16808 0.0541119 4.50408e-21)
(1.18736 0.0578779 -1.56487e-21)
(1.19724 0.0576589 3.58581e-21)
(1.17873 0.05435 -4.4077e-21)
(1.09346 0.0572097 0)
(0.918079 0.0759948 2.80524e-21)
(0.706777 0.0971137 -9.78374e-22)
(0.519163 0.102215 4.46858e-22)
(0.370953 0.0873347 0)
(0.292545 0.0643882 -2.07306e-22)
(0.276364 0.0432115 1.81497e-22)
(0.334767 0.0140403 -1.79996e-22)
(0.47086 -0.0105081 0)
(0.650752 -0.0295961 -1.00766e-21)
(0.848801 -0.0345774 4.71522e-22)
(1.04367 -0.0287927 1.63845e-21)
(1.22001 -0.0172272 0)
(1.33252 -0.000399256 1.14712e-20)
(1.36146 0.0155838 -1.43983e-21)
(1.35268 0.0311103 2.10115e-20)
(1.32184 0.0421598 2.94569e-21)
(1.27755 0.0492239 -3.14767e-20)
(1.23165 0.0527562 0)
(1.19019 0.0543965 7.42693e-21)
(1.15607 0.0557633 4.2131e-20)
(1.1274 0.0564109 -1.49142e-20)
(1.10296 0.0557246 -1.87545e-21)
)
;
    }
    frontAndBack
    {
        type            empty;
    }
}


// ************************************************************************* //
