/*--------------------------------*- C++ -*----------------------------------*\
  =========                 |
  \\      /  F ield         | OpenFOAM: The Open Source CFD Toolbox
   \\    /   O peration     | Website:  https://openfoam.org
    \\  /    A nd           | Version:  11
     \\/     M anipulation  |
\*---------------------------------------------------------------------------*/
FoamFile
{
    format      ascii;
    class       volVectorField;
    location    "1.72";
    object      U;
}
// * * * * * * * * * * * * * * * * * * * * * * * * * * * * * * * * * * * * * //

dimensions      [0 1 -1 0 0 0 0];

internalField   nonuniform List<vector> 
2880
(
(-0.0652542 -0.076117 -1.26858e-20)
(-0.076789 -0.117 -6.36277e-19)
(-0.0559068 -0.0499012 -4.52155e-19)
(-0.0258756 0.137396 -1.56924e-19)
(0.100981 0.308021 -7.89997e-20)
(0.209814 0.870426 -1.88356e-19)
(-0.0819638 -0.0978702 0)
(-0.0659976 -0.098607 1.38817e-19)
(-0.0147221 -0.00167456 0)
(0.0454765 0.182086 -1.61498e-19)
(0.167704 0.383131 -1.82211e-20)
(0.37721 0.709867 0)
(-0.0928372 -0.0985798 -2.98995e-21)
(-0.0491148 -0.0740172 -1.25587e-19)
(0.0278107 0.0324784 -1.22985e-20)
(0.120015 0.207127 4.91511e-21)
(0.281131 0.409134 -1.95411e-20)
(0.495662 0.657723 6.53711e-21)
(-0.102504 -0.09405 0)
(-0.0321705 -0.0528869 0)
(0.0677469 0.0579721 1.16682e-20)
(0.187618 0.223628 0)
(0.368152 0.41684 7.8041e-21)
(0.582496 0.617163 -4.71772e-20)
(-0.110439 -0.0880526 -3.58627e-19)
(-0.0159706 -0.035239 2.03946e-19)
(0.103678 0.0774514 -1.10367e-20)
(0.246848 0.234446 3.69213e-20)
(0.438774 0.415742 -1.3867e-19)
(0.647384 0.578736 4.71166e-20)
(-0.11647 -0.0825519 3.56774e-19)
(-0.00139547 -0.0209348 -2.18735e-19)
(0.134881 0.0918831 0)
(0.296965 0.241307 -2.9519e-19)
(0.496087 0.409804 1.23454e-19)
(0.692537 0.545146 0)
(-0.120972 -0.078508 -7.54029e-19)
(0.0110086 -0.00991698 4.41122e-19)
(0.161107 0.101895 -3.44458e-19)
(0.33845 0.244972 2.60411e-19)
(0.541449 0.401283 -2.17875e-19)
(0.723893 0.515437 0)
(-0.124216 -0.0762894 7.29461e-19)
(0.0209593 -0.00206417 -1.27114e-18)
(0.182309 0.108031 -3.43341e-19)
(0.371857 0.245618 -6.67614e-19)
(0.576369 0.39164 3.16868e-19)
(0.745018 0.488819 0)
(-0.126372 -0.0758943 0)
(0.0283148 0.00288084 1.68865e-18)
(0.198515 0.110729 6.49179e-19)
(0.397765 0.243476 3.82394e-20)
(0.602449 0.381054 5.11082e-19)
(0.758205 0.464877 0)
(-0.127598 -0.0770851 0)
(0.0329655 0.00528032 -8.45686e-19)
(0.209744 0.110392 -6.96499e-19)
(0.416627 0.238788 1.13989e-18)
(0.620893 0.369521 -4.48599e-19)
(0.765383 0.442739 0)
(-0.128062 -0.0794659 1.44375e-18)
(0.0348116 0.00555163 -7.94493e-19)
(0.215982 0.107402 6.59599e-19)
(0.428745 0.231752 -6.13355e-19)
(0.632618 0.356922 -1.25731e-19)
(0.767935 0.421787 -3.14403e-19)
(-0.127962 -0.0825391 -1.44505e-18)
(0.0337484 0.00412275 8.55054e-19)
(0.217124 0.102076 0)
(0.43433 0.222497 -6.20154e-19)
(0.638469 0.343139 5.2586e-19)
(0.766794 0.401528 4.23052e-19)
(-0.12752 -0.0857418 2.25466e-20)
(0.0296664 0.00141135 0)
(0.213015 0.0946431 7.19212e-19)
(0.433474 0.210907 1.25266e-18)
(0.639028 0.328003 -5.2841e-19)
(0.762601 0.381633 0)
(-0.126991 -0.0885071 -1.44295e-18)
(0.0224791 -0.0022136 0)
(0.203523 0.0853293 4.41719e-23)
(0.426079 0.196837 -6.32326e-19)
(0.634412 0.311217 0)
(0.755773 0.361731 0)
(-0.126478 -0.0901792 2.34129e-20)
(0.0121296 -0.00646316 0)
(0.188453 0.0743083 -6.45288e-19)
(0.411883 0.180088 -8.00729e-20)
(0.624611 0.29241 0)
(0.746603 0.341383 0)
(-0.126333 -0.0901388 2.75322e-18)
(-0.00129664 -0.0110722 9.00749e-19)
(0.167619 0.0617353 0)
(0.390489 0.160364 -6.4785e-19)
(0.609412 0.271031 0)
(0.735194 0.320058 0)
(-0.126688 -0.0883231 -1.44101e-18)
(-0.0176208 -0.0158122 -9.18949e-19)
(0.140902 0.0477774 -6.6361e-19)
(0.361299 0.13739 5.71893e-19)
(0.588052 0.246427 1.3516e-19)
(0.721631 0.297207 -1.13752e-19)
(-0.12844 -0.0839357 0)
(-0.036484 -0.0205397 5.88357e-20)
(0.108272 0.0326287 1.49354e-18)
(0.323611 0.110987 0)
(0.559284 0.217925 -4.24094e-19)
(0.705742 0.272102 3.33659e-19)
(-0.132776 -0.0774259 -4.5888e-20)
(-0.0571468 -0.0253032 -9.91e-19)
(0.0698719 0.0165946 4.84803e-20)
(0.276809 0.0811226 6.70254e-19)
(0.521205 0.184991 1.1312e-18)
(0.68698 0.243835 -7.89557e-19)
(-0.136637 -0.062223 -4.29749e-20)
(-0.0778555 -0.0302133 3.05018e-20)
(0.0264899 0.000281997 -1.59658e-18)
(0.220476 0.0477451 -6.79889e-19)
(0.470723 0.147194 8.64508e-22)
(0.664311 0.210871 4.52743e-19)
(-0.13296 -0.052397 1.89558e-20)
(-0.0960629 -0.0349761 4.03994e-22)
(-0.0197749 -0.0154408 8.15985e-19)
(0.154509 0.011394 -6.87557e-19)
(0.401967 0.103809 -1.15531e-18)
(0.634833 0.168235 0)
(-0.126912 -0.046713 0)
(-0.111109 -0.0377657 1.04892e-18)
(-0.0655858 -0.0293296 -4.1809e-19)
(0.0791114 -0.0254309 3.54608e-19)
(0.303674 0.0535809 5.87048e-19)
(0.591046 0.0994818 2.23921e-19)
(-0.117136 -0.0387588 -1.13431e-20)
(-0.122107 -0.0383004 5.19656e-19)
(-0.106316 -0.0400244 4.62615e-19)
(-0.00640907 -0.059186 3.60778e-19)
(0.149608 -0.00305279 0)
(0.54031 0.00861389 -4.2361e-19)
(-0.0769202 -0.0280028 -8.42187e-19)
(-0.108876 -0.0371477 -5.63239e-19)
(-0.128892 -0.0428916 -4.50563e-19)
(-0.0855144 -0.0635356 -3.21472e-19)
(-0.0635611 -0.0261925 -3.37952e-19)
(0.496803 0.0105053 2.60221e-19)
(0.990245 0.918276 9.80929e-22)
(1.28174 0.706146 5.12657e-21)
(1.37754 0.557783 -1.53148e-20)
(1.40204 0.45214 -2.29065e-20)
(1.3937 0.372031 -1.3508e-20)
(1.37385 0.310388 8.65537e-21)
(1.35189 0.262988 -1.70837e-22)
(1.33096 0.226077 -7.21671e-21)
(1.31179 0.196816 2.6601e-21)
(1.29435 0.173188 -1.17763e-21)
(1.27834 0.153751 -1.78504e-21)
(1.26339 0.13746 -9.60681e-21)
(1.2492 0.123561 2.38378e-20)
(1.23545 0.111502 -1.69365e-20)
(1.22187 0.100884 0)
(1.2082 0.0914206 1.77788e-20)
(1.19416 0.0829227 -3.29448e-20)
(1.17945 0.0752878 5.0438e-20)
(1.16373 0.0684719 -4.8707e-20)
(1.14656 0.0623821 0)
(1.12736 0.0569123 1.51306e-20)
(1.10564 0.053183 -3.35529e-20)
(1.08138 0.0558015 4.84682e-20)
(1.05383 0.0650735 0)
(0.969751 0.811791 -1.00101e-21)
(1.22479 0.692534 6.85741e-21)
(1.32105 0.560765 5.09511e-21)
(1.34822 0.460436 4.15038e-21)
(1.34594 0.38284 6.01056e-21)
(1.333 0.32257 -9.27096e-21)
(1.31716 0.275669 0)
(1.30122 0.238691 -5.36213e-21)
(1.28603 0.209027 4.94694e-21)
(1.27169 0.184808 0)
(1.25807 0.164684 2.03033e-20)
(1.24498 0.147674 -7.56716e-22)
(1.2322 0.133058 9.51589e-21)
(1.21951 0.120305 -1.05087e-20)
(1.20672 0.10902 9.9449e-21)
(1.19362 0.0989122 0)
(1.18001 0.0897761 1.97974e-20)
(1.16565 0.0814856 4.60687e-22)
(1.15026 0.0739684 -2.35042e-20)
(1.1335 0.0671043 -1.84638e-20)
(1.11486 0.0607408 1.3075e-20)
(1.09382 0.0558791 0)
(1.0703 0.0569994 0)
(1.04436 0.0659857 0)
(0.939261 0.766366 0)
(1.17807 0.6707 -4.59067e-21)
(1.26688 0.552882 0)
(1.29582 0.459873 -7.34641e-21)
(1.29992 0.387166 0)
(1.29352 0.329674 -1.14701e-21)
(1.28324 0.284156 0)
(1.27184 0.247776 0)
(1.26029 0.21825 -9.62196e-22)
(1.24887 0.193882 -9.20008e-22)
(1.23756 0.173436 -8.82477e-22)
(1.22629 0.156006 -3.18591e-21)
(1.21493 0.140921 2.17785e-21)
(1.20337 0.127683 0)
(1.19145 0.115914 -5.81521e-21)
(1.17903 0.105331 4.79165e-21)
(1.16595 0.0957208 0)
(1.15203 0.086939 -6.9759e-22)
(1.13708 0.0788899 -9.67599e-22)
(1.1208 0.0714443 5.69981e-21)
(1.10277 0.064397 9.09166e-21)
(1.08244 0.0583614 -5.47833e-21)
(1.05976 0.0570154 6.40654e-22)
(1.03608 0.0667488 -6.72167e-22)
(0.928775 0.707891 0)
(1.13076 0.633982 2.95399e-21)
(1.21508 0.536248 -4.55385e-21)
(1.24771 0.453312 1.40307e-21)
(1.25709 0.38622 -2.94457e-21)
(1.25603 0.33221 1.57539e-20)
(1.25055 0.288796 0)
(1.2432 0.253608 0)
(1.23498 0.224683 9.50297e-22)
(1.22623 0.200533 8.94733e-21)
(1.2171 0.180058 -6.62382e-21)
(1.20758 0.162445 0)
(1.19766 0.147087 8.09492e-22)
(1.18727 0.133527 0)
(1.17631 0.121416 -6.45943e-21)
(1.16468 0.110487 6.88857e-21)
(1.15227 0.100538 0)
(1.13895 0.091423 6.78207e-21)
(1.12456 0.0830485 6.79838e-22)
(1.1089 0.0753163 -6.64163e-22)
(1.09166 0.0680002 -1.01526e-20)
(1.07247 0.0610075 1.11245e-20)
(1.05099 0.0555859 -6.49786e-22)
(1.02656 0.0675225 -5.21031e-21)
(0.920226 0.65115 7.56411e-20)
(1.09116 0.596738 1.73749e-20)
(1.16997 0.515921 1.06091e-20)
(1.20413 0.442538 -4.91503e-20)
(1.21743 0.38139 0)
(1.22083 0.331271 3.98617e-21)
(1.21948 0.29033 2.36076e-20)
(1.21566 0.256661 -9.01089e-21)
(1.21037 0.228623 -1.98265e-23)
(1.20405 0.204939 3.67698e-20)
(1.19693 0.184649 -1.71957e-20)
(1.18909 0.16703 1.63543e-20)
(1.18058 0.151541 1.23488e-22)
(1.17139 0.137767 -4.4319e-20)
(1.16146 0.12539 2.81489e-20)
(1.15074 0.114166 2.72531e-20)
(1.13916 0.103907 -2.61019e-20)
(1.12662 0.0944814 -3.14719e-20)
(1.11301 0.0858064 2.44973e-20)
(1.0982 0.0777511 0)
(1.08209 0.0699421 2.31361e-20)
(1.06451 0.0623761 2.37126e-20)
(1.04428 0.0585864 3.04093e-21)
(1.01776 0.0732086 -4.70695e-20)
(0.91314 0.60194 -3.27791e-19)
(1.05751 0.560803 1.99061e-20)
(1.13003 0.49357 0)
(1.16502 0.429096 -5.33733e-20)
(1.1813 0.373753 0)
(1.18822 0.327556 -2.85418e-20)
(1.19024 0.289239 2.70678e-20)
(1.18941 0.257283 -1.00001e-19)
(1.18667 0.230328 -6.98756e-20)
(1.18252 0.20729 2.07451e-20)
(1.17723 0.187341 -4.05658e-20)
(1.17098 0.169849 -3.61178e-20)
(1.16383 0.15433 -1.65064e-21)
(1.15583 0.140412 -3.38099e-20)
(1.14697 0.1278 0)
(1.13723 0.116266 3.07426e-20)
(1.12655 0.105628 0)
(1.11488 0.0957571 2.83914e-20)
(1.10213 0.0865531 -2.74074e-20)
(1.08821 0.0778046 0)
(1.07307 0.0690403 -2.55667e-20)
(1.05639 0.0606889 -4.98708e-20)
(1.03634 0.0578952 4.86686e-20)
(1.01075 0.0693569 -5.44875e-20)
(0.906078 0.560058 -1.40782e-20)
(1.02911 0.527598 -2.01991e-19)
(1.09532 0.47086 3.2607e-20)
(1.13012 0.414085 9.18587e-20)
(1.14841 0.364114 -3.99632e-20)
(1.15807 0.321696 3.6048e-20)
(1.16286 0.286008 3.03462e-20)
(1.16453 0.255842 7.83338e-20)
(1.16399 0.230077 -5.5492e-20)
(1.16176 0.207801 0)
(1.15814 0.188305 4.02303e-20)
(1.15335 0.17104 3.93984e-20)
(1.1475 0.155577 -1.7057e-21)
(1.14067 0.14158 -2.89724e-21)
(1.13286 0.128777 -3.46872e-20)
(1.1241 0.116951 -3.09791e-23)
(1.11434 0.10593 -9.28789e-20)
(1.10355 0.0955867 -8.71664e-20)
(1.09167 0.0858116 8.42616e-20)
(1.07864 0.0763546 5.4608e-20)
(1.06445 0.066745 -2.75107e-20)
(1.04865 0.0577333 1.06997e-19)
(1.0292 0.0551086 -1.04149e-19)
(1.00553 0.0641725 -1.31352e-21)
(0.898558 0.524199 2.22979e-19)
(1.00465 0.497222 -1.29112e-20)
(1.06486 0.448477 -6.41702e-20)
(1.09891 0.398218 1.09356e-19)
(1.11857 0.35309 -4.69208e-20)
(1.13031 0.314198 -8.09805e-20)
(1.13731 0.281045 6.66122e-20)
(1.14106 0.252664 -6.11318e-20)
(1.14241 0.228134 5.18442e-20)
(1.14186 0.206689 0)
(1.13975 0.187725 0)
(1.13631 0.170768 8.51105e-20)
(1.13168 0.155437 -1.60334e-19)
(1.12596 0.14143 3.67954e-20)
(1.11919 0.128499 3.49043e-20)
(1.11139 0.11644 1.01657e-19)
(1.10255 0.105094 3.16791e-20)
(1.09265 0.0943418 -3.25812e-20)
(1.08166 0.0840794 -1.21229e-19)
(1.06955 0.0740522 8.35755e-22)
(1.05635 0.0638219 4.84466e-23)
(1.04154 0.0543146 8.20667e-20)
(1.02286 0.0514515 0)
(1.00089 0.05848 2.67648e-20)
(0.890416 0.492866 4.83248e-19)
(0.983127 0.469481 1.75808e-19)
(1.03796 0.426864 -6.91664e-20)
(1.07091 0.382004 1.1801e-19)
(1.09142 0.34114 -1.46235e-19)
(1.10475 0.305464 1.66327e-19)
(1.1135 0.274692 0)
(1.11899 0.248038 -1.34881e-19)
(1.12194 0.224742 5.80156e-20)
(1.12287 0.204162 -5.40183e-20)
(1.12211 0.185785 0)
(1.11991 0.169199 0)
(1.11643 0.15407 0)
(1.11178 0.140126 -8.3621e-20)
(1.10601 0.12714 0)
(1.09915 0.114927 -7.55245e-20)
(1.09123 0.103338 0)
(1.08224 0.0922727 3.26294e-20)
(1.07216 0.0816348 -1.29386e-19)
(1.06102 0.0711798 9.45273e-22)
(1.04889 0.0605069 2.42459e-19)
(1.03519 0.0506338 -8.93951e-20)
(1.01742 0.0473801 -1.20557e-19)
(0.997069 0.052658 1.15659e-19)
(0.881612 0.465046 -4.81255e-19)
(0.963808 0.444122 3.88193e-19)
(1.0139 0.406209 0)
(1.04565 0.365788 -2.56941e-19)
(1.06667 0.328597 0)
(1.08117 0.295812 -1.84595e-19)
(1.09133 0.267231 1.61241e-19)
(1.09825 0.24221 2.7711e-19)
(1.10258 0.220117 0)
(1.10481 0.200412 0)
(1.10527 0.182656 -4.02804e-21)
(1.10422 0.166492 -9.8287e-20)
(1.10182 0.151627 -9.41398e-20)
(1.09818 0.137815 1.72182e-19)
(1.09337 0.124851 0)
(1.08745 0.112565 1.55719e-19)
(1.08045 0.100827 -7.67325e-20)
(1.07237 0.0895497 0)
(1.06323 0.0786531 2.08718e-19)
(1.0531 0.0679088 -2.02167e-19)
(1.04209 0.0569562 1.95055e-19)
(1.02956 0.0468528 -2.54818e-19)
(1.01281 0.0431627 1.2475e-19)
(0.994069 0.0468909 6.19896e-20)
(0.872177 0.439968 -1.19494e-19)
(0.94611 0.420852 -6.83957e-19)
(0.992095 0.386528 7.70384e-20)
(1.0227 0.349765 5.96945e-20)
(1.04397 0.315727 6.0768e-21)
(1.05937 0.285487 4.74204e-19)
(1.07065 0.25889 -3.2982e-19)
(1.07876 0.235386 8.64905e-21)
(1.08429 0.214445 -1.36071e-19)
(1.08767 0.195605 0)
(1.08925 0.178491 -2.45012e-21)
(1.08925 0.16279 1.04076e-19)
(1.08786 0.148243 1.93307e-19)
(1.08519 0.134628 -2.70262e-19)
(1.08133 0.121758 1.73835e-19)
(1.07633 0.109481 -3.29541e-19)
(1.07024 0.0976846 3.16729e-19)
(1.06309 0.0862973 -2.29627e-19)
(1.05492 0.0752565 4.59597e-22)
(1.04583 0.0643548 -3.76134e-21)
(1.03596 0.0532744 -1.36304e-19)
(1.02465 0.0430737 0)
(1.00901 0.038945 -2.67752e-19)
(0.991868 0.0412943 2.57001e-19)
(0.862057 0.417 3.91773e-19)
(0.929604 0.399388 5.05614e-19)
(0.972094 0.367832 0)
(1.00164 0.334052 0)
(1.02302 0.302689 0)
(1.0391 0.274663 -1.92793e-19)
(1.05131 0.249839 8.34185e-20)
(1.06044 0.227731 -7.16568e-20)
(1.06701 0.207879 2.77976e-19)
(1.07143 0.189886 0)
(1.07402 0.173424 -1.1606e-19)
(1.07502 0.158218 -1.82393e-21)
(1.07459 0.144036 -9.92397e-20)
(1.07286 0.130676 -9.84924e-20)
(1.06991 0.11797 -9.3505e-20)
(1.06582 0.105783 8.49154e-20)
(1.06065 0.0940161 -1.66935e-19)
(1.05443 0.0826188 2.38481e-19)
(1.04724 0.0715454 -7.98096e-20)
(1.0392 0.0606132 -7.59922e-20)
(1.03049 0.0495479 5.03987e-19)
(1.02039 0.0393752 -2.81328e-19)
(1.00594 0.0348284 0)
(0.9904 0.0359551 3.00143e-21)
(0.851273 0.395688 -6.37642e-19)
(0.913967 0.379482 2.09219e-19)
(0.953488 0.350077 -8.8323e-20)
(0.982097 0.318695 0)
(1.00353 0.289571 2.44431e-19)
(1.02016 0.263454 2.10467e-19)
(1.03315 0.240205 1.84656e-19)
(1.04318 0.219369 1.58941e-19)
(1.05069 0.200542 -2.89466e-19)
(1.05606 0.183371 -2.67373e-19)
(1.05959 0.167565 2.1577e-21)
(1.06152 0.15288 3.42626e-19)
(1.06201 0.139105 -1.09236e-19)
(1.06119 0.126058 9.85568e-20)
(1.05914 0.113583 9.36683e-20)
(1.05594 0.101561 -9.36413e-20)
(1.05168 0.0899121 -3.98722e-21)
(1.0464 0.0786028 -1.68622e-19)
(1.04018 0.0676057 1.63521e-19)
(1.0332 0.0567645 -8.04001e-20)
(1.02564 0.045847 -7.7619e-20)
(1.01675 0.0358163 0)
(1.00354 0.0308863 2.93468e-19)
(0.989584 0.0309406 -6.29024e-19)
(0.83986 0.375745 0)
(0.898936 0.360942 0)
(0.935924 0.333177 0)
(0.963751 0.303689 -1.43015e-19)
(0.985231 0.276416 -1.16056e-19)
(1.00235 0.251931 -3.14315e-19)
(1.01604 0.23007 1.03122e-19)
(1.02687 0.210392 0)
(1.03524 0.192527 -1.49718e-19)
(1.0415 0.176151 2.75411e-19)
(1.04593 0.161003 -2.57019e-19)
(1.04875 0.146863 3.51316e-21)
(1.05012 0.133536 -4.6367e-21)
(1.05018 0.120854 0)
(1.04901 0.108675 9.75627e-20)
(1.0467 0.0968944 1.90422e-19)
(1.04333 0.0854499 -1.88721e-19)
(1.03899 0.0743251 1.76875e-19)
(1.03375 0.0635099 -1.7153e-19)
(1.02782 0.0528743 3.25464e-19)
(1.02137 0.0422248 -4.7956e-19)
(1.01365 0.0324363 -8.4994e-20)
(1.00173 0.0271706 3.02049e-19)
(0.989326 0.0263012 3.01897e-19)
(0.827765 0.356924 6.63853e-19)
(0.884263 0.343597 -1.11837e-19)
(0.919087 0.317038 3.64399e-19)
(0.94631 0.288997 -3.05725e-19)
(0.967876 0.263224 1.25248e-19)
(0.985473 0.240123 -2.21122e-19)
(0.999821 0.219484 -9.16471e-20)
(1.01142 0.200859 0)
(1.02061 0.183896 1.55256e-19)
(1.02771 0.168292 -1.45271e-19)
(1.03299 0.153807 1.30132e-19)
(1.03667 0.140234 0)
(1.03891 0.127395 -2.3553e-19)
(1.03982 0.11513 4.40156e-19)
(1.03951 0.103312 -2.14406e-19)
(1.03808 0.0918491 -9.82561e-20)
(1.0356 0.0806944 -3.66216e-21)
(1.03218 0.0698486 -9.04627e-20)
(1.02791 0.0593166 1.00759e-21)
(1.023 0.0489927 -8.64465e-20)
(1.01762 0.0387171 6.70646e-19)
(1.01103 0.0292577 -2.44345e-19)
(1.00041 0.0237169 8.08958e-20)
(0.989533 0.0220723 0)
(0.814843 0.339042 -9.42526e-19)
(0.869694 0.327322 -1.13377e-19)
(0.902682 0.301551 -3.63534e-19)
(0.929503 0.274549 1.53564e-19)
(0.951244 0.249962 2.72185e-19)
(0.96936 0.228024 1.15955e-19)
(0.984372 0.208458 0)
(0.996723 0.190797 0)
(1.00671 0.174688 0)
(1.01463 0.159839 0)
(1.02075 0.146021 -1.36338e-19)
(1.02527 0.133042 1.29228e-19)
(1.02835 0.120731 1.18451e-19)
(1.0301 0.108939 -1.16132e-19)
(1.03065 0.0975476 2.17646e-19)
(1.03007 0.0864773 0)
(1.02848 0.0756976 9.84087e-20)
(1.02597 0.0652229 -9.47819e-20)
(1.02264 0.05507 9.46669e-20)
(1.01871 0.0451547 -9.13246e-20)
(1.01434 0.0353447 -4.3225e-19)
(1.00881 0.0262888 6.78343e-19)
(0.99952 0.020547 -7.80298e-20)
(0.990112 0.0182751 -5.64636e-19)
(0.800858 0.321943 6.72084e-19)
(0.854923 0.312014 -1.14765e-19)
(0.886424 0.286604 -9.20103e-20)
(0.91307 0.26024 -2.39676e-19)
(0.935128 0.236559 -2.65963e-19)
(0.953854 0.215591 1.14779e-19)
(0.969576 0.196977 1.0401e-19)
(0.982701 0.180208 0)
(0.993491 0.164916 1.65389e-19)
(1.00223 0.150812 5.59278e-22)
(1.00917 0.137674 1.40761e-19)
(1.01452 0.125319 -2.67965e-19)
(1.01842 0.11358 0)
(1.02101 0.102317 1.16372e-19)
(1.02239 0.0914192 1.13798e-19)
(1.02266 0.0808187 -2.17116e-19)
(1.02193 0.0704983 1.05542e-19)
(1.02031 0.0604838 1.99805e-19)
(1.01789 0.0508002 -2.88642e-19)
(1.0149 0.0413808 1.86191e-19)
(1.01147 0.0321148 0)
(1.00695 0.0235278 0)
(0.99897 0.0176716 -3.38194e-19)
(0.990973 0.0149184 3.1084e-19)
(0.785577 0.305489 1.34338e-19)
(0.839553 0.297581 2.32074e-19)
(0.869995 0.272028 1.91755e-19)
(0.896792 0.245932 7.85729e-20)
(0.919331 0.222901 2.76734e-19)
(0.938814 0.20275 1.20432e-19)
(0.955332 0.18499 -2.08236e-19)
(0.969277 0.169063 -1.8698e-19)
(0.980896 0.154567 1.74022e-19)
(0.990464 0.14121 -1.58926e-19)
(0.998231 0.128774 -1.47411e-19)
(1.0044 0.117078 2.70132e-19)
(1.00912 0.105962 1.26404e-19)
(1.01252 0.095288 -4.8858e-19)
(1.01472 0.0849532 2.3419e-19)
(1.01583 0.0749 0)
(1.01594 0.0651221 1.08506e-19)
(1.01517 0.0556534 -2.07699e-19)
(1.01364 0.0465232 0)
(1.01152 0.0376787 -9.48388e-20)
(1.00897 0.0290253 0)
(1.00538 0.0209671 0)
(0.998687 0.0150937 0)
(0.992028 0.0119969 0)
(0.768768 0.289619 -7.054e-20)
(0.823081 0.28389 -3.45286e-19)
(0.853019 0.257606 -9.94511e-20)
(0.880446 0.231424 3.34841e-19)
(0.903724 0.208836 -1.38867e-19)
(0.924109 0.189383 1.30882e-19)
(0.941558 0.17242 -1.06654e-19)
(0.956397 0.157312 2.94757e-19)
(0.968888 0.143611 0)
(0.979307 0.131017 3.23423e-19)
(0.987906 0.119314 0)
(0.994889 0.108322 -2.81298e-19)
(1.00042 0.0978831 2.624e-19)
(1.00463 0.0878632 -2.52637e-19)
(1.00763 0.0781641 -2.39205e-19)
(1.00954 0.0687363 1.59002e-21)
(1.01047 0.0595822 2.22293e-19)
(1.01053 0.0507403 0)
(1.00983 0.0422415 -2.05344e-19)
(1.00854 0.0340435 1.98855e-19)
(1.0068 0.0260646 0)
(1.00406 0.018596 -2.79929e-19)
(0.998588 0.0128117 3.54448e-19)
(0.993182 0.00948643 0)
(0.74983 0.274252 0)
(0.804873 0.270733 4.73161e-19)
(0.835125 0.243026 0)
(0.863781 0.216446 -3.3451e-19)
(0.888209 0.194168 0)
(0.909691 0.175346 -2.4767e-19)
(0.928192 0.159161 -2.23694e-19)
(0.944029 0.144878 -1.96116e-19)
(0.95745 0.131994 -1.7846e-19)
(0.96875 0.120198 -1.63684e-19)
(0.978195 0.109274 0)
(0.985996 0.0990402 -3.23816e-21)
(0.992325 0.0893411 -3.05068e-21)
(0.997319 0.0800448 1.26419e-19)
(1.0011 0.0710567 -2.47605e-19)
(1.00379 0.062333 -2.35873e-19)
(1.0055 0.0538814 2.28347e-19)
(1.00633 0.045742 -3.29595e-19)
(1.00642 0.037945 1.05003e-19)
(1.0059 0.0304573 -1.02982e-19)
(1.0049 0.0232108 1.9672e-19)
(1.00294 0.0164042 -3.80969e-19)
(0.998616 0.0108521 0)
(0.994301 0.00733014 -3.95673e-19)
(0.727525 0.259112 0)
(0.784235 0.25774 -5.89043e-19)
(0.815936 0.227862 3.06764e-21)
(0.846599 0.200643 8.78732e-20)
(0.872666 0.178637 2.98588e-19)
(0.895561 0.160465 -1.25933e-19)
(0.915241 0.145081 2.21351e-19)
(0.932168 0.131668 -3.07562e-19)
(0.94659 0.119648 0)
(0.958807 0.108707 1.6743e-19)
(0.969112 0.0986214 -1.58485e-19)
(0.97773 0.0892125 2.91379e-19)
(0.984844 0.0803246 -2.36986e-21)
(0.9906 0.0718277 2.61857e-19)
(0.99513 0.06363 -1.26725e-19)
(0.998554 0.0556906 0)
(1.00099 0.0480193 0)
(1.00255 0.0406553 -2.22864e-21)
(1.00336 0.0336269 2.76941e-22)
(1.00356 0.0269108 6.25485e-19)
(1.00324 0.0204573 -1.01731e-19)
(1.002 0.0144065 -4.49506e-23)
(0.998811 0.00930283 -2.83135e-19)
(0.99531 0.00545637 1.68778e-19)
(0.699952 0.244281 -6.99125e-20)
(0.760502 0.244153 -1.84298e-19)
(0.795044 0.211476 0)
(0.828767 0.183529 -8.66084e-20)
(0.857045 0.161915 -2.21389e-19)
(0.881716 0.144525 0)
(0.902777 0.130049 3.41329e-19)
(0.920865 0.117573 2.03939e-19)
(0.936348 0.106497 9.28923e-20)
(0.949518 0.0964886 -2.58177e-19)
(0.960694 0.0873207 1.61322e-19)
(0.970123 0.0788144 2.18048e-21)
(0.978003 0.0708168 1.42409e-19)
(0.984493 0.0632008 0)
(0.989733 0.0558764 0)
(0.993847 0.0488034 0)
(0.996957 0.04199 0)
(0.999177 0.0354707 -1.151e-19)
(1.00063 0.0292699 1.11844e-19)
(1.00145 0.0233699 -1.05361e-19)
(1.00172 0.0177306 1.01635e-19)
(1.00116 0.012442 1.50742e-19)
(0.999057 0.00787019 -9.69083e-20)
(0.996425 0.00396923 1.29941e-19)
(0.666395 0.233222 -2.85408e-19)
(0.732693 0.227832 2.43417e-19)
(0.77198 0.192668 -2.14495e-19)
(0.810262 0.164445 1.82373e-19)
(0.841433 0.143625 0)
(0.868225 0.127286 0)
(0.890892 0.113908 -1.15476e-19)
(0.910241 0.102499 1.06339e-19)
(0.92681 0.0924696 -1.93087e-19)
(0.940952 0.0834923 0)
(0.952999 0.0753351 -1.62734e-19)
(0.963224 0.0678201 7.68225e-20)
(0.971844 0.0607986 -1.43114e-19)
(0.979033 0.0541479 7.02783e-20)
(0.984939 0.0477803 1.31596e-19)
(0.989693 0.0416544 0)
(0.993419 0.0357731 0)
(0.996233 0.030163 -1.16281e-19)
(0.998256 0.024842 5.59971e-20)
(0.999619 0.0197939 5.44251e-20)
(1.0004 0.01498 -5.24971e-20)
(1.00043 0.010438 -1.00825e-19)
(0.999246 0.00639531 1.95731e-19)
(0.997566 0.00288954 -2.19793e-19)
(0.622269 0.231468 2.53064e-19)
(0.698887 0.204282 0)
(0.74697 0.169686 2.66214e-19)
(0.791462 0.142679 -2.28523e-19)
(0.826135 0.123393 0)
(0.855305 0.108522 0)
(0.879724 0.0965084 1.78755e-19)
(0.900435 0.0863611 -2.6713e-19)
(0.918112 0.0775164 1.94562e-19)
(0.93321 0.0696836 0)
(0.946108 0.0626386 1.63923e-19)
(0.957099 0.0562095 -7.79544e-20)
(0.966421 0.0502532 7.33892e-20)
(0.974263 0.0446529 -2.07206e-19)
(0.980784 0.039324 1.33501e-19)
(0.986121 0.0342222 6.41497e-20)
(0.990401 0.0293427 6.07454e-20)
(0.993742 0.0247021 -5.91059e-20)
(0.996266 0.0203115 -6.60234e-22)
(0.998096 0.0161567 -1.09569e-19)
(0.999315 0.0122041 1.05669e-19)
(0.999832 0.00845877 5.07814e-20)
(0.999403 0.0050479 4.97558e-20)
(0.998514 0.00204455 0)
(0.0384711 -0.0586204 -1.09003e-18)
(0.195384 -0.112543 0)
(0.364759 -0.160208 -5.93518e-19)
(0.452517 -0.178872 -1.78191e-19)
(0.455993 -0.175698 -5.08687e-20)
(0.350982 -0.10474 -4.01731e-19)
(0.0863263 -0.0901552 0)
(0.260326 -0.163806 1.8558e-19)
(0.385727 -0.195366 0)
(0.439648 -0.198854 -1.89023e-19)
(0.447257 -0.192555 -2.32963e-20)
(0.383378 -0.120454 0)
(0.115232 -0.118354 -3.94397e-21)
(0.277414 -0.194376 -1.69822e-19)
(0.375631 -0.214816 -1.61644e-20)
(0.421006 -0.208932 6.53266e-21)
(0.431392 -0.186747 -2.76349e-20)
(0.409954 -0.10811 9.52548e-21)
(0.138843 -0.148374 0)
(0.281626 -0.219818 0)
(0.362523 -0.233033 1.52132e-20)
(0.405439 -0.21939 0)
(0.419551 -0.188524 1.04092e-20)
(0.422567 -0.113466 -6.94619e-20)
(0.157926 -0.177354 -4.76909e-19)
(0.282216 -0.242051 2.74989e-19)
(0.350873 -0.250691 -1.40158e-20)
(0.391943 -0.232234 4.62621e-20)
(0.411989 -0.197151 -1.74436e-19)
(0.430052 -0.129254 6.67251e-20)
(0.173157 -0.203625 4.72951e-19)
(0.281332 -0.261115 -2.87505e-19)
(0.340325 -0.267661 0)
(0.380434 -0.247155 -3.50606e-19)
(0.406779 -0.211179 1.48925e-19)
(0.435494 -0.15112 0)
(0.185347 -0.227066 -9.95027e-19)
(0.2792 -0.277482 5.65763e-19)
(0.330543 -0.284141 -4.15025e-19)
(0.370399 -0.264038 2.95786e-19)
(0.402546 -0.229638 -2.47462e-19)
(0.439285 -0.177407 0)
(0.195131 -0.247571 9.60654e-19)
(0.275785 -0.291738 -1.58743e-18)
(0.321083 -0.300368 -3.97821e-19)
(0.361213 -0.282774 -7.29587e-19)
(0.398495 -0.251751 3.45967e-19)
(0.441627 -0.20695 0)
(0.202831 -0.264866 0)
(0.270944 -0.304352 2.05782e-18)
(0.311497 -0.316524 7.27017e-19)
(0.35228 -0.303198 4.26119e-20)
(0.394118 -0.276947 5.33648e-19)
(0.442619 -0.239175 0)
(0.208583 -0.278726 0)
(0.264495 -0.315647 -1.0082e-18)
(0.301377 -0.332728 -7.53286e-19)
(0.343067 -0.325132 1.15728e-18)
(0.389014 -0.304802 -4.58996e-19)
(0.442328 -0.273843 0)
(0.21213 -0.288989 1.885e-18)
(0.256331 -0.325857 -9.32283e-19)
(0.290368 -0.349041 6.94095e-19)
(0.333106 -0.348383 -6.06039e-19)
(0.38286 -0.335011 -1.26221e-19)
(0.440792 -0.310904 -3.31073e-19)
(0.213015 -0.295636 -1.88339e-18)
(0.246403 -0.335138 9.88252e-19)
(0.278162 -0.365464 0)
(0.321988 -0.372769 -5.94873e-19)
(0.37537 -0.367354 5.03362e-19)
(0.437977 -0.350385 4.42139e-19)
(0.210778 -0.298805 2.93834e-20)
(0.234688 -0.343576 0)
(0.264518 -0.381915 7.25771e-19)
(0.309344 -0.398112 1.18019e-18)
(0.366247 -0.401629 -5.00241e-19)
(0.433797 -0.392382 0)
(0.205044 -0.298742 -1.88471e-18)
(0.221141 -0.351177 0)
(0.249267 -0.398258 -1.60172e-22)
(0.294839 -0.424159 -5.87809e-19)
(0.355186 -0.437637 0)
(0.428112 -0.437009 0)
(0.195603 -0.295706 2.4827e-20)
(0.205745 -0.357866 0)
(0.232295 -0.414266 -6.41378e-19)
(0.278192 -0.450554 -7.46113e-20)
(0.341853 -0.475119 0)
(0.42073 -0.484379 0)
(0.182371 -0.289934 3.76639e-18)
(0.188615 -0.363453 1.05292e-18)
(0.213573 -0.429552 0)
(0.259182 -0.476791 -5.88371e-19)
(0.325878 -0.513671 0)
(0.411345 -0.534457 0)
(0.165472 -0.281573 -1.93607e-18)
(0.169981 -0.367532 -1.08371e-18)
(0.193179 -0.443524 -6.65611e-19)
(0.23764 -0.502136 5.19566e-19)
(0.306862 -0.552626 1.17308e-19)
(0.399538 -0.586995 -1.05421e-19)
(0.145374 -0.270528 0)
(0.150201 -0.3694 6.91764e-20)
(0.171312 -0.455286 1.50936e-18)
(0.213457 -0.525514 0)
(0.28434 -0.590946 -3.68301e-19)
(0.384754 -0.6415 2.90057e-19)
(0.123018 -0.256103 -6.07454e-20)
(0.129664 -0.367939 -1.21242e-18)
(0.148274 -0.463484 5.35603e-20)
(0.18649 -0.54548 6.22107e-19)
(0.257752 -0.627079 9.86295e-19)
(0.366092 -0.697054 -6.97344e-19)
(0.0998157 -0.236667 -6.13525e-20)
(0.108729 -0.361375 3.50513e-20)
(0.124413 -0.466192 -1.69097e-18)
(0.15653 -0.560245 -6.46452e-19)
(0.226511 -0.658583 -4.06049e-21)
(0.342037 -0.752091 3.98612e-19)
(0.0772513 -0.209699 3.10063e-20)
(0.0877827 -0.347155 -3.23956e-21)
(0.100111 -0.460964 8.95283e-19)
(0.123453 -0.567844 -6.87845e-19)
(0.190023 -0.681956 -1.05021e-18)
(0.309887 -0.804801 0)
(0.0571847 -0.173776 0)
(0.067745 -0.32243 1.37071e-18)
(0.0762446 -0.445098 -4.88401e-19)
(0.0878907 -0.566666 3.6756e-19)
(0.148191 -0.692096 5.62537e-19)
(0.264335 -0.855377 2.03833e-19)
(0.0432029 -0.130365 -1.64406e-20)
(0.0507004 -0.282886 6.99247e-19)
(0.055315 -0.414104 5.73856e-19)
(0.0518347 -0.554712 4.14883e-19)
(0.100858 -0.677302 0)
(0.192299 -0.917216 -4.4865e-19)
(0.0375629 -0.0675646 0)
(0.0356945 -0.199115 -7.48326e-19)
(0.0318945 -0.338071 -6.37198e-19)
(-0.00324375 -0.513807 -4.64838e-19)
(0.0685701 -0.602611 -3.53833e-19)
(0.05311 -1.05314 3.54978e-20)
(0.509917 0.192863 1.25496e-19)
(0.657938 0.170703 1.70541e-21)
(0.722337 0.141257 1.9369e-19)
(0.77343 0.117741 -4.78069e-20)
(0.81173 0.100972 0)
(0.843313 0.0880863 1.36856e-19)
(0.869504 0.077754 -1.8163e-19)
(0.891595 0.0690949 1.07494e-19)
(0.91039 0.0616115 0)
(0.926418 0.0550514 0)
(0.940121 0.0492258 -4.20049e-20)
(0.951829 0.0439769 -3.92854e-20)
(0.961798 0.0391735 -1.83888e-19)
(0.970234 0.0347065 7.06294e-20)
(0.977305 0.0304946 0)
(0.983158 0.0264904 -1.28518e-19)
(0.987919 0.0226793 1.24038e-19)
(0.991711 0.0190665 5.97935e-20)
(0.994657 0.0156558 5.67744e-20)
(0.996873 0.0124353 -1.6659e-19)
(0.998445 0.00937794 5.38484e-20)
(0.999358 0.00647395 0)
(0.999519 0.00378831 -4.97633e-20)
(0.999244 0.00139868 0)
(0.484601 0.122809 -1.61307e-19)
(0.629349 0.126787 6.73383e-20)
(0.701617 0.10781 -1.10347e-19)
(0.757471 0.0897777 2.46087e-20)
(0.798907 0.0764027 6.01828e-20)
(0.832673 0.0659862 -1.04851e-19)
(0.860514 0.0576433 0)
(0.88391 0.0506964 -2.70094e-20)
(0.903774 0.0447491 2.52153e-20)
(0.92069 0.0396045 0)
(0.935143 0.0351107 8.38579e-20)
(0.9475 0.0311364 -5.3391e-22)
(0.958044 0.0275682 3.70715e-20)
(0.967 0.0243107 -3.52351e-20)
(0.974546 0.0212883 3.40345e-20)
(0.980833 0.0184501 0)
(0.985994 0.0157705 6.2405e-20)
(0.990153 0.0132419 -3.02609e-22)
(0.993434 0.0108607 -7.26432e-20)
(0.99595 0.00861663 -5.57809e-20)
(0.997793 0.00649068 4.04277e-20)
(0.998999 0.00447093 0)
(0.999579 0.00258617 0)
(0.999729 0.000891164 0)
(0.485327 0.0628859 0)
(0.612501 0.080091 -5.79093e-20)
(0.686203 0.0714525 0)
(0.744451 0.0595429 -5.34295e-20)
(0.788197 0.0500019 0)
(0.823752 0.042381 -4.4231e-21)
(0.853021 0.0362718 0)
(0.877582 0.0312248 0)
(0.898412 0.0269677 -3.14333e-21)
(0.916133 0.0233702 -2.8794e-21)
(0.931262 0.0203194 -2.66373e-21)
(0.944194 0.0177123 -9.85791e-21)
(0.955233 0.015458 7.08938e-21)
(0.964621 0.013479 0)
(0.972552 0.01171 -1.69506e-20)
(0.979185 0.0100986 1.43633e-20)
(0.984654 0.00860835 0)
(0.989088 0.00721751 -1.89306e-21)
(0.99261 0.00591377 -1.83093e-21)
(0.995337 0.00468773 1.58105e-20)
(0.997363 0.0035295 2.53214e-20)
(0.998757 0.0024327 -1.4706e-20)
(0.999577 0.00140535 1.58024e-21)
(0.999952 0.000461497 -1.41563e-21)
(0.491829 0.0138123 0)
(0.602939 0.0352883 7.9076e-21)
(0.675662 0.0341712 -1.4557e-20)
(0.73462 0.0278684 5.97178e-21)
(0.779886 0.0221892 -1.0032e-20)
(0.816794 0.0175125 4.91074e-20)
(0.847235 0.0137932 0)
(0.872788 0.0107852 0)
(0.894451 0.00834496 3.14449e-21)
(0.912867 0.00640582 2.57296e-20)
(0.928575 0.0048955 -1.89441e-20)
(0.941988 0.00373974 0)
(0.953429 0.00287151 2.34354e-21)
(0.963157 0.00223306 0)
(0.971376 0.00177236 -1.69777e-20)
(0.978253 0.00143975 1.84783e-20)
(0.983931 0.00118936 0)
(0.98854 0.000984633 1.70389e-20)
(0.992206 0.000803179 1.82195e-21)
(0.995048 0.000635342 -1.75516e-21)
(0.997168 0.000480444 -2.53886e-20)
(0.99864 0.00034079 2.77862e-20)
(0.999506 0.000207652 -1.57786e-21)
(0.999904 4.64334e-05 -2.12421e-20)
(0.498343 -0.0302364 1.19444e-19)
(0.597857 -0.00708988 3.40796e-20)
(0.668987 -0.0030563 2.74746e-20)
(0.727841 -0.00462138 -1.21171e-19)
(0.774045 -0.00664041 0)
(0.811932 -0.00836348 9.36406e-22)
(0.843297 -0.00961938 6.27866e-20)
(0.869664 -0.0104948 -2.76212e-20)
(0.892016 -0.0110204 1.49342e-21)
(0.911003 -0.0112088 9.28037e-20)
(0.927175 -0.0110961 -4.33179e-20)
(0.940963 -0.0107292 3.95995e-20)
(0.952703 -0.0101507 -5.50321e-22)
(0.962666 -0.00939704 -1.06771e-19)
(0.971068 -0.00850434 6.84497e-20)
(0.978085 -0.00751658 6.51094e-20)
(0.983865 -0.00648598 -6.30784e-20)
(0.988543 -0.00546266 -7.54958e-20)
(0.992248 -0.00448077 5.84089e-20)
(0.995105 -0.00355189 0)
(0.997223 -0.00266831 5.40878e-20)
(0.998651 -0.00182163 5.22224e-20)
(0.999379 -0.00104746 -1.52824e-23)
(0.999586 -0.000418449 -9.06554e-20)
(0.503514 -0.0721556 -5.06098e-19)
(0.595503 -0.0477236 3.38038e-20)
(0.665291 -0.039984 0)
(0.72382 -0.037568 -9.63703e-20)
(0.770619 -0.036191 0)
(0.809215 -0.0350248 -7.14037e-20)
(0.841299 -0.0337975 6.16618e-20)
(0.868312 -0.0324802 -2.25218e-19)
(0.891207 -0.0310187 -1.51295e-19)
(0.910634 -0.0293832 4.70132e-20)
(0.927151 -0.02758 -8.537e-20)
(0.941199 -0.0256313 -7.90233e-20)
(0.953126 -0.0235566 8.33647e-22)
(0.963214 -0.0213707 -7.07719e-20)
(0.971687 -0.0190919 0)
(0.978732 -0.0167542 6.47807e-20)
(0.984502 -0.0144117 0)
(0.989136 -0.0121263 5.99875e-20)
(0.992767 -0.00994534 -5.77775e-20)
(0.995532 -0.00788428 0)
(0.997545 -0.00592886 -5.36815e-20)
(0.998812 -0.00407331 -1.04129e-19)
(0.999202 -0.00239639 1.00773e-19)
(0.999008 -0.000995692 -1.34803e-19)
(0.507647 -0.112805 1.18796e-21)
(0.594926 -0.0874268 -3.24984e-19)
(0.663961 -0.0767157 5.75269e-20)
(0.722259 -0.0708312 1.91992e-19)
(0.76951 -0.0662822 -8.05577e-20)
(0.808653 -0.0623016 7.32996e-20)
(0.841296 -0.0585912 6.16275e-20)
(0.868808 -0.0550402 1.65263e-19)
(0.892106 -0.0515366 -1.02529e-19)
(0.911842 -0.0480199 0)
(0.92858 -0.0444723 8.53982e-20)
(0.942768 -0.0408946 7.8612e-20)
(0.954766 -0.0372853 -4.56491e-22)
(0.964863 -0.0336384 5.17182e-22)
(0.973293 -0.0299527 -6.68752e-20)
(0.980249 -0.0262482 -3.82153e-22)
(0.985891 -0.0225752 -1.86029e-19)
(0.990364 -0.0190037 -1.78908e-19)
(0.993807 -0.0155943 1.72979e-19)
(0.996366 -0.0123686 1.10663e-19)
(0.998164 -0.00930888 -5.34174e-20)
(0.99914 -0.00642627 2.06839e-19)
(0.998994 -0.00387405 -2.00209e-19)
(0.998191 -0.00174969 3.51496e-22)
(0.510973 -0.153064 3.05677e-19)
(0.595653 -0.126894 1.46661e-21)
(0.664604 -0.113495 -1.08452e-19)
(0.722926 -0.104422 1.91327e-19)
(0.770629 -0.0968297 -8.44583e-20)
(0.810241 -0.090076 -1.42071e-19)
(0.84333 -0.0838748 1.22862e-19)
(0.871213 -0.078054 -1.13888e-19)
(0.894785 -0.0724625 1.01073e-19)
(0.914702 -0.0670179 0)
(0.931535 -0.0616829 0)
(0.945741 -0.0564396 1.55924e-19)
(0.95769 -0.0512679 -2.95202e-19)
(0.967678 -0.0461418 7.1863e-20)
(0.975947 -0.0410401 6.81319e-20)
(0.982694 -0.0359651 1.91768e-19)
(0.988089 -0.0309572 6.14738e-20)
(0.99228 -0.0260884 -5.85324e-20)
(0.995412 -0.0214305 -2.26716e-19)
(0.997647 -0.0170127 8.23087e-22)
(0.999113 -0.0128184 4.03314e-22)
(0.999662 -0.00889511 1.53752e-19)
(0.998773 -0.0055108 0)
(0.997164 -0.00273457 4.48391e-20)
(0.513678 -0.193631 6.0039e-19)
(0.597468 -0.166703 2.58574e-19)
(0.666989 -0.150631 -1.07655e-19)
(0.725679 -0.138442 1.90126e-19)
(0.773922 -0.127821 -2.43698e-19)
(0.813984 -0.118275 2.87897e-19)
(0.84744 -0.109546 0)
(0.875585 -0.10141 -2.20479e-19)
(0.89931 -0.0936864 9.85444e-20)
(0.919283 -0.0862732 -9.25224e-20)
(0.936084 -0.0791159 0)
(0.950184 -0.0721796 0)
(0.96196 -0.0654269 0)
(0.971718 -0.0588133 -1.36404e-19)
(0.979704 -0.0522976 0)
(0.986122 -0.0458619 -1.24161e-19)
(0.991147 -0.0395302 0)
(0.99493 -0.0333692 5.83541e-20)
(0.997623 -0.0274563 -2.23088e-19)
(0.999403 -0.0218267 8.55898e-22)
(1.00041 -0.0164655 4.16706e-19)
(1.00039 -0.0114659 -1.5085e-19)
(0.998554 -0.00724179 -1.94719e-19)
(0.996052 -0.00406797 1.75836e-19)
(0.515938 -0.235112 -5.97792e-19)
(0.600286 -0.207375 5.07493e-19)
(0.671024 -0.188463 0)
(0.730469 -0.17305 -3.74162e-19)
(0.779389 -0.159293 0)
(0.819917 -0.146856 -2.795e-19)
(0.853681 -0.135519 2.45107e-19)
(0.881989 -0.125005 4.39015e-19)
(0.905749 -0.115098 0)
(0.925652 -0.105677 0)
(0.942294 -0.0966681 -3.55382e-22)
(0.956158 -0.088019 -1.55053e-19)
(0.967636 -0.0796753 -1.41959e-19)
(0.977039 -0.0715751 2.69951e-19)
(0.984619 -0.0636576 0)
(0.990583 -0.055883 2.4521e-19)
(0.99511 -0.0482541 -1.1669e-19)
(0.998354 -0.0408234 0)
(1.00047 -0.0336662 3.27044e-19)
(1.00165 -0.0268178 -3.16614e-19)
(1.00206 -0.0202615 3.05248e-19)
(1.00135 -0.0141481 -3.9659e-19)
(0.998394 -0.00910784 1.89452e-19)
(0.994963 -0.00578233 8.52191e-20)
(0.517884 -0.278061 -1.43304e-19)
(0.604117 -0.249415 -8.78937e-19)
(0.67673 -0.227349 1.05469e-19)
(0.737346 -0.208438 9.77898e-20)
(0.787093 -0.191312 8.36605e-21)
(0.828111 -0.175799 6.99603e-19)
(0.862129 -0.161718 -4.87843e-19)
(0.8905 -0.148734 -3.93545e-21)
(0.914178 -0.136582 -1.93042e-19)
(0.933882 -0.125112 0)
(0.950231 -0.114226 3.30305e-21)
(0.963728 -0.103851 1.52309e-19)
(0.974775 -0.0939144 2.80807e-19)
(0.983693 -0.0843367 -3.96414e-19)
(0.990739 -0.0750382 2.52612e-19)
(0.996122 -0.065957 -4.78068e-19)
(1.00002 -0.0570709 4.60884e-19)
(1.00259 -0.0484115 -3.30401e-19)
(1.00399 -0.0400427 8.02843e-22)
(1.00443 -0.0319922 2.37766e-21)
(1.00408 -0.0242363 -1.99256e-19)
(1.00256 -0.0170018 0)
(0.998378 -0.0112307 -3.70238e-19)
(0.993923 -0.00787897 3.35209e-19)
(0.519638 -0.323006 4.33142e-19)
(0.609059 -0.293319 6.28966e-19)
(0.684242 -0.26769 0)
(0.746452 -0.244823 0)
(0.797165 -0.223963 0)
(0.838684 -0.205091 -2.77374e-19)
(0.872886 -0.188067 1.2509e-19)
(0.901211 -0.172487 -1.0656e-19)
(0.924678 -0.158012 3.82824e-19)
(0.944046 -0.144447 0)
(0.959963 -0.131661 -1.57503e-19)
(0.972952 -0.119554 3.72035e-21)
(0.983433 -0.108031 -1.38885e-19)
(0.991734 -0.0969934 -1.27283e-19)
(0.998115 -0.0863432 -1.20535e-19)
(1.00279 -0.075996 1.17967e-19)
(1.00593 -0.065904 -2.23351e-19)
(1.0077 -0.0560729 3.2355e-19)
(1.00825 -0.046547 -1.0319e-19)
(1.0078 -0.0373377 -9.85864e-20)
(1.00658 -0.0284139 6.80528e-19)
(1.00412 -0.020114 -3.76566e-19)
(0.998603 -0.0137768 0)
(0.992808 -0.0103115 -2.00473e-21)
(0.521327 -0.370463 -7.11201e-19)
(0.615316 -0.339571 2.44595e-19)
(0.693815 -0.309892 -1.08084e-19)
(0.758016 -0.282441 0)
(0.809803 -0.257338 3.07185e-19)
(0.851801 -0.234721 2.66087e-19)
(0.886088 -0.214484 2.32611e-19)
(0.914235 -0.196142 2.05301e-19)
(0.937344 -0.179246 -3.80942e-19)
(0.956224 -0.163535 -3.34853e-19)
(0.971557 -0.148828 4.03229e-21)
(0.983892 -0.134989 4.31993e-19)
(0.993663 -0.121895 -1.31499e-19)
(1.00121 -0.109425 1.27134e-19)
(1.0068 -0.0974623 1.2025e-19)
(1.01064 -0.0858996 -1.11107e-19)
(1.0129 -0.074664 3.30109e-21)
(1.01374 -0.0637337 -2.07528e-19)
(1.01332 -0.0531269 2.01506e-19)
(1.01187 -0.0428279 -9.54387e-20)
(1.00963 -0.0327894 -9.22543e-20)
(1.00607 -0.0234686 0)
(0.999064 -0.0166491 3.52673e-19)
(0.991781 -0.0131524 -7.7677e-19)
(0.523102 -0.420932 0)
(0.623205 -0.388637 0)
(0.705819 -0.354333 0)
(0.772368 -0.32152 -1.71884e-19)
(0.82529 -0.291522 -1.52308e-19)
(0.867684 -0.264668 -3.96785e-19)
(0.901904 -0.24087 1.10654e-19)
(0.929702 -0.219553 0)
(0.952277 -0.200119 -1.79656e-19)
(0.970496 -0.182204 3.35838e-19)
(0.985079 -0.165558 -2.9746e-19)
(0.996601 -0.149996 -5.33956e-22)
(1.00551 -0.135358 4.46309e-21)
(1.01217 -0.121497 0)
(1.01683 -0.108272 1.15374e-19)
(1.01971 -0.0955549 2.15441e-19)
(1.02098 -0.0832494 -2.05795e-19)
(1.02078 -0.0713055 1.99813e-19)
(1.01927 -0.0597114 -1.93987e-19)
(1.01669 -0.0484149 3.75956e-19)
(1.01328 -0.0373395 -5.43662e-19)
(1.00847 -0.0270579 -9.04895e-20)
(0.999871 -0.0198419 3.39261e-19)
(0.990956 -0.0164249 3.57845e-19)
(0.525151 -0.474869 6.66392e-19)
(0.633161 -0.440932 -1.20072e-19)
(0.720756 -0.401348 3.90264e-19)
(0.789959 -0.362256 -3.3577e-19)
(0.844006 -0.32657 1.44268e-19)
(0.88662 -0.294882 -2.57163e-19)
(0.920546 -0.267102 -1.13292e-19)
(0.947767 -0.242549 0)
(0.969586 -0.220437 1.74045e-19)
(0.986941 -0.200254 -1.62564e-19)
(1.00059 -0.181656 1.48688e-19)
(1.01113 -0.16439 0)
(1.01902 -0.148249 -2.42583e-19)
(1.02464 -0.133052 4.67811e-19)
(1.02824 -0.118631 -2.17586e-19)
(1.03004 -0.104836 -1.06653e-19)
(1.03021 -0.0915464 3.99388e-21)
(1.02886 -0.0786864 -9.7463e-20)
(1.02616 -0.0662129 1.18156e-21)
(1.02232 -0.0540314 -8.61491e-20)
(1.01761 -0.0420233 6.90666e-19)
(1.01142 -0.0308646 -2.5149e-19)
(1.00112 -0.023343 8.1222e-20)
(0.990441 -0.0201316 0)
(0.527749 -0.532706 -9.24328e-19)
(0.645775 -0.496783 -1.16146e-19)
(0.739278 -0.451173 -3.91484e-19)
(0.811383 -0.404785 1.76963e-19)
(0.866432 -0.362474 2.8577e-19)
(0.908965 -0.325262 1.27252e-19)
(0.942267 -0.293016 0)
(0.968596 -0.264921 0)
(0.989381 -0.23997 0)
(1.00563 -0.217453 0)
(1.01813 -0.196898 -1.38614e-19)
(1.0275 -0.177961 1.30635e-19)
(1.03422 -0.160376 1.22381e-19)
(1.03865 -0.143916 -1.09314e-19)
(1.04106 -0.128383 2.108e-19)
(1.04166 -0.113602 0)
(1.04061 -0.0994278 9.75997e-20)
(1.03802 -0.0857612 -9.36665e-20)
(1.03402 -0.0725285 8.62866e-20)
(1.02882 -0.0595907 -8.33262e-20)
(1.02268 -0.0467785 -4.1521e-19)
(1.01497 -0.0348538 6.50006e-19)
(1.00292 -0.0271244 -7.74903e-20)
(0.990341 -0.0242531 -5.42851e-19)
(0.531256 -0.594865 6.39128e-19)
(0.661813 -0.556289 -1.11254e-19)
(0.762219 -0.503812 -8.83886e-20)
(0.83739 -0.449079 -2.22503e-19)
(0.893147 -0.399125 -2.79874e-19)
(0.93514 -0.355626 1.15558e-19)
(0.967352 -0.318388 9.43699e-20)
(0.992368 -0.286414 0)
(1.01177 -0.258453 1.60311e-19)
(1.02663 -0.233538 -6.703e-21)
(1.03774 -0.211029 1.3241e-19)
(1.04573 -0.190471 -2.44366e-19)
(1.0511 -0.171518 0)
(1.05419 -0.153889 1.09414e-19)
(1.05528 -0.137349 9.68616e-20)
(1.05456 -0.121693 -1.91502e-19)
(1.05219 -0.106752 8.84049e-20)
(1.04826 -0.0924026 1.73586e-19)
(1.04287 -0.0785431 -2.54142e-19)
(1.03623 -0.0649917 1.61777e-19)
(1.02855 -0.0515248 0)
(1.01921 -0.0389707 0)
(1.00536 -0.031139 -3.03719e-19)
(0.990764 -0.0287507 2.84622e-19)
(0.536132 -0.661532 1.15284e-19)
(0.682232 -0.61926 1.81487e-19)
(0.790623 -0.558895 1.71198e-19)
(0.868853 -0.494818 8.583e-20)
(0.924816 -0.436234 2.56564e-19)
(0.965619 -0.385679 9.98548e-20)
(0.996107 -0.342914 -2.02261e-19)
(1.01926 -0.30672 -1.69892e-19)
(1.03685 -0.275573 1.57226e-19)
(1.04997 -0.248204 -1.40639e-19)
(1.05941 -0.223764 -1.28653e-19)
(1.06581 -0.201653 2.35896e-19)
(1.06963 -0.181429 1.05557e-19)
(1.07123 -0.162749 -4.04767e-19)
(1.07087 -0.14533 1.915e-19)
(1.06872 -0.128932 0)
(1.06494 -0.113362 8.28738e-20)
(1.05958 -0.0984707 -1.6512e-19)
(1.05274 -0.084131 0)
(1.04457 -0.070122 -7.85157e-20)
(1.03527 -0.0561661 0)
(1.02422 -0.0431406 0)
(1.00853 -0.0353196 0)
(0.991815 -0.0335651 0)
(0.54302 -0.73242 -6.29996e-20)
(0.708278 -0.685065 -2.96343e-19)
(0.82569 -0.615505 -8.11093e-20)
(0.906709 -0.541265 2.54463e-19)
(0.962142 -0.473246 -1.15499e-19)
(1.0009 -0.414952 8.69347e-20)
(1.02885 -0.366187 -8.96296e-20)
(1.04946 -0.325465 2.37304e-19)
(1.06469 -0.290972 0)
(1.07566 -0.261115 2.61141e-19)
(1.08313 -0.234785 0)
(1.08768 -0.211213 -2.14583e-19)
(1.08976 -0.189843 2.06736e-19)
(1.08971 -0.170252 -1.91628e-19)
(1.08777 -0.152104 -1.78136e-19)
(1.0841 -0.135123 1.48915e-21)
(1.07882 -0.119083 1.62085e-19)
(1.07198 -0.10381 0)
(1.06362 -0.0891542 -1.48353e-19)
(1.05387 -0.0748582 1.44029e-19)
(1.04288 -0.0605943 0)
(1.03004 -0.0472715 -2.12665e-19)
(1.0125 -0.0395784 2.69081e-19)
(0.993585 -0.0386152 0)
(0.552844 -0.806714 0)
(0.741508 -0.752307 2.98403e-19)
(0.868639 -0.671904 0)
(0.951827 -0.587095 -2.55625e-19)
(1.00579 -0.509227 0)
(1.04143 -0.44275 -1.98739e-19)
(1.06586 -0.387651 -1.57731e-19)
(1.08311 -0.342191 -1.56336e-19)
(1.09536 -0.304246 -1.32362e-19)
(1.10369 -0.2719 -1.19422e-19)
(1.10882 -0.243753 0)
(1.11125 -0.218839 8.42812e-21)
(1.11139 -0.19647 7.5315e-21)
(1.10953 -0.176133 9.14293e-20)
(1.10589 -0.157432 -1.68038e-19)
(1.10061 -0.140047 -1.57836e-19)
(1.09376 -0.123719 1.51376e-19)
(1.08538 -0.108248 -2.13865e-19)
(1.07548 -0.0934594 7.23008e-20)
(1.06412 -0.0790647 -6.47547e-20)
(1.05141 -0.0646895 1.30292e-19)
(1.03673 -0.0512566 -2.54872e-19)
(1.01734 -0.043808 0)
(0.996149 -0.0437973 -2.3794e-19)
(0.567332 -0.883339 0)
(0.783588 -0.818519 -3.68176e-19)
(0.920434 -0.725269 3.37916e-21)
(1.00485 -0.630175 5.20932e-20)
(1.05624 -0.542722 1.67298e-19)
(1.08757 -0.468082 -8.21251e-20)
(1.10735 -0.40658 1.70002e-19)
(1.12031 -0.356339 -1.94138e-19)
(1.12882 -0.314939 0)
(1.13398 -0.280163 1.16758e-19)
(1.13637 -0.250312 -9.65943e-20)
(1.13639 -0.224205 1.92304e-19)
(1.13437 -0.20101 3.42111e-21)
(1.13055 -0.180115 1.67571e-19)
(1.12509 -0.161056 -7.77539e-20)
(1.11811 -0.143467 0)
(1.10965 -0.127054 0)
(1.09971 -0.111589 5.18712e-21)
(1.08825 -0.0968721 2.84981e-22)
(1.07529 -0.0825879 3.73971e-19)
(1.06086 -0.0683183 -5.78525e-20)
(1.04433 -0.0549756 5.47038e-22)
(1.02312 -0.0478785 -1.79817e-19)
(0.999557 -0.0489834 1.20004e-19)
(0.590325 -0.961511 -3.35174e-20)
(0.83635 -0.879971 -5.02197e-20)
(0.981688 -0.771625 0)
(1.06595 -0.667476 -4.07414e-20)
(1.11357 -0.571633 -1.3066e-19)
(1.13938 -0.489589 0)
(1.15336 -0.422055 2.04531e-19)
(1.16103 -0.367245 1.2226e-19)
(1.16502 -0.322546 5.39918e-20)
(1.1664 -0.285483 -1.49375e-19)
(1.16561 -0.254094 9.81043e-20)
(1.16292 -0.22698 4.86528e-22)
(1.15852 -0.203156 8.02716e-20)
(1.15258 -0.181908 0)
(1.1452 -0.162703 0)
(1.13645 -0.145125 0)
(1.12634 -0.128846 0)
(1.11483 -0.113608 -5.91811e-20)
(1.10184 -0.0991888 5.7308e-20)
(1.08732 -0.0852471 -5.99687e-20)
(1.0712 -0.0713248 5.80351e-20)
(1.05288 -0.0582886 8.25439e-20)
(1.02988 -0.0516253 -5.14273e-20)
(1.00384 -0.0540213 8.26544e-20)
(0.625496 -1.04611 -5.16405e-20)
(0.898931 -0.930217 8.25508e-20)
(1.05076 -0.80546 -3.76609e-20)
(1.13409 -0.694894 4.26335e-20)
(1.17706 -0.593134 0)
(1.19645 -0.505463 0)
(1.20364 -0.432944 -5.37609e-20)
(1.20508 -0.374144 4.50942e-20)
(1.20375 -0.326512 -8.92336e-20)
(1.20074 -0.287429 0)
(1.19633 -0.254735 -7.87557e-20)
(1.1906 -0.226838 3.8214e-20)
(1.1836 -0.202605 -7.21601e-20)
(1.17539 -0.181223 3.19538e-20)
(1.166 -0.16209 6.45953e-20)
(1.15543 -0.144745 0)
(1.14365 -0.128823 0)
(1.13058 -0.114043 -5.67569e-20)
(1.1161 -0.100159 2.85874e-20)
(1.10008 -0.0868137 2.5339e-20)
(1.08238 -0.0735117 -2.45815e-20)
(1.06237 -0.0610279 -5.08067e-20)
(1.03772 -0.0548471 1.05331e-19)
(1.00891 -0.0587411 -1.2831e-19)
(0.665789 -1.18251 3.26962e-20)
(0.976675 -0.972472 -2.79935e-20)
(1.12888 -0.823841 2.95221e-20)
(1.20808 -0.708332 -5.11607e-20)
(1.24515 -0.604181 4.88025e-21)
(1.25765 -0.513616 1.81703e-20)
(1.25752 -0.43793 2.10336e-20)
(1.25204 -0.376198 -5.41926e-20)
(1.24471 -0.326261 8.24673e-20)
(1.23673 -0.285578 -3.13583e-21)
(1.22826 -0.251892 3.82538e-20)
(1.21918 -0.223474 0)
(1.20937 -0.19907 6.16726e-20)
(1.19874 -0.177776 -6.2549e-20)
(1.18724 -0.158929 0)
(1.1748 -0.142024 0)
(1.16134 -0.126673 2.83188e-20)
(1.14673 -0.112572 -5.14863e-20)
(1.13081 -0.0994609 5.23963e-20)
(1.11339 -0.0869794 -5.06597e-20)
(1.09425 -0.0746084 9.44426e-20)
(1.07274 -0.0629594 -2.19301e-20)
(1.04664 -0.0572387 2.31611e-20)
(1.01469 -0.0629066 0)
(0.0109531 -0.0893394 6.59541e-19)
(-0.00295159 -0.201123 5.00713e-19)
(-0.0176169 -0.349803 3.57508e-19)
(-0.0207236 -0.430912 1.20509e-19)
(-0.00813367 -0.539001 3.52464e-20)
(0.0354959 -0.363795 2.64619e-19)
(-0.0173159 -0.133342 0)
(-0.039459 -0.253588 -1.13203e-19)
(-0.0469629 -0.378073 0)
(-0.0396929 -0.445943 1.36022e-19)
(-0.00525211 -0.514108 1.69696e-20)
(0.0419588 -0.402875 0)
(-0.0459412 -0.146544 2.38758e-21)
(-0.0667791 -0.260914 1.0463e-19)
(-0.0706258 -0.366243 1.08575e-20)
(-0.0562354 -0.421736 -4.81188e-21)
(-0.00462205 -0.468086 2.09331e-20)
(0.0543673 -0.393232 -7.48564e-21)
(-0.0762934 -0.148547 0)
(-0.0912808 -0.253749 0)
(-0.0919439 -0.342918 -1.03001e-20)
(-0.0710236 -0.388859 0)
(-0.0087511 -0.425087 -8.17445e-21)
(0.0743503 -0.377438 6.07408e-20)
(-0.104549 -0.143857 2.94377e-19)
(-0.113863 -0.238827 -1.82556e-19)
(-0.112462 -0.313948 1.08855e-20)
(-0.0868817 -0.353226 -3.5814e-20)
(-0.0166583 -0.380646 1.47696e-19)
(0.0838635 -0.359764 -5.95794e-20)
(-0.129967 -0.136218 -2.92498e-19)
(-0.13486 -0.21978 1.94014e-19)
(-0.132739 -0.282372 0)
(-0.104681 -0.316294 2.85341e-19)
(-0.0313171 -0.337757 -1.2844e-19)
(0.0792018 -0.334349 0)
(-0.152203 -0.127825 6.31834e-19)
(-0.154586 -0.198867 -3.96111e-19)
(-0.153136 -0.250049 3.12637e-19)
(-0.124905 -0.279004 -2.42759e-19)
(-0.052689 -0.296559 2.27957e-19)
(0.0620971 -0.301705 0)
(-0.170774 -0.119463 -6.10033e-19)
(-0.173037 -0.1774 1.12525e-18)
(-0.173641 -0.218058 3.11023e-19)
(-0.147455 -0.242101 6.2647e-19)
(-0.0794825 -0.256674 -3.17781e-19)
(0.0340731 -0.264858 0)
(-0.185339 -0.111205 0)
(-0.190038 -0.156119 -1.47222e-18)
(-0.193993 -0.186998 -5.64872e-19)
(-0.171883 -0.206105 -2.99912e-20)
(-0.110457 -0.218093 -5.10989e-19)
(-0.0023551 -0.226288 0)
(-0.195722 -0.102862 0)
(-0.205358 -0.135441 7.23204e-19)
(-0.213802 -0.157193 6.02643e-19)
(-0.197548 -0.17136 -1.01749e-18)
(-0.144521 -0.180974 4.42364e-19)
(-0.0452716 -0.187875 0)
(-0.201892 -0.0941862 -1.24352e-18)
(-0.218749 -0.115581 6.76366e-19)
(-0.23265 -0.128778 -5.59352e-19)
(-0.223666 -0.138145 5.3915e-19)
(-0.180604 -0.145545 1.27365e-19)
(-0.0928502 -0.150951 3.54635e-19)
(-0.20397 -0.0849449 1.24175e-18)
(-0.229944 -0.0966387 -7.13648e-19)
(-0.249988 -0.101847 0)
(-0.249394 -0.106636 5.37054e-19)
(-0.217628 -0.112059 -4.96001e-19)
(-0.143268 -0.116398 -4.6601e-19)
(-0.202182 -0.0749438 -1.94752e-20)
(-0.238519 -0.0786691 0)
(-0.265398 -0.0764467 -5.93475e-19)
(-0.273807 -0.076948 -1.06636e-18)
(-0.254376 -0.0807801 4.92827e-19)
(-0.194741 -0.0848473 0)
(-0.196795 -0.0640448 1.24856e-18)
(-0.244105 -0.0617739 0)
(-0.278309 -0.052566 -5.76655e-22)
(-0.296087 -0.0491105 5.31786e-19)
(-0.289554 -0.0519404 0)
(-0.245551 -0.0567756 0)
(-0.188114 -0.0522554 -1.9343e-20)
(-0.246494 -0.0458994 0)
(-0.287863 -0.0303481 5.22465e-19)
(-0.315569 -0.0230061 6.49372e-20)
(-0.321895 -0.0256563 0)
(-0.294005 -0.0325464 0)
(-0.17642 -0.0397075 -2.48623e-18)
(-0.245436 -0.0309755 -7.31411e-19)
(-0.293256 -0.00983288 0)
(-0.331426 0.00143249 5.31151e-19)
(-0.350229 -0.00189526 0)
(-0.338602 -0.0122272 0)
(-0.161966 -0.0266673 1.27663e-18)
(-0.240704 -0.0169332 7.44374e-19)
(-0.294186 0.00919837 5.38975e-19)
(-0.341962 0.0239315 -4.7254e-19)
(-0.373734 0.0194697 -1.19814e-19)
(-0.377779 0.00441386 1.07861e-19)
(-0.144917 -0.0135215 0)
(-0.232083 -0.00366562 -4.84587e-20)
(-0.290451 0.026917 -1.22462e-18)
(-0.34547 0.0444415 0)
(-0.391502 0.0388621 3.61191e-19)
(-0.409955 0.0176498 -3.21616e-19)
(-0.12533 -0.000742346 4.04923e-20)
(-0.219349 0.0089542 8.13732e-19)
(-0.281656 0.0432811 -3.99892e-20)
(-0.341529 0.0631782 -5.6551e-19)
(-0.400238 0.0569825 -9.90076e-19)
(-0.434561 0.0274883 7.61504e-19)
(-0.103161 0.0111912 4.08173e-20)
(-0.202223 0.0210411 -2.51532e-20)
(-0.267408 0.0581695 1.35531e-18)
(-0.32923 0.0801256 5.84264e-19)
(-0.397941 0.0734785 -2.72575e-21)
(-0.450851 0.0351357 -4.38762e-19)
(-0.078476 0.0218161 -2.02407e-20)
(-0.180239 0.0326102 1.24822e-21)
(-0.247299 0.0712359 -7.12176e-19)
(-0.307013 0.09483 6.13705e-19)
(-0.38263 0.0889566 1.07253e-18)
(-0.457435 0.0452659 0)
(-0.0520318 0.0303245 0)
(-0.152438 0.043278 -9.36437e-19)
(-0.220679 0.0816926 3.79921e-19)
(-0.272632 0.106279 -3.22201e-19)
(-0.349819 0.104407 -5.65842e-19)
(-0.450727 0.0631412 -2.47161e-19)
(-0.0246857 0.0353099 1.07378e-20)
(-0.115435 0.0518308 -4.77527e-19)
(-0.184907 0.0885993 -4.32965e-19)
(-0.221235 0.113471 -3.45688e-19)
(-0.288607 0.119908 0)
(-0.425838 0.106651 5.42942e-19)
(0.00688287 0.0359784 7.04756e-19)
(-0.0542176 0.0587243 1.04909e-18)
(-0.127227 0.0947575 4.62085e-19)
(-0.142261 0.116667 3.69549e-19)
(-0.162659 0.11529 2.39055e-19)
(-0.394868 0.0898061 -2.28868e-19)
(0.746641 -0.991716 -9.16332e-20)
(1.06807 -0.937796 3.15356e-20)
(1.21271 -0.814254 -2.68598e-20)
(1.28393 -0.702873 1.53438e-20)
(1.3149 -0.601991 -2.32629e-20)
(1.32099 -0.512173 6.61432e-21)
(1.31374 -0.435732 -1.47524e-20)
(1.30114 -0.372581 4.87074e-20)
(1.28738 -0.321252 0)
(1.27398 -0.279542 -3.37528e-20)
(1.26107 -0.245261 -4.30664e-20)
(1.24835 -0.216626 1.50585e-20)
(1.23553 -0.192298 -4.25043e-20)
(1.22237 -0.171303 2.69172e-20)
(1.20868 -0.152929 -2.5431e-20)
(1.19434 -0.136641 -2.50284e-20)
(1.17918 -0.122029 9.38388e-22)
(1.16305 -0.108781 4.63627e-20)
(1.14573 -0.0966392 2.38589e-20)
(1.12698 -0.0852741 -2.31632e-20)
(1.10653 -0.0741823 -2.25203e-20)
(1.08374 -0.0637007 0)
(1.05647 -0.0582201 -2.32792e-20)
(1.02121 -0.0660178 0)
(0.677711 -0.707655 9.79353e-20)
(1.12312 -0.854911 -4.01973e-20)
(1.28598 -0.774926 2.40698e-20)
(1.35462 -0.677516 -9.14145e-21)
(1.38233 -0.58513 -3.23303e-21)
(1.38378 -0.49992 -5.99713e-21)
(1.37053 -0.425355 0)
(1.35127 -0.362588 -5.12651e-21)
(1.33108 -0.311021 4.75786e-21)
(1.31202 -0.26901 0)
(1.29439 -0.234611 2.53041e-20)
(1.27781 -0.206092 1.78729e-21)
(1.26182 -0.182088 1.27532e-20)
(1.24601 -0.161584 -1.16204e-20)
(1.23009 -0.14383 1.09653e-20)
(1.21382 -0.128265 0)
(1.19697 -0.114471 2.16164e-20)
(1.17932 -0.102133 4.21891e-22)
(1.16063 -0.0910162 -2.51465e-20)
(1.14058 -0.0808703 -2.01443e-20)
(1.11885 -0.0713013 1.48719e-20)
(1.09482 -0.0622937 0)
(1.06662 -0.0564714 0)
(1.02954 -0.0665675 0)
(0.553773 -0.503596 0)
(1.12242 -0.749363 3.43838e-20)
(1.33285 -0.713757 0)
(1.41347 -0.636002 1.45027e-20)
(1.44323 -0.554848 0)
(1.44312 -0.477002 7.19831e-22)
(1.42585 -0.406487 0)
(1.40109 -0.345835 0)
(1.37493 -0.295268 -2.19691e-22)
(1.35027 -0.253778 -3.45019e-22)
(1.32781 -0.219804 -4.25437e-22)
(1.30723 -0.191766 -2.37066e-21)
(1.28796 -0.168338 1.71025e-21)
(1.26946 -0.148493 0)
(1.2513 -0.131457 -4.86594e-21)
(1.23314 -0.11665 4.06341e-21)
(1.21466 -0.103639 0)
(1.19557 -0.092109 -5.41961e-22)
(1.17555 -0.0818425 -3.32673e-22)
(1.15424 -0.0726661 5.0212e-21)
(1.13112 -0.0643088 8.68275e-21)
(1.10534 -0.0567228 -4.94003e-21)
(1.07561 -0.0519852 5.50477e-22)
(1.04089 -0.0622422 -5.50789e-22)
(0.457069 -0.389914 0)
(1.07753 -0.634933 -5.94318e-21)
(1.34979 -0.639724 1.06851e-20)
(1.45637 -0.582393 -2.44792e-21)
(1.49409 -0.513228 2.86008e-21)
(1.4963 -0.444038 -1.35474e-20)
(1.47765 -0.379254 0)
(1.44911 -0.322219 0)
(1.41795 -0.273857 2.2138e-22)
(1.3881 -0.23376 2.63647e-21)
(1.36089 -0.200804 -1.70323e-21)
(1.33629 -0.173652 0)
(1.31371 -0.151073 5.13401e-22)
(1.29252 -0.132067 0)
(1.27218 -0.115857 -4.04307e-21)
(1.25222 -0.101857 4.36631e-21)
(1.23225 -0.0896292 0)
(1.21188 -0.0788671 4.26625e-21)
(1.19066 -0.0693716 5.39721e-22)
(1.16808 -0.0609815 -5.34383e-22)
(1.14339 -0.0535207 -7.59961e-21)
(1.11564 -0.0475611 8.38144e-21)
(1.08413 -0.0464837 -5.37156e-22)
(1.04917 -0.0542995 -3.14858e-21)
(0.387572 -0.333353 -1.26589e-19)
(1.0009 -0.522565 -3.32283e-20)
(1.33893 -0.558764 -1.9548e-20)
(1.48145 -0.519834 8.26197e-20)
(1.53312 -0.462271 0)
(1.5412 -0.401861 -8.375e-21)
(1.52401 -0.343991 -1.55948e-20)
(1.49379 -0.291803 6.15664e-22)
(1.45904 -0.246765 -3.69859e-21)
(1.42475 -0.208952 -1.02941e-21)
(1.39314 -0.177665 -7.93973e-22)
(1.36463 -0.151856 4.25964e-21)
(1.33879 -0.130454 1.25697e-21)
(1.31496 -0.112529 -1.6779e-20)
(1.2925 -0.0973427 1.11566e-20)
(1.27086 -0.084337 1.34408e-20)
(1.24952 -0.0731123 -1.27248e-20)
(1.22799 -0.0634134 -1.7813e-20)
(1.2057 -0.0550979 1.34155e-20)
(1.18199 -0.0480434 0)
(1.15601 -0.0421477 1.40413e-20)
(1.12688 -0.0382581 1.52738e-20)
(1.09404 -0.0398323 2.2065e-22)
(1.05684 -0.0470862 -2.7336e-20)
(0.332034 -0.297872 5.39025e-19)
(0.903795 -0.420002 -3.55551e-20)
(1.30209 -0.473901 0)
(1.48657 -0.450187 8.79281e-20)
(1.55828 -0.403506 0)
(1.57579 -0.351792 2.91656e-20)
(1.56307 -0.301376 -1.85933e-20)
(1.53357 -0.2549 6.18556e-20)
(1.49697 -0.214126 2.7552e-20)
(1.45937 -0.179444 -6.02226e-21)
(1.42398 -0.150504 5.83118e-21)
(1.39185 -0.126551 -3.23849e-21)
(1.36288 -0.106708 7.43362e-22)
(1.33649 -0.0901644 -4.82543e-21)
(1.31197 -0.0762586 0)
(1.28867 -0.0644963 8.06839e-21)
(1.26597 -0.0545432 0)
(1.24325 -0.0462109 9.74223e-21)
(1.21984 -0.0394131 -1.01753e-20)
(1.19498 -0.0340593 0)
(1.16781 -0.030075 -1.04295e-20)
(1.13753 -0.0283135 -2.44197e-20)
(1.10362 -0.0318882 2.34909e-20)
(1.06477 -0.0399489 -1.91059e-20)
(0.281367 -0.267646 1.10968e-20)
(0.796731 -0.331563 3.62222e-19)
(1.24014 -0.387537 -5.95483e-20)
(1.46965 -0.375443 -1.55142e-19)
(1.56748 -0.338552 5.23746e-20)
(1.59814 -0.29508 -4.75407e-20)
(1.59288 -0.252068 -2.48467e-20)
(1.56671 -0.211914 -4.38128e-20)
(1.53035 -0.176171 3.98525e-20)
(1.49094 -0.145396 0)
(1.45269 -0.119487 -5.87636e-21)
(1.41747 -0.097942 -1.99348e-21)
(1.38563 -0.0800923 4.18201e-21)
(1.35679 -0.0652773 4.0584e-21)
(1.33027 -0.0529465 -3.17807e-21)
(1.30533 -0.0426961 1.54964e-21)
(1.28125 -0.0342712 -2.00483e-20)
(1.25731 -0.0275469 -2.77431e-20)
(1.23278 -0.0224758 2.71973e-20)
(1.20687 -0.0189831 1.90493e-20)
(1.17872 -0.0170107 -7.74379e-21)
(1.14756 -0.0173441 4.05663e-20)
(1.11291 -0.0227569 -3.89484e-20)
(1.07304 -0.0322729 1.7408e-21)
(0.231794 -0.237197 -3.36843e-19)
(0.686994 -0.25785 1.30307e-20)
(1.15395 -0.302775 1.1212e-19)
(1.42872 -0.297518 -1.83982e-19)
(1.55829 -0.268744 7.54775e-20)
(1.60645 -0.232907 1.03939e-19)
(1.61155 -0.196998 -6.14972e-20)
(1.59145 -0.163459 5.70783e-20)
(1.55764 -0.133287 -3.0124e-20)
(1.51824 -0.107061 0)
(1.4784 -0.0848195 0)
(1.44086 -0.0662478 -1.41887e-20)
(1.4066 -0.0508609 1.92509e-20)
(1.37555 -0.0381585 -5.0546e-21)
(1.34714 -0.0277217 -1.51253e-21)
(1.32061 -0.0192549 9.71611e-21)
(1.29517 -0.0125888 6.29818e-21)
(1.27005 -0.00765563 -4.64889e-21)
(1.24448 -0.00443351 -2.81462e-20)
(1.21768 -0.00285944 -2.85719e-21)
(1.18881 -0.0028964 -2.66525e-21)
(1.15708 -0.00526247 2.25084e-20)
(1.12199 -0.0124694 0)
(1.0815 -0.0237555 8.39579e-21)
(0.17986 -0.20525 -6.86489e-19)
(0.577969 -0.197688 -3.00881e-19)
(1.04596 -0.222339 1.19241e-19)
(1.3624 -0.218512 -1.98919e-19)
(1.52792 -0.195814 2.19749e-19)
(1.59833 -0.166664 -2.28902e-19)
(1.61702 -0.13745 0)
(1.60579 -0.110416 1.26342e-19)
(1.57712 -0.0860525 -3.75302e-20)
(1.53985 -0.0648085 3.51266e-20)
(1.50002 -0.0467705 0)
(1.46126 -0.0317093 0)
(1.42527 -0.0192627 0)
(1.3924 -0.0090736 1.36678e-20)
(1.36232 -0.000859446 0)
(1.33432 0.00556033 2.17314e-21)
(1.30762 0.0102674 0)
(1.2814 0.0132752 4.69542e-21)
(1.25494 0.0145821 -1.92782e-20)
(1.22746 0.0142334 -3.18262e-21)
(1.19813 0.0122379 4.34778e-20)
(1.16613 0.00791683 -1.52952e-20)
(1.1309 -0.00102822 -2.55913e-20)
(1.09014 -0.0142344 2.53775e-20)
(0.12319 -0.172312 6.78106e-19)
(0.471329 -0.148017 -6.23424e-19)
(0.920493 -0.148709 0)
(1.27014 -0.141109 4.31022e-19)
(1.47385 -0.121751 0)
(1.57126 -0.0979708 2.55108e-19)
(1.60711 -0.0747659 -1.91008e-19)
(1.60778 -0.0538209 -2.69461e-19)
(1.58704 -0.0353729 0)
(1.55412 -0.0192234 0)
(1.51619 -0.0057328 1.11572e-20)
(1.47766 0.00537362 4.41354e-20)
(1.44092 0.0144404 3.00318e-20)
(1.40687 0.0217273 -3.44484e-20)
(1.37551 0.027398 0)
(1.34631 0.0315238 -9.93649e-21)
(1.31852 0.0341008 3.37512e-21)
(1.29139 0.0350864 0)
(1.26421 0.03445 1.34291e-20)
(1.23627 0.0322087 -1.46644e-20)
(1.20673 0.0283363 2.1992e-20)
(1.17475 0.0221679 -3.46059e-20)
(1.13965 0.0115784 1.82834e-20)
(1.09896 -0.00357837 8.38359e-21)
(0.0613512 -0.139288 1.68883e-19)
(0.367407 -0.105842 1.07843e-18)
(0.782984 -0.0845148 -1.26945e-19)
(1.15252 -0.0680174 -1.09735e-19)
(1.39362 -0.0488676 -2.68889e-20)
(1.52225 -0.0285833 -6.74315e-19)
(1.57955 -0.0104304 3.99051e-19)
(1.59408 0.00601184 -1.32952e-20)
(1.58546 0.0173795 1.17494e-19)
(1.55984 0.0285069 0)
(1.52558 0.0375674 -1.9433e-21)
(1.48891 0.0445093 -5.31144e-20)
(1.45269 0.0498933 -6.73861e-20)
(1.41835 0.0539636 6.24324e-20)
(1.38633 0.0568114 -3.92727e-20)
(1.35635 0.0584275 3.73662e-20)
(1.32781 0.058733 -2.71529e-20)
(1.30003 0.0576295 5.87509e-21)
(1.27236 0.0550478 -2.88973e-21)
(1.24418 0.0509682 3.39955e-21)
(1.21467 0.0453256 -8.48206e-21)
(1.18298 0.037454 0)
(1.1483 0.0253612 -2.92612e-20)
(1.10803 0.00832894 2.69028e-20)
(-0.0048575 -0.107388 -4.93556e-19)
(0.265397 -0.0697667 -7.61564e-19)
(0.640358 -0.0307953 0)
(1.01235 -0.00229356 0)
(1.28594 0.0202141 0)
(1.44834 0.0392093 2.73245e-19)
(1.53146 0.0538659 -1.09996e-19)
(1.56458 0.0653043 6.68423e-20)
(1.56685 0.0730226 -2.43525e-19)
(1.55468 0.0777024 0)
(1.52683 0.0822665 6.45871e-20)
(1.49377 0.0851031 -3.77513e-21)
(1.45954 0.0866663 3.73727e-20)
(1.42607 0.0873106 3.24724e-20)
(1.39425 0.0871241 2.39906e-20)
(1.36413 0.0860605 -1.29688e-20)
(1.33532 0.0839877 2.0092e-20)
(1.30727 0.0807545 -1.36681e-20)
(1.27944 0.0762468 7.64797e-21)
(1.25126 0.0704019 2.59101e-22)
(1.22204 0.0631159 1.23019e-20)
(1.19089 0.0537242 -8.38828e-21)
(1.1569 0.0403189 0)
(1.1174 0.0215847 -1.88472e-21)
(-0.0737107 -0.0781018 8.18011e-19)
(0.164843 -0.0393575 -2.95005e-19)
(0.498195 0.0116227 1.33843e-19)
(0.855566 0.0528558 0)
(1.15128 0.0824019 -3.65476e-19)
(1.3473 0.102545 -2.91444e-19)
(1.4597 0.115659 -2.27818e-19)
(1.5154 0.123631 -1.58734e-19)
(1.53395 0.127329 2.7125e-19)
(1.53186 0.128109 1.92031e-19)
(1.51767 0.127866 -1.60012e-20)
(1.49057 0.126494 -1.87783e-19)
(1.46013 0.124257 4.8354e-20)
(1.42896 0.121388 -3.26921e-20)
(1.39847 0.118042 -2.41919e-20)
(1.3691 0.11419 2.10672e-20)
(1.34072 0.109673 3.28135e-21)
(1.31297 0.104298 1.61637e-20)
(1.2854 0.0979049 -1.52804e-20)
(1.25757 0.0903854 4.49175e-21)
(1.2289 0.0815972 2.18018e-21)
(1.19856 0.070905 0)
(1.16557 0.0564314 1.27678e-20)
(1.12718 0.0362619 -2.33204e-20)
(-0.142974 -0.0527972 0)
(0.06639 -0.0151791 0)
(0.360081 0.0423233 0)
(0.691188 0.095077 2.08482e-19)
(0.993067 0.133883 1.71143e-19)
(1.218 0.158245 4.27116e-19)
(1.36164 0.172091 -1.29045e-19)
(1.44342 0.178409 0)
(1.48266 0.179304 1.2835e-19)
(1.49453 0.176429 -2.21061e-19)
(1.49132 0.173226 1.57746e-19)
(1.47695 0.168293 -9.33776e-21)
(1.45258 0.162127 3.57096e-21)
(1.42556 0.155729 0)
(1.39787 0.149196 -2.28861e-20)
(1.37041 0.142524 -3.47298e-20)
(1.3434 0.135552 4.13534e-20)
(1.3167 0.128061 -2.17034e-20)
(1.29002 0.11985 2.05692e-20)
(1.26303 0.110768 -1.63299e-20)
(1.23527 0.100637 1.99685e-20)
(1.20606 0.0888778 -6.35026e-21)
(1.1744 0.0736459 -2.38491e-22)
(1.13752 0.0523966 4.80482e-21)
(-0.210527 -0.0326545 -7.69483e-19)
(-0.028358 0.00197716 1.40085e-19)
(0.228804 0.0617632 -4.87661e-19)
(0.527907 0.122873 4.19976e-19)
(0.820288 0.171125 -1.6802e-19)
(1.06231 0.202627 2.91047e-19)
(1.23509 0.220031 1.06002e-19)
(1.34542 0.226966 0)
(1.40882 0.226745 -1.32166e-19)
(1.43987 0.222422 1.23811e-19)
(1.45012 0.215378 -8.54149e-20)
(1.44717 0.208385 0)
(1.43393 0.199462 9.99794e-20)
(1.41361 0.189678 -1.69711e-19)
(1.39071 0.180088 7.46949e-20)
(1.3667 0.170681 2.41847e-20)
(1.3423 0.161313 1.72615e-21)
(1.31769 0.151778 1.06686e-20)
(1.29276 0.141853 -5.99543e-21)
(1.26731 0.131346 9.14355e-22)
(1.241 0.120058 -4.03383e-20)
(1.21335 0.107467 1.25013e-20)
(1.18345 0.0918518 -8.56814e-22)
(1.14858 0.0699766 0)
(-0.274358 -0.0185769 1.05969e-18)
(-0.117221 0.0113264 1.35732e-19)
(0.106592 0.0704615 4.83564e-19)
(0.372204 0.136119 -2.20235e-19)
(0.644248 0.192216 -3.57482e-19)
(0.888527 0.232124 -1.51165e-19)
(1.0816 0.255796 0)
(1.21911 0.26621 0)
(1.3088 0.267217 0)
(1.36237 0.262546 0)
(1.39072 0.254684 8.24342e-20)
(1.40193 0.245275 -7.78071e-20)
(1.40038 0.233999 -5.47927e-20)
(1.39006 0.221934 4.39555e-20)
(1.37446 0.209874 -6.82504e-20)
(1.3559 0.198057 0)
(1.33572 0.186493 -2.02266e-20)
(1.31453 0.175062 1.53889e-20)
(1.29251 0.163574 -1.22673e-20)
(1.26959 0.15182 8.95634e-21)
(1.24557 0.139589 2.48776e-20)
(1.22012 0.126421 -2.84736e-20)
(1.19255 0.110805 8.76363e-21)
(1.16046 0.0888944 1.27168e-21)
(-0.332418 -0.0108573 -7.43995e-19)
(-0.198289 0.0123889 1.31552e-19)
(-0.00466067 0.068841 1.10342e-19)
(0.228488 0.135849 2.81955e-19)
(0.474519 0.197269 3.36351e-19)
(0.708427 0.244827 -1.2812e-19)
(0.909146 0.276038 -9.88865e-20)
(1.06652 0.292431 0)
(1.18079 0.297354 -1.31454e-19)
(1.25844 0.294595 1.18759e-20)
(1.30784 0.287223 -8.23645e-20)
(1.33657 0.2771 1.47951e-19)
(1.34981 0.264812 0)
(1.35175 0.25132 -4.40934e-20)
(1.34597 0.237491 -2.9161e-20)
(1.33517 0.223786 6.09028e-20)
(1.32117 0.210395 -2.13814e-20)
(1.30506 0.197333 -2.99164e-20)
(1.28737 0.184497 4.09899e-20)
(1.26828 0.171714 -1.83734e-20)
(1.24773 0.158782 0)
(1.22549 0.145324 0)
(1.20114 0.130102 3.59633e-21)
(1.17287 0.108813 -3.50841e-21)
(-0.382975 -0.00936635 -1.42715e-19)
(-0.269472 0.00522336 -2.44765e-19)
(-0.103161 0.0577196 -2.16795e-19)
(0.0994966 0.12387 -1.0611e-19)
(0.317601 0.187917 -3.13385e-19)
(0.533068 0.240893 -1.1615e-19)
(0.729456 0.279129 2.16714e-19)
(0.895775 0.302585 1.59448e-19)
(1.02785 0.313501 -1.4953e-19)
(1.12712 0.315077 1.17608e-19)
(1.19822 0.310338 9.56331e-20)
(1.24671 0.30144 -1.34012e-19)
(1.27735 0.289597 -4.06098e-20)
(1.29429 0.275924 1.76079e-19)
(1.30108 0.261379 -7.61656e-20)
(1.30064 0.246612 0)
(1.29514 0.232007 -1.71927e-20)
(1.28609 0.217749 3.6999e-20)
(1.27445 0.203876 0)
(1.26072 0.190318 9.3926e-21)
(1.24509 0.17694 0)
(1.2275 0.163452 0)
(1.20765 0.149056 0)
(1.18492 0.129126 0)
(-0.424778 -0.0134392 7.20843e-20)
(-0.328872 -0.00968399 3.76277e-19)
(-0.187319 0.03845 1.0723e-19)
(-0.0129988 0.102257 -3.45788e-19)
(0.177256 0.166501 1.40967e-19)
(0.370421 0.222357 -1.18116e-19)
(0.554004 0.265712 9.41452e-20)
(0.718653 0.295597 -2.47088e-19)
(0.858858 0.313142 0)
(0.972991 0.320633 -2.09595e-19)
(1.06237 0.320566 0)
(1.12991 0.315019 1.26172e-19)
(1.17894 0.3055 -1.03857e-19)
(1.21278 0.293285 9.23952e-20)
(1.23458 0.279446 6.05773e-20)
(1.24711 0.264794 -1.03218e-20)
(1.25266 0.249902 -4.54331e-20)
(1.25301 0.235136 0)
(1.24946 0.220709 2.1246e-20)
(1.24289 0.206697 -2.03928e-20)
(1.2338 0.193114 0)
(1.22248 0.179757 8.08512e-21)
(1.20868 0.16648 -1.11963e-20)
(1.19396 0.148676 0)
(-0.456124 -0.0221207 0)
(-0.37467 -0.0314058 -4.66431e-19)
(-0.255827 0.0127561 0)
(-0.10789 0.0733046 3.45017e-19)
(0.0554375 0.135815 0)
(0.224917 0.192078 2.39137e-19)
(0.391158 0.238186 1.84878e-19)
(0.546407 0.272692 1.58225e-19)
(0.685592 0.296008 1.14638e-19)
(0.805943 0.309594 9.00056e-20)
(0.906793 0.315238 0)
(0.988975 0.314636 -3.87448e-21)
(1.05414 0.30922 -3.2192e-21)
(1.10436 0.300247 -3.41154e-20)
(1.1419 0.288809 6.87611e-20)
(1.16898 0.275802 4.41483e-20)
(1.18763 0.261926 -4.22544e-20)
(1.1996 0.247704 3.95891e-20)
(1.20633 0.233512 -1.46596e-20)
(1.20893 0.219584 7.32836e-21)
(1.20815 0.206131 -8.86153e-21)
(1.20478 0.193008 1.50335e-20)
(1.19833 0.180804 0)
(1.19435 0.165569 -5.16738e-22)
(-0.475137 -0.0376731 0)
(-0.405466 -0.0582659 5.7735e-19)
(-0.307706 -0.0171409 -8.11205e-21)
(-0.184661 0.0396284 -8.40833e-20)
(-0.0469959 0.098815 -2.60862e-19)
(0.0986957 0.153294 1.03137e-19)
(0.24547 0.199737 -1.89735e-19)
(0.386993 0.236664 2.18449e-19)
(0.518588 0.264056 0)
(0.637454 0.282713 -9.57596e-20)
(0.742139 0.293839 7.13252e-20)
(0.832285 0.298679 -1.14341e-19)
(0.908336 0.298367 2.99289e-21)
(0.971262 0.293959 -7.11073e-20)
(1.02237 0.286422 3.16803e-20)
(1.06314 0.276604 0)
(1.09506 0.265225 0)
(1.11958 0.252879 -1.68124e-21)
(1.13795 0.240049 -2.44693e-21)
(1.15133 0.227077 -4.07496e-20)
(1.16045 0.214361 7.82422e-21)
(1.16667 0.201778 1.80791e-21)
(1.16856 0.190364 9.93689e-22)
(1.17688 0.177373 -5.97932e-22)
(-0.479288 -0.0606619 6.6964e-20)
(-0.420607 -0.0877778 1.63415e-19)
(-0.342594 -0.0485309 0)
(-0.243331 0.00402567 7.31209e-20)
(-0.130041 0.0585015 1.93273e-19)
(-0.0073799 0.109275 0)
(0.11919 0.153818 -2.52339e-19)
(0.244658 0.190989 -1.32645e-19)
(0.364842 0.220448 -5.01747e-20)
(0.476871 0.242596 1.26883e-19)
(0.579073 0.258168 -8.34197e-20)
(0.67059 0.26795 -1.01027e-20)
(0.751213 0.272753 -4.7103e-20)
(0.821203 0.273373 0)
(0.88117 0.270551 0)
(0.93196 0.264979 0)
(0.974546 0.257293 0)
(1.00995 0.248062 7.49909e-21)
(1.03914 0.237787 -9.99598e-21)
(1.06308 0.226851 6.11112e-21)
(1.08232 0.215724 -3.94196e-21)
(1.09864 0.204384 -7.01025e-22)
(1.10936 0.193899 1.39105e-21)
(1.12922 0.182204 1.13059e-21)
(-0.463647 -0.0930802 2.79857e-19)
(-0.419666 -0.116166 -2.22337e-19)
(-0.361051 -0.0781191 1.76753e-19)
(-0.284613 -0.0306033 -1.46085e-19)
(-0.19418 0.0177097 0)
(-0.0933211 0.063029 0)
(0.0134509 0.103782 7.4293e-20)
(0.121894 0.139137 -6.27441e-20)
(0.22841 0.168784 1.05187e-19)
(0.330244 0.192755 0)
(0.425586 0.211373 6.00901e-20)
(0.513328 0.225085 -2.76754e-20)
(0.592913 0.234398 3.56359e-20)
(0.664222 0.239806 -2.10651e-20)
(0.727445 0.241812 -2.62943e-20)
(0.783003 0.240905 0)
(0.831478 0.237559 0)
(0.873574 0.232233 8.3057e-21)
(0.910022 0.225383 -4.84874e-21)
(0.941597 0.217424 -2.02048e-21)
(0.96866 0.208778 1.14972e-21)
(0.992876 0.199611 1.16117e-21)
(1.01166 0.1906 9.46724e-22)
(1.03868 0.179745 -1.34246e-21)
(-0.42151 -0.136978 -2.79208e-19)
(-0.402206 -0.136818 -2.08329e-19)
(-0.365327 -0.102141 -1.34746e-19)
(-0.310445 -0.0616125 2.49454e-19)
(-0.240498 -0.0211436 0)
(-0.159324 0.0171255 0)
(-0.0710428 0.0524743 0)
(0.0206179 0.0843911 5.96169e-20)
(0.112507 0.112536 -9.37526e-20)
(0.202125 0.136753 3.9436e-20)
(0.287672 0.157072 -3.64507e-20)
(0.367938 0.173625 -2.58202e-20)
(0.442173 0.186597 0)
(0.510014 0.196224 1.46242e-20)
(0.5714 0.202771 -1.92587e-20)
(0.626484 0.206518 1.05762e-20)
(0.675572 0.207763 5.79649e-21)
(0.719086 0.206831 -4.15166e-21)
(0.75757 0.204035 -7.96036e-21)
(0.791688 0.199689 8.4785e-21)
(0.821889 0.194136 -2.17596e-21)
(0.849205 0.187794 -4.66959e-22)
(0.872754 0.18087 -7.21993e-23)
(0.899776 0.171687 0)
(-0.036263 0.0481535 -1.04325e-20)
(-0.143906 0.098899 4.58922e-19)
(-0.268222 0.137336 4.22799e-19)
(-0.338692 0.15374 9.35234e-20)
(-0.335843 0.15044 2.92131e-20)
(-0.230334 0.0990955 1.92426e-19)
(-0.0744685 0.0829764 0)
(-0.19742 0.135924 -1.17348e-19)
(-0.287402 0.163718 0)
(-0.321466 0.168034 1.21712e-19)
(-0.317345 0.156399 1.40511e-20)
(-0.240719 0.0949723 0)
(-0.0910375 0.103452 2.03959e-21)
(-0.203417 0.158506 1.08512e-19)
(-0.276979 0.174879 1.03481e-20)
(-0.30083 0.169765 -4.01275e-21)
(-0.295827 0.143053 1.62794e-20)
(-0.251106 0.0736865 -5.34243e-21)
(-0.105647 0.123198 0)
(-0.203213 0.177481 0)
(-0.264505 0.186549 -9.86563e-21)
(-0.285089 0.1724 0)
(-0.280834 0.136105 -6.27156e-21)
(-0.256349 0.0650284 4.25115e-20)
(-0.121921 0.142826 2.41983e-19)
(-0.203349 0.193736 -1.77226e-19)
(-0.254376 0.197593 9.29307e-21)
(-0.271868 0.177108 -3.02344e-20)
(-0.270189 0.13495 1.13246e-19)
(-0.258502 0.0655027 -4.17123e-20)
(-0.138798 0.159104 -2.73554e-19)
(-0.204787 0.20647 1.8699e-19)
(-0.245762 0.207806 0)
(-0.260651 0.183353 2.37967e-19)
(-0.261702 0.138377 -9.83654e-20)
(-0.258133 0.0718851 0)
(-0.152885 0.176861 6.36191e-19)
(-0.205838 0.216229 -3.7551e-19)
(-0.237854 0.217245 2.83213e-19)
(-0.250652 0.191039 -2.02931e-19)
(-0.253868 0.145537 1.76128e-19)
(-0.255217 0.0824795 0)
(-0.159697 0.19577 -6.15769e-19)
(-0.204872 0.224198 1.06686e-18)
(-0.229974 0.226219 2.80533e-19)
(-0.241159 0.200139 5.24969e-19)
(-0.245701 0.155812 -2.49987e-19)
(-0.249526 0.0964653 0)
(-0.163851 0.207931 0)
(-0.201907 0.231169 -1.40027e-18)
(-0.221758 0.235046 -5.11593e-19)
(-0.231622 0.210568 -2.35058e-20)
(-0.236584 0.168673 -4.1242e-19)
(-0.240884 0.113205 0)
(-0.166802 0.217898 0)
(-0.197314 0.237537 6.93264e-19)
(-0.213024 0.243938 5.48062e-19)
(-0.221647 0.222185 -8.76357e-19)
(-0.226141 0.18366 3.61578e-19)
(-0.229205 0.132249 0)
(-0.168736 0.225877 -1.24977e-18)
(-0.191171 0.243441 6.51634e-19)
(-0.203649 0.253032 -5.11064e-19)
(-0.210968 0.234819 4.6978e-19)
(-0.214182 0.200352 1.07079e-19)
(-0.214516 0.153191 2.99592e-19)
(-0.169251 0.231253 1.24973e-18)
(-0.183599 0.248955 -6.96597e-19)
(-0.193491 0.262393 0)
(-0.19945 0.24829 4.80655e-19)
(-0.200694 0.218338 -4.37519e-19)
(-0.196997 0.175575 -4.01426e-19)
(-0.167784 0.233763 -1.96216e-20)
(-0.174723 0.25413 0)
(-0.182499 0.272031 -5.57694e-19)
(-0.187093 0.262411 -9.70442e-19)
(-0.185841 0.237197 4.41291e-19)
(-0.177052 0.198843 0)
(-0.163976 0.23362 1.25854e-18)
(-0.164573 0.258938 0)
(-0.170693 0.281914 -2.63582e-21)
(-0.174028 0.276949 4.90307e-19)
(-0.169989 0.256514 0)
(-0.155346 0.222336 0)
(-0.157604 0.231442 -2.03042e-20)
(-0.153181 0.263287 0)
(-0.158145 0.29204 4.97827e-19)
(-0.160498 0.291656 6.16015e-20)
(-0.153717 0.275842 0)
(-0.132864 0.245303 0)
(-0.147957 0.229882 -2.48153e-18)
(-0.14086 0.267252 -7.41565e-19)
(-0.145024 0.302248 0)
(-0.146838 0.306423 5.09606e-19)
(-0.137716 0.294686 0)
(-0.110989 0.26702 0)
(-0.125661 0.233036 1.27161e-18)
(-0.128447 0.270516 7.56826e-19)
(-0.131657 0.312152 5.1999e-19)
(-0.1334 0.321022 -4.52627e-19)
(-0.122762 0.312841 -1.20635e-19)
(-0.0913575 0.286917 1.11269e-19)
(-0.103266 0.228695 0)
(-0.117309 0.271154 -4.89189e-20)
(-0.118342 0.320871 -1.17899e-18)
(-0.120513 0.335105 0)
(-0.109546 0.330357 3.61708e-19)
(-0.0756526 0.304581 -3.44067e-19)
(-0.0913572 0.213745 3.22759e-20)
(-0.107399 0.267705 8.01365e-19)
(-0.104973 0.327404 -3.92498e-20)
(-0.108296 0.348219 -5.4135e-19)
(-0.0985664 0.347622 -9.83952e-19)
(-0.0663964 0.319475 8.09466e-19)
(-0.0796677 0.19352 3.07973e-20)
(-0.0966619 0.260002 -2.42012e-20)
(-0.0909894 0.33113 1.28799e-18)
(-0.0966623 0.359742 5.60594e-19)
(-0.0897295 0.365575 -1.88268e-21)
(-0.0675283 0.331022 -4.69539e-19)
(-0.0642367 0.17056 -1.57675e-20)
(-0.084319 0.247922 -1.14611e-21)
(-0.0758762 0.33177 -6.71287e-19)
(-0.0846587 0.368874 5.83844e-19)
(-0.0827259 0.387001 1.04416e-18)
(-0.0811493 0.338786 0)
(-0.0520708 0.148312 0)
(-0.0710065 0.231697 -8.67508e-19)
(-0.0597575 0.329168 3.53675e-19)
(-0.0720773 0.373632 -3.0623e-19)
(-0.0731698 0.415843 -5.42492e-19)
(-0.0968117 0.346661 -2.5946e-19)
(-0.041174 0.122265 9.67402e-21)
(-0.0567166 0.20902 -4.3443e-19)
(-0.0432439 0.32113 -4.02515e-19)
(-0.0595298 0.367248 -3.25456e-19)
(-0.0560156 0.453643 0)
(-0.096235 0.356424 5.37517e-19)
(-0.0276726 0.0623981 6.86111e-19)
(-0.0427425 0.149442 9.48848e-19)
(-0.0254758 0.281887 3.7392e-19)
(-0.0418407 0.317207 3.86489e-19)
(-0.0240366 0.476375 3.02239e-19)
(-0.087706 0.321118 3.71071e-21)
(-0.317854 -0.142329 -1.44468e-19)
(-0.369554 -0.143976 1.81574e-19)
(-0.360461 -0.117842 -1.01765e-19)
(-0.324199 -0.0874002 -1.04332e-19)
(-0.270903 -0.0565311 0)
(-0.205947 -0.026591 -4.54944e-20)
(-0.133545 0.00217721 0)
(-0.0571077 0.0294508 -5.93388e-20)
(0.0205713 0.0548065 0)
(0.0973101 0.0780095 3.68933e-20)
(0.171481 0.0988608 1.37504e-20)
(0.241897 0.11722 1.06772e-20)
(0.307763 0.133022 8.25758e-21)
(0.368601 0.146247 0)
(0.424198 0.156931 0)
(0.474548 0.165159 1.45117e-20)
(0.519802 0.171016 -1.2189e-20)
(0.560231 0.174599 4.13556e-21)
(0.596173 0.17611 0)
(0.628094 0.175829 -1.80178e-21)
(0.656539 0.173992 2.57891e-21)
(0.682199 0.170879 -1.50002e-21)
(0.705406 0.166515 7.16402e-23)
(0.726659 0.159906 0)
(-0.286715 -0.113909 1.18383e-19)
(-0.347271 -0.136127 -4.85377e-20)
(-0.352926 -0.125753 8.3184e-20)
(-0.329547 -0.108212 -1.7901e-20)
(-0.287881 -0.088223 -4.09118e-20)
(-0.234556 -0.0672943 6.93631e-20)
(-0.174064 -0.0456444 0)
(-0.10974 -0.0236149 1.29199e-20)
(-0.0441288 -0.00171747 -1.21284e-20)
(0.020887 0.0196766 0)
(0.0838879 0.040188 -2.58159e-20)
(0.143838 0.0595287 9.01214e-22)
(0.200039 0.0774292 -8.21185e-21)
(0.252017 0.0936626 5.50476e-21)
(0.299535 0.10804 -5.25528e-21)
(0.342551 0.120436 0)
(0.381152 0.130746 -4.56279e-21)
(0.415561 0.138905 1.11944e-21)
(0.446086 0.144837 3.77054e-21)
(0.473178 0.1485 1.48347e-21)
(0.497395 0.149974 -1.13655e-21)
(0.519306 0.149552 0)
(0.538959 0.147498 0)
(0.554056 0.143133 0)
(-0.280791 -0.0853107 0)
(-0.335226 -0.123138 4.22217e-20)
(-0.344756 -0.128928 0)
(-0.328442 -0.125487 3.82568e-20)
(-0.293418 -0.117001 0)
(-0.247027 -0.105256 2.75093e-21)
(-0.193989 -0.090719 0)
(-0.137643 -0.0739177 0)
(-0.080477 -0.0554871 1.31668e-21)
(-0.0242746 -0.0360479 1.01369e-21)
(0.029809 -0.016142 7.75637e-22)
(0.0809653 0.00378662 2.19951e-21)
(0.128646 0.0233194 -1.64409e-21)
(0.172417 0.0419725 0)
(0.212 0.0593389 1.89771e-21)
(0.247471 0.0751971 -1.62862e-21)
(0.278982 0.0892222 0)
(0.306811 0.101136 9.77401e-23)
(0.331356 0.110661 -3.27936e-23)
(0.353071 0.117532 -5.60509e-22)
(0.372529 0.121582 -5.13628e-22)
(0.390172 0.122855 2.71537e-22)
(0.405515 0.121644 -1.92392e-23)
(0.417116 0.118332 1.43049e-23)
(-0.280841 -0.0628295 0)
(-0.327039 -0.110086 -5.63402e-21)
(-0.335847 -0.129912 1.05616e-20)
(-0.321109 -0.140473 -4.24522e-21)
(-0.288163 -0.143657 6.42447e-21)
(-0.244224 -0.141065 -3.06404e-20)
(-0.19429 -0.133449 0)
(-0.14182 -0.121559 0)
(-0.0892729 -0.106304 -1.31373e-21)
(-0.0382909 -0.0886127 -8.17828e-21)
(0.0101796 -0.0692474 5.99675e-21)
(0.0555681 -0.0488826 0)
(0.0975624 -0.0280792 -4.4439e-22)
(0.136114 -0.00730084 0)
(0.171261 0.0129638 1.6529e-21)
(0.202929 0.0320241 -1.76428e-21)
(0.231305 0.0493636 0)
(0.256643 0.0644516 -6.32709e-22)
(0.279204 0.0768215 -6.89137e-23)
(0.299329 0.0860786 4.78304e-23)
(0.317366 0.0919513 3.64599e-22)
(0.33345 0.094445 -4.06116e-22)
(0.347305 0.0942623 1.91306e-23)
(0.359547 0.0935239 -1.29997e-23)
(-0.280651 -0.0427269 -8.75686e-20)
(-0.318876 -0.0969884 -2.51585e-20)
(-0.324433 -0.130616 -1.98976e-20)
(-0.306899 -0.154119 8.76943e-20)
(-0.271595 -0.168812 0)
(-0.22566 -0.175113 -1.89366e-21)
(-0.174548 -0.173944 -3.45885e-20)
(-0.121972 -0.166401 1.24095e-20)
(-0.0703414 -0.153753 -4.33024e-21)
(-0.0211324 -0.137335 -3.07436e-20)
(0.0249047 -0.118239 1.28565e-20)
(0.0674312 -0.0973823 -7.35692e-21)
(0.106372 -0.0755482 1.70209e-21)
(0.141834 -0.0533865 1.24477e-20)
(0.174036 -0.0315005 -7.07886e-21)
(0.203258 -0.0104543 -3.30745e-21)
(0.22974 0.00918552 3.16767e-21)
(0.253718 0.0268131 1.66259e-21)
(0.275455 0.0418927 -1.08441e-21)
(0.295142 0.0540042 0)
(0.312942 0.0629357 1.70289e-22)
(0.328943 0.0687357 6.06075e-22)
(0.343533 0.0719341 3.55009e-22)
(0.358504 0.0742059 -1.0877e-21)
(-0.278371 -0.0232264 3.81036e-19)
(-0.308631 -0.0842236 -2.57559e-20)
(-0.308366 -0.130212 0)
(-0.284406 -0.166892 7.32657e-20)
(-0.242236 -0.192935 0)
(-0.189828 -0.207677 4.46135e-20)
(-0.133367 -0.212139 -3.14304e-20)
(-0.0769375 -0.207995 1.07928e-19)
(-0.0228936 -0.197032 5.63334e-20)
(0.0275384 -0.181057 -1.65294e-20)
(0.0738762 -0.161557 2.01609e-20)
(0.116088 -0.139723 1.29513e-20)
(0.154384 -0.116532 -2.91252e-21)
(0.189094 -0.0927785 5.91697e-21)
(0.220611 -0.0691583 0)
(0.249331 -0.0463271 -1.56466e-21)
(0.275621 -0.0249217 0)
(0.299811 -0.00549395 5.32815e-22)
(0.322192 0.0114583 -1.03972e-21)
(0.342978 0.0255572 0)
(0.3622 0.0366117 -1.38e-21)
(0.380043 0.0447558 -2.26687e-21)
(0.397657 0.0508266 2.19006e-21)
(0.417493 0.0561423 -1.14885e-21)
(-0.27301 -0.00358597 4.90655e-21)
(-0.294816 -0.0708185 2.62321e-19)
(-0.28627 -0.129008 -4.59411e-20)
(-0.251736 -0.178881 -1.45033e-19)
(-0.197843 -0.216044 5.43424e-20)
(-0.134246 -0.238476 -5.00164e-20)
(-0.0682903 -0.247337 -3.15471e-20)
(-0.00450121 -0.24516 -6.99803e-20)
(0.0548548 -0.234551 4.2412e-20)
(0.108911 -0.217907 0)
(0.157623 -0.197156 -2.02704e-20)
(0.201391 -0.173759 -1.103e-20)
(0.240794 -0.148868 1.04502e-21)
(0.276462 -0.123375 -1.82192e-21)
(0.309035 -0.0980056 1.67575e-21)
(0.339099 -0.0734088 1.29258e-21)
(0.367162 -0.0501673 -8.88256e-22)
(0.393646 -0.0287937 -3.4458e-21)
(0.41888 -0.00973651 3.83899e-21)
(0.443089 0.00664202 3.64293e-21)
(0.466355 0.0201351 -2.12808e-21)
(0.488912 0.0308872 6.493e-21)
(0.511716 0.0396527 -6.27404e-21)
(0.538191 0.0473402 -1.95e-22)
(-0.263926 0.016751 -2.44629e-19)
(-0.276485 -0.0563755 6.78422e-21)
(-0.256653 -0.126662 8.88239e-20)
(-0.206706 -0.189873 -1.52876e-19)
(-0.135559 -0.237781 6.58374e-20)
(-0.0556273 -0.266776 9.54537e-20)
(0.024071 -0.278391 -6.36713e-20)
(0.0985422 -0.276383 5.91951e-20)
(0.165681 -0.264444 -3.81347e-20)
(0.225115 -0.245694 0)
(0.277459 -0.222581 0)
(0.32372 -0.196878 -1.84091e-20)
(0.364979 -0.169905 2.75539e-20)
(0.40226 -0.142629 -9.56584e-21)
(0.436507 -0.115756 -5.6045e-21)
(0.468528 -0.0898788 -4.85309e-23)
(0.498985 -0.0655018 1.14224e-21)
(0.528398 -0.0430424 -2.83192e-21)
(0.557153 -0.022855 -1.0979e-20)
(0.585522 -0.00521869 -5.35535e-23)
(0.613587 0.00971101 5.63693e-22)
(0.641702 0.0220461 6.86957e-21)
(0.670127 0.0325799 0)
(0.705016 0.0431126 1.33786e-21)
(-0.250688 0.0382693 -5.19317e-19)
(-0.252723 -0.0403135 -2.23848e-19)
(-0.21788 -0.122719 9.35955e-20)
(-0.146553 -0.199476 -1.6092e-19)
(-0.051518 -0.257551 1.86617e-19)
(0.0504025 -0.291379 -2.04698e-19)
(0.147817 -0.303337 0)
(0.235041 -0.298831 1.03762e-19)
(0.310513 -0.283138 -3.16892e-20)
(0.375065 -0.260512 2.96811e-20)
(0.430471 -0.233925 0)
(0.478589 -0.205331 0)
(0.521077 -0.176068 0)
(0.559411 -0.147097 2.82578e-21)
(0.59481 -0.119065 0)
(0.628264 -0.0924592 -4.36973e-21)
(0.660543 -0.0676527 0)
(0.692207 -0.0449229 2.84668e-21)
(0.723655 -0.0245191 -1.37563e-20)
(0.755209 -0.00662824 2.1797e-22)
(0.786811 0.00863902 2.42442e-20)
(0.819183 0.0214819 -8.82389e-21)
(0.850564 0.0324104 -8.15963e-21)
(0.893713 0.0460722 7.92749e-21)
(-0.232966 0.0613184 5.25412e-19)
(-0.222645 -0.022091 -4.87484e-19)
(-0.167954 -0.116635 0)
(-0.0675523 -0.206867 3.50924e-19)
(0.0589303 -0.273777 0)
(0.187625 -0.309451 2.04896e-19)
(0.30388 -0.31829 -1.47896e-19)
(0.4024 -0.308515 -2.08667e-19)
(0.484059 -0.287158 0)
(0.551597 -0.259366 0)
(0.608068 -0.22853 4.88041e-21)
(0.656201 -0.196769 2.27443e-20)
(0.698255 -0.16533 7.6786e-21)
(0.736094 -0.135002 -4.47359e-21)
(0.771176 -0.106355 0)
(0.804672 -0.0797397 9.5138e-21)
(0.837398 -0.0553369 -6.54061e-21)
(0.869819 -0.0332344 0)
(0.90236 -0.0135575 2.26073e-20)
(0.935347 0.0036093 -2.18195e-20)
(0.968295 0.0181098 1.95139e-20)
(1.003 0.0306409 -2.31008e-20)
(1.03308 0.039555 1.02425e-20)
(1.08637 0.0557254 4.10175e-21)
(-0.210543 0.086051 1.38365e-19)
(-0.185394 -0.00133204 8.81384e-19)
(-0.104338 -0.107841 -1.05089e-19)
(0.0351077 -0.210611 -9.16869e-20)
(0.200682 -0.283062 -2.60778e-20)
(0.358057 -0.316683 -5.37849e-19)
(0.490726 -0.319239 3.01164e-19)
(0.597222 -0.301792 5.74324e-22)
(0.681437 -0.273202 7.05086e-20)
(0.748261 -0.239662 0)
(0.802256 -0.204761 -6.61595e-21)
(0.847181 -0.170434 -2.14813e-20)
(0.8859 -0.137698 -1.55457e-20)
(0.920615 -0.107087 2.72346e-22)
(0.95301 -0.0789804 1.29955e-21)
(0.984437 -0.0535904 -2.1604e-20)
(1.01556 -0.0310035 2.41278e-20)
(1.04699 -0.0111952 -2.11251e-20)
(1.07949 0.00603226 -6.30407e-22)
(1.11179 0.020859 3.96172e-22)
(1.14242 0.0328451 -1.28124e-20)
(1.17372 0.0438489 0)
(1.19595 0.0486705 -1.93873e-20)
(1.24459 0.064747 1.89682e-20)
(-0.183398 0.112344 -4.36606e-19)
(-0.140156 0.0219403 -6.51471e-19)
(-0.0234621 -0.0958754 0)
(0.167951 -0.207783 0)
(0.378566 -0.280957 0)
(0.562082 -0.308377 2.15302e-19)
(0.705302 -0.301862 -8.60307e-20)
(0.812066 -0.275882 4.36772e-20)
(0.890769 -0.240723 -1.43571e-19)
(0.949497 -0.202862 0)
(0.994707 -0.165743 2.346e-20)
(1.03114 -0.130947 -4.25208e-21)
(1.06204 -0.0991674 7.84929e-21)
(1.08993 -0.0706414 3.52239e-21)
(1.11705 -0.0452335 -4.02793e-22)
(1.14335 -0.0230559 4.49382e-21)
(1.16837 -0.00417023 -1.09249e-20)
(1.19169 0.0116105 2.07416e-20)
(1.21177 0.0245662 -6.32647e-21)
(1.2293 0.0353243 -6.20516e-21)
(1.2447 0.043491 4.1614e-20)
(1.25851 0.0509295 -2.21529e-20)
(1.26938 0.0525239 0)
(1.30121 0.0664742 6.57946e-22)
(-0.151902 0.13974 7.38459e-19)
(-0.0861916 0.0468842 -2.74024e-19)
(0.079737 -0.0801525 1.24684e-19)
(0.336962 -0.194634 0)
(0.591867 -0.262447 -3.12069e-19)
(0.791296 -0.280821 -2.26385e-19)
(0.929819 -0.265265 -1.59197e-19)
(1.02211 -0.233512 -9.40991e-20)
(1.08333 -0.195556 1.60311e-19)
(1.12473 -0.157439 9.12549e-20)
(1.15406 -0.121949 -1.28034e-20)
(1.17622 -0.090199 -6.26564e-20)
(1.1945 -0.0626072 1.16142e-20)
(1.21134 -0.0389124 -3.53078e-21)
(1.22538 -0.0190384 4.03102e-22)
(1.23696 -0.00233399 -1.65852e-21)
(1.24689 0.0115512 1.24484e-21)
(1.25542 0.0228879 -1.12934e-20)
(1.26282 0.0319577 1.0785e-20)
(1.26947 0.039149 -5.8088e-21)
(1.27576 0.0441526 -5.83537e-21)
(1.28143 0.0483684 0)
(1.28743 0.049085 2.18112e-20)
(1.31007 0.0630036 -3.41529e-20)
(-0.116989 0.167257 0)
(-0.0229568 0.0714458 0)
(0.210928 -0.0594433 0)
(0.541933 -0.167872 1.91837e-19)
(0.826044 -0.224697 1.39373e-19)
(1.01789 -0.233954 3.28945e-19)
(1.12989 -0.214251 -9.40617e-20)
(1.19343 -0.182878 0)
(1.22842 -0.148133 6.5696e-20)
(1.24737 -0.114876 -1.11481e-19)
(1.25783 -0.085127 6.33373e-20)
(1.26402 -0.0595027 -6.53344e-21)
(1.26833 -0.0378551 1.89153e-21)
(1.27052 -0.0201267 0)
(1.27222 -0.0054069 1.47374e-21)
(1.27394 0.0068647 7.55506e-21)
(1.27552 0.016869 -3.41721e-21)
(1.27659 0.0245966 9.77073e-21)
(1.27771 0.0305229 -9.338e-21)
(1.27943 0.0354731 2.37576e-20)
(1.28177 0.0386026 -3.56898e-20)
(1.284 0.0394052 -8.69817e-21)
(1.28598 0.041152 2.45489e-20)
(1.29659 0.0552632 9.14051e-21)
(-0.0801063 0.193078 -7.91251e-19)
(0.0502876 0.093071 1.46031e-19)
(0.37482 -0.0315007 -5.2491e-19)
(0.769032 -0.124599 4.22325e-19)
(1.05201 -0.169808 -1.42624e-19)
(1.2074 -0.174138 2.31402e-19)
(1.27958 -0.15649 6.78342e-20)
(1.3107 -0.131415 0)
(1.32034 -0.104236 -6.68395e-20)
(1.31969 -0.0788226 6.24022e-20)
(1.31482 -0.0565213 -3.46976e-20)
(1.30885 -0.03746 0)
(1.30282 -0.0214529 2.29598e-20)
(1.29742 -0.0081907 -3.17018e-20)
(1.2926 0.00243556 1.03982e-20)
(1.28836 0.0110192 -7.98617e-22)
(1.28482 0.0181554 -2.17535e-22)
(1.28172 0.023529 -5.22954e-21)
(1.28003 0.0277723 -2.39435e-21)
(1.2791 0.0296594 -9.37022e-21)
(1.27696 0.030545 5.58598e-20)
(1.27304 0.0308039 -2.08622e-20)
(1.26701 0.0339796 8.53312e-21)
(1.26473 0.0491173 0)
(-0.0427201 0.214584 1.11489e-18)
(0.137992 0.108974 1.48772e-19)
(0.571754 0.0063454 5.28358e-19)
(0.993653 -0.0661689 -2.32607e-19)
(1.23963 -0.102513 -3.39463e-19)
(1.34557 -0.108835 -1.26915e-19)
(1.37996 -0.0967772 0)
(1.38557 -0.0806077 0)
(1.37634 -0.0621504 0)
(1.36205 -0.0449498 0)
(1.34709 -0.029933 2.9768e-20)
(1.33318 -0.0171419 -2.80066e-20)
(1.32094 -0.00639963 -1.40415e-20)
(1.3104 0.00253088 6.71498e-21)
(1.30143 0.00981647 -4.59676e-21)
(1.29364 0.0153984 0)
(1.28686 0.0195737 3.11587e-21)
(1.28174 0.023048 -4.74037e-21)
(1.27657 0.0248742 7.29473e-21)
(1.27058 0.0259839 -8.13365e-21)
(1.26311 0.0263027 -4.04035e-20)
(1.25358 0.026466 6.7722e-20)
(1.24216 0.0304149 -5.45235e-21)
(1.22954 0.0476382 -4.2121e-20)
(-0.00670166 0.228062 -8.12104e-19)
(0.246837 0.122841 1.49698e-19)
(0.791891 0.0582922 1.21812e-19)
(1.19159 0.00238623 2.85284e-19)
(1.37814 -0.0301137 3.04129e-19)
(1.43761 -0.0419833 -9.24425e-20)
(1.44295 -0.0362284 -5.41014e-20)
(1.43248 -0.0306697 0)
(1.40938 -0.0211855 -6.13378e-20)
(1.38565 -0.011799 1.13922e-20)
(1.36421 -0.00351459 -2.74305e-20)
(1.34544 0.00355241 4.49048e-20)
(1.32929 0.0094661 0)
(1.31549 0.0143338 -6.63638e-21)
(1.30363 0.0182613 3.05801e-21)
(1.2934 0.0212624 -1.11814e-21)
(1.28438 0.0232864 5.94701e-21)
(1.27575 0.024452 1.49138e-20)
(1.26689 0.0250763 -2.13471e-20)
(1.2573 0.0252069 1.77741e-20)
(1.24619 0.025001 0)
(1.23284 0.0253888 0)
(1.21743 0.030603 -4.53003e-20)
(1.19816 0.047975 4.452e-20)
(0.029104 0.230575 -1.63517e-19)
(0.391941 0.147434 -2.87132e-19)
(1.00743 0.124981 -2.46143e-19)
(1.34527 0.0775528 -1.18693e-19)
(1.47022 0.0424336 -2.76194e-19)
(1.49164 0.0235966 -6.87005e-20)
(1.4811 0.0189784 1.35398e-19)
(1.45477 0.0175078 8.03717e-20)
(1.42307 0.0176983 -7.49119e-20)
(1.39456 0.0193475 4.8368e-20)
(1.36971 0.0214269 3.42167e-20)
(1.34832 0.0234141 -3.24197e-20)
(1.33002 0.0251106 1.54925e-22)
(1.31432 0.0264194 1.36943e-20)
(1.30067 0.0273062 -1.75365e-21)
(1.28851 0.0277799 0)
(1.27724 0.0278475 1.01937e-20)
(1.26634 0.0275469 -1.52163e-20)
(1.25524 0.0270075 0)
(1.24325 0.0264302 -9.57861e-21)
(1.22942 0.0259838 0)
(1.21289 0.0267298 0)
(1.19393 0.0330923 0)
(1.17019 0.049937 0)
(0.0708358 0.221594 8.08993e-20)
(0.584787 0.197546 4.46675e-19)
(1.19412 0.200726 1.22747e-19)
(1.4512 0.153318 -3.28887e-19)
(1.52255 0.111842 1.0786e-19)
(1.52014 0.0857898 -7.51172e-20)
(1.49363 0.070725 5.09635e-20)
(1.4579 0.0599561 -1.20092e-19)
(1.42385 0.0529604 0)
(1.39364 0.0483657 -7.00729e-20)
(1.36758 0.0451965 0)
(1.34523 0.0428306 1.76171e-20)
(1.32603 0.0409064 -1.01815e-20)
(1.30937 0.0391954 3.91859e-21)
(1.29463 0.0375493 -1.26909e-20)
(1.28122 0.0358912 -5.90039e-21)
(1.26858 0.0342137 1.69749e-20)
(1.25612 0.0325691 0)
(1.24326 0.0310749 -2.6004e-20)
(1.22928 0.0298451 2.47188e-20)
(1.21319 0.0290316 0)
(1.19425 0.0298207 -4.65244e-20)
(1.17284 0.0367032 5.95078e-20)
(1.14644 0.0529916 0)
(0.130337 0.201866 0)
(0.817243 0.275771 -5.2175e-19)
(1.3382 0.278998 0)
(1.51269 0.224492 3.2708e-19)
(1.54361 0.175447 0)
(1.52402 0.141446 1.55543e-19)
(1.48796 0.116638 8.70643e-20)
(1.45076 0.0986244 7.23918e-20)
(1.4163 0.0853524 3.55218e-20)
(1.38605 0.0754376 1.88291e-20)
(1.36004 0.0678168 0)
(1.33773 0.0617473 -6.69047e-21)
(1.31843 0.0567339 -5.7913e-21)
(1.30147 0.0524389 6.52441e-21)
(1.2862 0.0486345 -1.37929e-20)
(1.27204 0.0451833 -2.51856e-20)
(1.25842 0.042028 2.38531e-20)
(1.2448 0.0391868 -4.66756e-20)
(1.23061 0.0367581 1.1878e-20)
(1.21513 0.0348274 -1.73476e-20)
(1.19743 0.0335033 3.35079e-20)
(1.17688 0.0340251 -6.56254e-20)
(1.15383 0.0408654 0)
(1.12572 0.0561534 -3.6444e-20)
(0.230054 0.193517 0)
(1.04962 0.373621 6.40863e-19)
(1.43241 0.355166 -1.93202e-20)
(1.53605 0.289301 -7.4229e-20)
(1.54003 0.2324 -1.53612e-19)
(1.51014 0.189463 4.97124e-20)
(1.47252 0.157495 -9.91052e-20)
(1.4355 0.133225 6.98695e-20)
(1.40217 0.11461 0)
(1.37321 0.100187 -2.09166e-20)
(1.34832 0.0888061 1.1985e-21)
(1.32682 0.0795983 2.12856e-21)
(1.308 0.0719452 -3.45274e-22)
(1.29119 0.0654167 2.04434e-20)
(1.27579 0.059722 -1.17803e-20)
(1.26124 0.0546789 0)
(1.24704 0.0501956 0)
(1.23267 0.0462615 -3.90637e-21)
(1.21757 0.0429425 -1.05342e-21)
(1.20107 0.0402834 1.12135e-19)
(1.18228 0.0383364 -1.79581e-20)
(1.16066 0.0383426 1.54815e-21)
(1.13648 0.044752 -6.45086e-20)
(1.10737 0.058702 3.85864e-20)
(0.412649 0.282104 6.82726e-20)
(1.22337 0.482632 1.44441e-19)
(1.47368 0.427221 0)
(1.52934 0.347221 4.41655e-20)
(1.51809 0.281509 1.12413e-19)
(1.48547 0.231102 0)
(1.44868 0.192685 -8.59025e-20)
(1.414 0.163189 -3.06675e-20)
(1.38327 0.140333 -5.16868e-21)
(1.35662 0.122391 5.28614e-21)
(1.33354 0.108045 -8.25407e-21)
(1.31337 0.0963198 -5.56239e-21)
(1.29541 0.0865114 1.10333e-20)
(1.27909 0.0781233 0)
(1.26386 0.0708162 0)
(1.24924 0.0643723 0)
(1.23476 0.0586733 0)
(1.21995 0.0536871 -2.50572e-20)
(1.2043 0.0494513 2.24328e-20)
(1.18715 0.0459757 -2.02088e-20)
(1.16772 0.0432591 2.02352e-20)
(1.14551 0.0425334 3.88293e-20)
(1.12072 0.0482652 -2.30098e-20)
(1.09131 0.0608672 3.29262e-20)
(0.706679 0.491062 2.22926e-19)
(1.30393 0.584996 -2.01043e-19)
(1.46893 0.489912 9.42187e-20)
(1.49984 0.395919 -5.80975e-20)
(1.48334 0.321765 0)
(1.45229 0.265128 0)
(1.4192 0.221908 1.09168e-20)
(1.38844 0.188601 -2.68537e-21)
(1.36121 0.162607 1.36963e-22)
(1.33743 0.142008 0)
(1.31655 0.125378 -1.70664e-20)
(1.29799 0.111673 7.41988e-21)
(1.28115 0.100138 -2.21908e-20)
(1.26554 0.0902369 9.84188e-21)
(1.2507 0.0815947 2.26272e-20)
(1.23623 0.0739625 0)
(1.22172 0.0671941 0)
(1.20674 0.0612344 -2.62684e-20)
(1.19084 0.056093 1.1176e-20)
(1.17341 0.0517487 1.36438e-20)
(1.15374 0.0481552 -1.34223e-20)
(1.13135 0.046525 -2.54684e-20)
(1.10641 0.051371 5.26851e-20)
(1.0772 0.0626571 -6.38961e-20)
(0.958763 0.739301 -2.08231e-19)
(1.3134 0.664506 0)
(1.43126 0.535707 -1.07733e-19)
(1.45423 0.431553 9.88817e-20)
(1.44023 0.351978 1.36139e-20)
(1.41421 0.291479 0)
(1.38636 0.245259 -2.78054e-21)
(1.36035 0.2095 7.3002e-21)
(1.33709 0.181401 -7.34331e-21)
(1.31645 0.158937 0)
(1.29798 0.140634 9.00449e-21)
(1.28119 0.125424 0)
(1.26563 0.112537 -1.57009e-20)
(1.25089 0.10142 -4.2754e-20)
(1.23662 0.091678 2.83259e-20)
(1.22248 0.0830412 3.06763e-20)
(1.20813 0.0753392 -1.294e-20)
(1.19321 0.0684934 -1.60152e-20)
(1.17729 0.0624852 -4.05039e-22)
(1.15987 0.0572592 1.50362e-20)
(1.1403 0.0527372 2.73848e-20)
(1.1181 0.0500919 -1.45118e-20)
(1.09334 0.0539001 -1.60609e-20)
(1.06476 0.0640165 0)
)
;

boundaryField
{
    rotor
    {
        type            movingWallVelocity;
        value           nonuniform List<vector> 
144
(
(-0.0385697 0.00738268 0)
(-0.0539976 0.0103358 3.27669e-33)
(-0.0694255 0.0132888 -3.82036e-33)
(-0.0848533 0.0162419 -4.11423e-33)
(-0.100281 0.019195 0)
(-0.115709 0.022148 -8.22846e-33)
(-0.0310189 0.0048713 4.98765e-24)
(-0.0312711 0.00283214 0)
(-0.0313894 0.000780845 0)
(-0.0313732 -0.00127379 0)
(-0.0312228 -0.00332297 0)
(-0.0309386 -0.00535792 4.98765e-24)
(-0.0305219 -0.00736993 0)
(-0.0299746 -0.00935038 0)
(-0.0292988 -0.0112908 0)
(-0.0284976 -0.0131829 0)
(-0.0275744 -0.0150185 0)
(-0.0265331 -0.0167898 0)
(-0.0253782 -0.0184892 -9.97531e-24)
(-0.0241146 -0.0201094 0)
(-0.0227478 -0.0216435 -9.97531e-24)
(-0.0212835 -0.0230849 9.97531e-24)
(-0.0197281 -0.0244275 9.97531e-24)
(-0.0180883 -0.0256655 0)
(-0.0163709 -0.0267936 0)
(-0.0145835 -0.0278069 0)
(-0.0127336 -0.0287012 -9.97531e-24)
(-0.0108292 -0.0294726 0)
(-0.00887841 -0.0301177 4.98765e-24)
(-0.00688961 -0.0306339 4.98765e-24)
(-0.00738268 -0.0385697 5.43666e-34)
(-0.0103358 -0.0539976 0)
(-0.0132888 -0.0694255 -7.64071e-34)
(-0.0162419 -0.0848533 6.40644e-33)
(-0.019195 -0.100281 -1.0315e-32)
(-0.022148 -0.115709 0)
(-0.00738268 -0.0385697 -1.68977e-33)
(-0.0103358 -0.0539976 0)
(-0.0132888 -0.0694255 -2.29221e-33)
(-0.0162419 -0.0848533 -7.14113e-33)
(-0.019195 -0.100281 0)
(-0.022148 -0.115709 -1.11966e-32)
(-0.0048713 -0.0310189 0)
(-0.00283214 -0.0312711 0)
(-0.000780845 -0.0313894 0)
(0.00127379 -0.0313732 0)
(0.00332297 -0.0312228 0)
(0.00535792 -0.0309386 4.98765e-24)
(0.00736993 -0.0305219 0)
(0.00935038 -0.0299746 0)
(0.0112908 -0.0292988 0)
(0.0131829 -0.0284976 0)
(0.0150185 -0.0275744 0)
(0.0167898 -0.0265331 0)
(0.0184892 -0.0253782 -9.97531e-24)
(0.0201094 -0.0241146 0)
(0.0216435 -0.0227478 -9.97531e-24)
(0.0230849 -0.0212835 9.97531e-24)
(0.0244275 -0.0197281 9.97531e-24)
(0.0256655 -0.0180883 0)
(0.0267936 -0.0163709 0)
(0.0278069 -0.0145835 0)
(0.0287012 -0.0127336 -9.97531e-24)
(0.0294726 -0.0108292 0)
(0.0301177 -0.00887841 4.98765e-24)
(0.0306339 -0.00688961 0)
(0.0385697 -0.00738268 0)
(0.0539976 -0.0103358 0)
(0.0694255 -0.0132888 -3.0269e-33)
(0.0848533 -0.0162419 -2.61547e-33)
(0.100281 -0.019195 -5.73053e-33)
(0.115709 -0.022148 2.14528e-33)
(0.0385697 -0.00738268 -3.21792e-33)
(0.0539976 -0.0103358 1.77794e-33)
(0.0694255 -0.0132888 -6.87664e-33)
(0.0848533 -0.0162419 3.40893e-33)
(0.100281 -0.019195 0)
(0.115709 -0.022148 8.52233e-34)
(0.0310189 -0.0048713 4.98765e-24)
(0.0312711 -0.00283214 0)
(0.0313894 -0.000780845 0)
(0.0313732 0.00127379 0)
(0.0312228 0.00332297 0)
(0.0309386 0.00535792 4.98765e-24)
(0.0305219 0.00736993 0)
(0.0299746 0.00935038 0)
(0.0292988 0.0112908 0)
(0.0284976 0.0131829 0)
(0.0275744 0.0150185 0)
(0.0265331 0.0167898 0)
(0.0253782 0.0184892 -9.97531e-24)
(0.0241146 0.0201094 0)
(0.0227478 0.0216435 -9.97531e-24)
(0.0212835 0.0230849 9.97531e-24)
(0.0197281 0.0244275 9.97531e-24)
(0.0180883 0.0256655 0)
(0.0163709 0.0267936 0)
(0.0145835 0.0278069 0)
(0.0127336 0.0287012 -9.97531e-24)
(0.0108292 0.0294726 0)
(0.00887841 0.0301177 4.98765e-24)
(0.00688961 0.0306339 -4.98765e-24)
(0.00738268 0.0385697 -9.55089e-34)
(0.0103358 0.0539976 4.27586e-33)
(0.0132888 0.0694255 -7.64071e-34)
(0.0162419 0.0848533 3.82036e-34)
(0.019195 0.100281 -5.73053e-33)
(0.022148 0.115709 0)
(0.00738268 0.0385697 0)
(0.0103358 0.0539976 2.49793e-34)
(0.0132888 0.0694255 3.73219e-33)
(0.0162419 0.0848533 6.43583e-33)
(0.019195 0.100281 0)
(0.022148 0.115709 -1.11966e-32)
(0.0048713 0.0310189 -4.98765e-24)
(0.00283214 0.0312711 0)
(0.000780845 0.0313894 0)
(-0.00127379 0.0313732 0)
(-0.00332297 0.0312228 0)
(-0.00535792 0.0309386 4.98765e-24)
(-0.00736993 0.0305219 0)
(-0.00935038 0.0299746 0)
(-0.0112908 0.0292988 0)
(-0.0131829 0.0284976 0)
(-0.0150185 0.0275744 0)
(-0.0167898 0.0265331 0)
(-0.0184892 0.0253782 -9.97531e-24)
(-0.0201094 0.0241146 0)
(-0.0216435 0.0227478 -9.97531e-24)
(-0.0230849 0.0212835 9.97531e-24)
(-0.0244275 0.0197281 9.97531e-24)
(-0.0256655 0.0180883 0)
(-0.0267936 0.0163709 0)
(-0.0278069 0.0145835 0)
(-0.0287012 0.0127336 -9.97531e-24)
(-0.0294726 0.0108292 0)
(-0.0301177 0.00887841 4.98765e-24)
(-0.0306339 0.00688961 4.98765e-24)
(-0.0385697 0.00738268 5.43666e-34)
(-0.0539976 0.0103358 2.05712e-33)
(-0.0694255 0.0132888 -7.64071e-34)
(-0.0848533 0.0162419 3.43832e-33)
(-0.100281 0.019195 -7.31745e-33)
(-0.115709 0.022148 7.93459e-34)
)
;
    }
    freestream
    {
        type            freestreamVelocity;
        freestreamValue uniform (1 0 0);
        value           nonuniform List<vector> 
96
(
(1.03241 0.0391826 0)
(1.02528 0.0376077 0)
(1.01939 0.0358669 -3.61184e-22)
(1.0134 0.0340712 -2.62908e-21)
(1.00841 0.0346712 -2.22919e-20)
(1.00472 0.0304583 -2.39284e-20)
(1.00224 0.0259614 -5.31394e-22)
(1.00033 0.0216564 9.91158e-21)
(0.999013 0.0177331 3.89494e-20)
(0.998196 0.0142594 1.88508e-20)
(0.997784 0.0112536 7.00384e-20)
(0.997675 0.00870819 7.26937e-22)
(0.997779 0.00659847 -1.34147e-19)
(0.998016 0.00488789 5.61053e-20)
(0.998325 0.00353249 0)
(0.998656 0.00248455 -7.67636e-20)
(0.998974 0.0016955 3.53275e-20)
(0.999257 0.0011182 0)
(0.999491 0.000708424 0)
(0.999669 0.000425943 -2.2992e-20)
(0.999796 0.000237581 7.34894e-21)
(0.999889 0.000123176 4.03242e-21)
(0.99995 5.95648e-05 -4.53079e-21)
(0.999982 2.51453e-05 0)
(0.999995 8.54399e-06 0)
(0.999999 1.83425e-06 0)
(1 7.26931e-08 -2.22985e-25)
(1 1.90904e-08 -8.73334e-24)
(0.999999 -1.17961e-06 -2.55558e-22)
(0.999993 -7.34433e-06 -9.94318e-22)
(0.999975 -2.46227e-05 4.94648e-24)
(0.999935 -6.26039e-05 1.02653e-21)
(0.999866 -0.000137597 5.9476e-21)
(0.999764 -0.000270856 3.99183e-21)
(0.999624 -0.0004878 2.07533e-20)
(0.999432 -0.000814461 -1.58344e-22)
(0.999194 -0.00128924 -7.61411e-20)
(0.998924 -0.0019541 4.25734e-20)
(0.998645 -0.00285406 0)
(0.998393 -0.00403433 -9.02994e-20)
(0.998221 -0.00553738 5.48182e-20)
(0.998196 -0.0073989 0)
(0.998398 -0.00964294 0)
(0.99892 -0.0122766 -6.66956e-20)
(0.999862 -0.0152837 3.74434e-20)
(1.00132 -0.018619 2.84876e-20)
(1.00337 -0.0222048 -4.85028e-20)
(1.00605 -0.0259059 0)
(1.00945 -0.0294245 0)
(1.01415 -0.0318801 0)
(1.02087 -0.0317651 -2.81093e-22)
(1.02657 -0.0293425 -1.70143e-21)
(1.03242 -0.0268612 -1.55943e-20)
(1.03888 -0.0239791 -1.14682e-20)
(1.04597 -0.020312 1.09562e-21)
(1.0536 -0.0156234 5.52168e-21)
(1.06174 -0.00975032 1.73831e-20)
(1.07038 -0.00254495 5.96244e-21)
(1.07953 0.00613214 1.98071e-20)
(1.08923 0.0164054 -1.43248e-21)
(1.09953 0.0283775 -1.82499e-20)
(1.11054 0.0421169 3.86216e-21)
(1.1224 0.0576456 0)
(1.13519 0.0748982 1.07146e-21)
(1.14871 0.0936039 -3.01803e-21)
(1.16216 0.113237 0)
(1.17319 0.132753 0)
(1.17652 0.150376 -4.69323e-22)
(1.16326 0.163718 -5.519e-22)
(1.12107 0.170714 1.05929e-21)
(1.03672 0.170645 -1.27449e-21)
(0.903842 0.164722 0)
(0.735788 0.154565 0)
(0.566601 0.139106 0)
(0.429673 0.115783 1.39967e-23)
(0.366596 0.0924945 -1.28566e-23)
(0.360025 0.07403 -1.08512e-21)
(0.417702 0.0561222 -1.14843e-21)
(0.540772 0.0470757 -1.93911e-22)
(0.709311 0.0424849 1.31838e-21)
(0.896362 0.0449242 7.72996e-21)
(1.08324 0.0537079 3.95325e-21)
(1.23253 0.0615552 1.80331e-20)
(1.28172 0.0621727 6.15371e-22)
(1.28445 0.0577982 -3.13312e-20)
(1.26597 0.0495583 8.19692e-21)
(1.23156 0.0429626 0)
(1.19558 0.0405906 -3.58896e-20)
(1.16415 0.0397409 3.6879e-20)
(1.13679 0.0401375 0)
(1.11396 0.04124 0)
(1.09449 0.0422047 -2.73912e-20)
(1.0777 0.0424823 2.79248e-20)
(1.06343 0.0422837 2.28735e-20)
(1.05131 0.0416472 -4.24707e-20)
(1.04104 0.040572 0)
)
;
    }
    frontAndBack
    {
        type            empty;
    }
}


// ************************************************************************* //
