/*--------------------------------*- C++ -*----------------------------------*\
  =========                 |
  \\      /  F ield         | OpenFOAM: The Open Source CFD Toolbox
   \\    /   O peration     | Website:  https://openfoam.org
    \\  /    A nd           | Version:  11
     \\/     M anipulation  |
\*---------------------------------------------------------------------------*/
FoamFile
{
    format      ascii;
    class       surfaceScalarField;
    location    "0.88";
    object      phi;
}
// * * * * * * * * * * * * * * * * * * * * * * * * * * * * * * * * * * * * * //

dimensions      [0 3 -1 0 0 0 0];

internalField   nonuniform List<scalar> 
5640
(
-2.28587e-07
2.28587e-07
-4.51188e-07
2.22601e-07
-5.32328e-07
8.11403e-08
-2.6902e-07
-2.63308e-07
1.78978e-06
-2.0588e-06
-4.58406e-06
6.37384e-06
-2.32061e-07
4.60648e-07
-3.72408e-07
3.62948e-07
-3.34049e-07
4.27805e-08
1.11119e-07
-7.08476e-07
1.22122e-06
-3.1689e-06
-6.8179e-06
3.45505e-06
-2.0506e-07
6.65708e-07
-2.88053e-07
4.4594e-07
-2.01321e-07
-4.39511e-08
2.20484e-07
-1.13028e-06
8.90501e-07
-3.83891e-06
-7.7608e-06
1.8334e-06
-1.71798e-07
8.37506e-07
-2.22533e-07
4.96676e-07
-1.35984e-07
-1.305e-07
1.71049e-07
-1.43731e-06
5.09762e-07
-4.17763e-06
-7.93665e-06
6.85608e-07
-1.37502e-07
9.75008e-07
-1.74301e-07
5.33475e-07
-1.18734e-07
-1.86068e-07
4.20341e-08
-1.59808e-06
9.59797e-08
-4.23157e-06
-7.60668e-06
-2.33984e-07
-1.055e-07
1.08051e-06
-1.4038e-07
5.68355e-07
-1.33112e-07
-1.93336e-07
-1.23102e-07
-1.60809e-06
-3.36586e-07
-4.01809e-06
-6.97381e-06
-9.69458e-07
-7.72815e-08
1.15779e-06
-1.1723e-07
6.08304e-07
-1.65634e-07
-1.44933e-07
-2.99418e-07
-1.47431e-06
-7.28598e-07
-3.58891e-06
-6.08933e-06
-1.61307e-06
-5.29384e-08
1.21073e-06
-1.00976e-07
6.56341e-07
-2.04751e-07
-4.11575e-08
-4.65632e-07
-1.21343e-06
-1.06988e-06
-2.98466e-06
-5.02026e-06
-2.13895e-06
-3.1786e-08
1.24251e-06
-8.77666e-08
7.12321e-07
-2.40653e-07
1.11729e-07
-6.06326e-07
-8.47753e-07
-1.34713e-06
-2.24386e-06
-3.81881e-06
-2.54858e-06
-1.26009e-08
1.25512e-06
-7.39879e-08
7.73708e-07
-2.65321e-07
3.03063e-07
-7.10287e-07
-4.02788e-07
-1.55082e-06
-1.40332e-06
-2.52564e-06
-2.84399e-06
5.31768e-09
1.2498e-06
-5.66438e-08
8.3567e-07
-2.72616e-07
5.19035e-07
-7.6955e-07
9.41463e-08
-1.67481e-06
-4.98066e-07
-1.17419e-06
-3.02626e-06
2.25604e-08
1.22724e-06
-3.35587e-08
8.91789e-07
-2.58328e-07
7.43804e-07
-7.78913e-07
6.14731e-07
-1.71521e-06
4.3823e-07
2.06418e-07
-3.09582e-06
4.06016e-08
1.18664e-06
-3.56758e-09
9.35958e-07
-2.202e-07
9.60437e-07
-7.35601e-07
1.13013e-06
-1.66981e-06
1.37244e-06
1.58911e-06
-3.0525e-06
5.92924e-08
1.12734e-06
3.36547e-08
9.61596e-07
-1.57945e-07
1.15204e-06
-6.39111e-07
1.6113e-06
-1.53781e-06
2.27114e-06
2.94684e-06
-2.89555e-06
7.82666e-08
1.04908e-06
7.69232e-08
9.62939e-07
-7.33097e-08
1.30227e-06
-4.91227e-07
2.02922e-06
-1.3198e-06
3.09971e-06
4.25065e-06
-2.6236e-06
9.67404e-08
9.52336e-07
1.242e-07
9.35479e-07
2.99449e-08
1.39653e-06
-2.9627e-07
2.35543e-06
-1.01801e-06
3.82145e-06
5.46716e-06
-2.23452e-06
1.1355e-07
8.38786e-07
1.72368e-07
8.76661e-07
1.45741e-07
1.42315e-06
-6.15547e-08
2.56273e-06
-6.36793e-07
4.39669e-06
6.55559e-06
-1.72522e-06
1.27266e-07
7.11521e-07
2.17483e-07
7.86444e-07
2.66195e-07
1.37444e-06
2.02568e-07
2.62635e-06
-1.82817e-07
4.78207e-06
7.46475e-06
-1.09198e-06
1.3636e-07
5.75161e-07
2.54995e-07
6.67808e-07
3.81172e-07
1.24826e-06
4.81012e-07
2.52651e-06
3.30497e-07
4.93259e-06
8.13642e-06
-3.41176e-07
1.39433e-07
4.35728e-07
2.80197e-07
5.27043e-07
4.78648e-07
1.04981e-06
7.53452e-07
2.25171e-06
8.84074e-07
4.80197e-06
8.46664e-06
5.53857e-07
1.35497e-07
3.00231e-07
2.88548e-07
3.73992e-07
5.44651e-07
7.9371e-07
9.91975e-07
1.80439e-06
1.44954e-06
4.3444e-06
8.28327e-06
1.6329e-06
1.24299e-07
1.75932e-07
2.76027e-07
2.22264e-07
5.63391e-07
5.06347e-07
1.15536e-06
1.21242e-06
1.97677e-06
3.523e-06
7.29854e-06
2.9615e-06
1.05483e-07
7.04488e-08
2.38179e-07
8.95684e-08
5.17185e-07
2.27341e-07
1.17975e-06
5.49847e-07
2.45178e-06
2.25097e-06
4.91438e-06
4.83594e-06
7.04488e-08
1.60017e-07
3.87358e-07
9.37206e-07
3.18818e-06
8.10256e-06
1.19889e-06
-2.74524e-05
3.26273e-05
-2.3903e-06
-3.25335e-05
3.61227e-05
-5.3362e-06
-3.44227e-05
3.73686e-05
-8.02457e-06
-3.48988e-05
3.75872e-05
-1.05608e-05
-3.50012e-05
3.75374e-05
-1.29778e-05
-3.50721e-05
3.74891e-05
-1.5299e-05
-3.52533e-05
3.75745e-05
-1.75468e-05
-3.556e-05
3.78079e-05
-1.97396e-05
-3.59563e-05
3.81491e-05
-2.18897e-05
-3.64022e-05
3.85523e-05
-2.40049e-05
-3.68672e-05
3.89824e-05
-2.6089e-05
-3.73348e-05
3.9419e-05
-2.81439e-05
-3.77972e-05
3.9852e-05
-3.01699e-05
-3.82495e-05
4.02756e-05
-3.2167e-05
-3.86883e-05
4.06854e-05
-3.41347e-05
-3.91101e-05
4.10778e-05
-3.60721e-05
-3.95127e-05
4.14502e-05
-3.79779e-05
-3.98951e-05
4.18009e-05
-3.98501e-05
-4.02583e-05
4.21306e-05
-4.16861e-05
-4.06054e-05
4.24414e-05
-4.3483e-05
-4.094e-05
4.27368e-05
-4.52378e-05
-4.12653e-05
4.30202e-05
-4.69485e-05
-4.15887e-05
4.32994e-05
-4.20041e-05
4.36756e-05
2.94011e-07
-2.42913e-05
-3.0071e-06
-2.92324e-05
-6.0443e-06
-3.13855e-05
-8.86945e-06
-3.20737e-05
-1.15338e-05
-3.23368e-05
-1.40678e-05
-3.25381e-05
-1.64999e-05
-3.28212e-05
-1.88561e-05
-3.32039e-05
-2.11557e-05
-3.36567e-05
-2.34115e-05
-3.41464e-05
-2.56309e-05
-3.46478e-05
-2.78174e-05
-3.51483e-05
-2.99726e-05
-3.56419e-05
-3.20971e-05
-3.6125e-05
-3.41908e-05
-3.65946e-05
-3.62532e-05
-3.70478e-05
-3.82833e-05
-3.74826e-05
-4.02799e-05
-3.78985e-05
-4.22408e-05
-3.82974e-05
-4.41635e-05
-3.86827e-05
-4.60456e-05
-3.9058e-05
-4.78849e-05
-3.9426e-05
-4.96808e-05
-3.97929e-05
-4.02441e-05
-7.42258e-07
-2.17157e-05
-3.78014e-06
-2.61945e-05
-6.82098e-06
-2.83447e-05
-9.7172e-06
-2.91775e-05
-1.24676e-05
-2.95864e-05
-1.50912e-05
-2.99144e-05
-1.76152e-05
-3.02972e-05
-2.00651e-05
-3.0754e-05
-2.24594e-05
-3.12623e-05
-2.481e-05
-3.17958e-05
-2.71233e-05
-3.23345e-05
-2.94026e-05
-3.2869e-05
-3.16492e-05
-3.33953e-05
-3.38635e-05
-3.39107e-05
-3.60454e-05
-3.44127e-05
-3.81944e-05
-3.48988e-05
-4.03095e-05
-3.53675e-05
-4.23891e-05
-3.58189e-05
-4.44313e-05
-3.62553e-05
-4.64335e-05
-3.66805e-05
-4.83936e-05
-3.70979e-05
-5.031e-05
-3.75096e-05
-5.21827e-05
-3.79202e-05
-3.84004e-05
-1.69376e-06
-1.93363e-05
-4.59726e-06
-2.32911e-05
-7.61402e-06
-2.53279e-05
-1.05426e-05
-2.62489e-05
-1.33487e-05
-2.67804e-05
-1.604e-05
-2.72231e-05
-1.86392e-05
-2.7698e-05
-2.1169e-05
-2.82242e-05
-2.3646e-05
-2.87854e-05
-2.60802e-05
-2.93616e-05
-2.84772e-05
-2.99375e-05
-3.08394e-05
-3.05068e-05
-3.31678e-05
-3.10669e-05
-3.54628e-05
-3.16157e-05
-3.77242e-05
-3.21513e-05
-3.99512e-05
-3.26718e-05
-4.21428e-05
-3.31759e-05
-4.42975e-05
-3.36643e-05
-4.6413e-05
-3.41397e-05
-4.84873e-05
-3.46061e-05
-5.05186e-05
-3.50666e-05
-5.25056e-05
-3.55226e-05
-5.44477e-05
-3.59781e-05
-3.64816e-05
-2.54849e-06
-1.70218e-05
-5.38777e-06
-2.04518e-05
-8.37852e-06
-2.23372e-05
-1.13199e-05
-2.33075e-05
-1.41622e-05
-2.39381e-05
-1.69047e-05
-2.44806e-05
-1.95651e-05
-2.50375e-05
-2.21624e-05
-2.56269e-05
-2.47104e-05
-2.62374e-05
-2.72173e-05
-2.68547e-05
-2.96874e-05
-2.74675e-05
-3.21223e-05
-2.80719e-05
-3.45229e-05
-2.86663e-05
-3.68891e-05
-2.92495e-05
-3.92207e-05
-2.98198e-05
-4.15167e-05
-3.03758e-05
-4.3776e-05
-3.09166e-05
-4.59968e-05
-3.14434e-05
-4.81774e-05
-3.19591e-05
-5.0316e-05
-3.24675e-05
-5.24115e-05
-3.29711e-05
-5.44631e-05
-3.34711e-05
-5.64698e-05
-3.39714e-05
-3.44981e-05
-3.30712e-06
-1.46841e-05
-6.11508e-06
-1.76438e-05
-9.08339e-06
-1.93689e-05
-1.20284e-05
-2.03625e-05
-1.48946e-05
-2.10719e-05
-1.76761e-05
-2.16991e-05
-2.0386e-05
-2.23276e-05
-2.30395e-05
-2.29734e-05
-2.56474e-05
-2.36295e-05
-2.82163e-05
-2.42858e-05
-3.0749e-05
-2.49348e-05
-3.32466e-05
-2.55742e-05
-3.57094e-05
-2.62035e-05
-3.81372e-05
-2.68217e-05
-4.05295e-05
-2.74276e-05
-4.28851e-05
-2.80201e-05
-4.52028e-05
-2.85989e-05
-4.74809e-05
-2.91653e-05
-4.97179e-05
-2.97222e-05
-5.19127e-05
-3.02727e-05
-5.4065e-05
-3.08189e-05
-5.61746e-05
-3.13614e-05
-5.82416e-05
-3.19045e-05
-3.24602e-05
-3.96621e-06
-1.2331e-05
-6.75708e-06
-1.48529e-05
-9.70779e-06
-1.64182e-05
-1.26523e-05
-1.7418e-05
-1.55347e-05
-1.81895e-05
-1.83459e-05
-1.88879e-05
-2.10953e-05
-1.95781e-05
-2.37947e-05
-2.0274e-05
-2.64521e-05
-2.09721e-05
-2.90725e-05
-2.16654e-05
-3.16576e-05
-2.23497e-05
-3.42077e-05
-2.30241e-05
-3.67229e-05
-2.36883e-05
-3.92026e-05
-2.4342e-05
-4.1646e-05
-2.49842e-05
-4.40519e-05
-2.56142e-05
-4.64189e-05
-2.6232e-05
-4.87454e-05
-2.68389e-05
-5.10302e-05
-2.74373e-05
-5.3273e-05
-2.80299e-05
-5.5474e-05
-2.86178e-05
-5.76337e-05
-2.92017e-05
-5.97532e-05
-2.9785e-05
-3.0375e-05
-4.51728e-06
-9.95266e-06
-7.30013e-06
-1.20701e-05
-1.02377e-05
-1.34805e-05
-1.31803e-05
-1.44755e-05
-1.60736e-05
-1.52962e-05
-1.8907e-05
-1.60544e-05
-2.16872e-05
-1.67979e-05
-2.44228e-05
-1.75384e-05
-2.71199e-05
-1.82751e-05
-2.97817e-05
-1.90036e-05
-3.24091e-05
-1.97223e-05
-3.50017e-05
-2.04314e-05
-3.75594e-05
-2.11307e-05
-4.00813e-05
-2.18201e-05
-4.25665e-05
-2.2499e-05
-4.50135e-05
-2.31672e-05
-4.74207e-05
-2.38247e-05
-4.97869e-05
-2.44727e-05
-5.21113e-05
-2.5113e-05
-5.43938e-05
-2.57473e-05
-5.66352e-05
-2.63765e-05
-5.88359e-05
-2.70009e-05
-6.09976e-05
-2.76233e-05
-2.82493e-05
-4.95456e-06
-7.54668e-06
-7.73538e-06
-9.28927e-06
-1.06639e-05
-1.0552e-05
-1.36041e-05
-1.15352e-05
-1.65046e-05
-1.23957e-05
-1.93541e-05
-1.3205e-05
-2.21569e-05
-1.39951e-05
-2.49198e-05
-1.47755e-05
-2.76471e-05
-1.55478e-05
-3.03405e-05
-1.63102e-05
-3.3e-05
-1.70628e-05
-3.56253e-05
-1.78061e-05
-3.82156e-05
-1.85404e-05
-4.07701e-05
-1.92656e-05
-4.32875e-05
-1.99816e-05
-4.57664e-05
-2.06883e-05
-4.82051e-05
-2.1386e-05
-5.06023e-05
-2.20755e-05
-5.29576e-05
-2.27576e-05
-5.52714e-05
-2.34335e-05
-5.75443e-05
-2.41036e-05
-5.97771e-05
-2.47682e-05
-6.1971e-05
-2.54293e-05
-2.60914e-05
-5.27508e-06
-5.11558e-06
-8.05739e-06
-6.50696e-06
-1.09802e-05
-7.62918e-06
-1.39183e-05
-8.59713e-06
-1.6823e-05
-9.49103e-06
-1.96829e-05
-1.03452e-05
-2.2501e-05
-1.11769e-05
-2.52825e-05
-1.1994e-05
-2.80305e-05
-1.27998e-05
-3.07457e-05
-1.3595e-05
-3.34277e-05
-1.43808e-05
-3.60756e-05
-1.51582e-05
-3.86888e-05
-1.59272e-05
-4.12662e-05
-1.66882e-05
-4.38064e-05
-1.74413e-05
-4.63078e-05
-1.81869e-05
-4.87688e-05
-1.89251e-05
-5.11882e-05
-1.96561e-05
-5.35658e-05
-2.03801e-05
-5.5902e-05
-2.10973e-05
-5.81977e-05
-2.1808e-05
-6.04534e-05
-2.25124e-05
-6.26704e-05
-2.32123e-05
-2.39103e-05
-5.47737e-06
-2.66447e-06
-8.26309e-06
-3.72125e-06
-1.11831e-05
-4.70913e-06
-1.41195e-05
-5.66078e-06
-1.70257e-05
-6.58478e-06
-1.98908e-05
-7.48014e-06
-2.2717e-05
-8.35071e-06
-2.55086e-05
-9.20236e-06
-2.82681e-05
-1.00404e-05
-3.09955e-05
-1.08676e-05
-3.369e-05
-1.16863e-05
-3.63508e-05
-1.24973e-05
-3.8977e-05
-1.33009e-05
-4.15676e-05
-1.40976e-05
-4.41211e-05
-1.48879e-05
-4.66356e-05
-1.56723e-05
-4.91097e-05
-1.6451e-05
-5.15424e-05
-1.72234e-05
-5.39333e-05
-1.79891e-05
-5.62832e-05
-1.87474e-05
-5.85926e-05
-1.94985e-05
-6.08622e-05
-2.02428e-05
-6.30933e-05
-2.09812e-05
-2.17151e-05
-5.56073e-06
-1.99563e-07
-8.35101e-06
-9.30965e-07
-1.12709e-05
-1.78925e-06
-1.42059e-05
-2.72575e-06
-1.71113e-05
-3.67943e-06
-1.99764e-05
-4.61504e-06
-2.28036e-05
-5.52344e-06
-2.5597e-05
-6.40895e-06
-2.83588e-05
-7.27866e-06
-3.10887e-05
-8.1377e-06
-3.3786e-05
-8.989e-06
-3.645e-05
-9.83338e-06
-3.90796e-05
-1.06713e-05
-4.16736e-05
-1.15035e-05
-4.42306e-05
-1.23309e-05
-4.67488e-05
-1.31541e-05
-4.92267e-05
-1.3973e-05
-5.16634e-05
-1.47867e-05
-5.40588e-05
-1.55937e-05
-5.64132e-05
-1.6393e-05
-5.87275e-05
-1.71843e-05
-6.10021e-05
-1.79682e-05
-6.3238e-05
-1.87452e-05
-1.95151e-05
-5.52485e-06
2.27279e-06
-8.32086e-06
1.86505e-06
-1.12433e-05
1.13315e-06
-1.41775e-05
2.08505e-07
-1.70796e-05
-7.7737e-07
-1.99397e-05
-1.7549e-06
-2.2761e-05
-2.70214e-06
-2.55479e-05
-3.62207e-06
-2.83028e-05
-4.52376e-06
-3.10258e-05
-5.41469e-06
-3.37163e-05
-6.29852e-06
-3.63735e-05
-7.17621e-06
-3.89964e-05
-8.04844e-06
-4.15838e-05
-8.91614e-06
-4.41344e-05
-9.78033e-06
-4.66467e-05
-1.06418e-05
-4.91192e-05
-1.15005e-05
-5.1551e-05
-1.23549e-05
-5.39418e-05
-1.3203e-05
-5.62919e-05
-1.40428e-05
-5.8602e-05
-1.48742e-05
-6.08724e-05
-1.56978e-05
-6.31042e-05
-1.65134e-05
-1.73193e-05
-5.3697e-06
4.74694e-06
-8.17327e-06
4.66862e-06
-1.11013e-05
4.06122e-06
-1.40356e-05
3.14281e-06
-1.69321e-05
2.11914e-06
-1.97824e-05
1.09531e-06
-2.25907e-05
1.06242e-07
-2.53628e-05
-8.50046e-07
-2.81017e-05
-1.78485e-06
-3.08081e-05
-2.70825e-06
-3.34817e-05
-3.62493e-06
-3.61218e-05
-4.5361e-06
-3.87277e-05
-5.44253e-06
-4.12986e-05
-6.34529e-06
-4.38332e-05
-7.2457e-06
-4.63302e-05
-8.14485e-06
-4.8788e-05
-9.04262e-06
-5.12058e-05
-9.9372e-06
-5.3583e-05
-1.08257e-05
-5.59198e-05
-1.1706e-05
-5.82167e-05
-1.25774e-05
-6.0474e-05
-1.34405e-05
-6.26925e-05
-1.42948e-05
-1.5137e-05
-5.09556e-06
7.21889e-06
-7.90982e-06
7.48289e-06
-1.08475e-05
6.99893e-06
-1.37831e-05
6.07833e-06
-1.66718e-05
5.00792e-06
-1.95071e-05
3.93052e-06
-2.22953e-05
2.89453e-06
-2.5044e-05
1.89857e-06
-2.77574e-05
9.28625e-07
-3.04373e-05
-2.83951e-08
-3.30838e-05
-9.78467e-07
-3.56967e-05
-1.92317e-06
-3.82757e-05
-2.86349e-06
-4.08202e-05
-3.80078e-06
-4.33292e-05
-4.73679e-06
-4.58012e-05
-5.67284e-06
-4.82349e-05
-6.60884e-06
-5.06294e-05
-7.54275e-06
-5.29839e-05
-8.47122e-06
-5.52985e-05
-9.39145e-06
-5.75731e-05
-1.03027e-05
-5.98083e-05
-1.12054e-05
-6.20046e-05
-1.20985e-05
-1.29773e-05
-4.70298e-06
9.68735e-06
-7.53322e-06
1.03131e-05
-1.04858e-05
9.95154e-06
-1.34242e-05
9.01669e-06
-1.6303e-05
7.88674e-06
-1.91179e-05
6.74538e-06
-2.18786e-05
5.65524e-06
-2.45949e-05
4.61491e-06
-2.72733e-05
3.60698e-06
-2.99165e-05
2.61486e-06
-3.25258e-05
1.63079e-06
-3.51015e-05
6.52542e-07
-3.76437e-05
-3.21323e-07
-4.01518e-05
-1.29263e-06
-4.26251e-05
-2.26348e-06
-4.50625e-05
-3.23549e-06
-4.74627e-05
-4.20867e-06
-4.98245e-05
-5.18088e-06
-5.21473e-05
-6.14849e-06
-5.44304e-05
-7.10827e-06
-5.6674e-05
-8.05908e-06
-5.88781e-05
-9.00137e-06
-6.10432e-05
-9.93341e-06
-1.08492e-05
-4.19337e-06
1.21555e-05
-7.04779e-06
1.31675e-05
-1.00221e-05
1.29258e-05
-1.29652e-05
1.19599e-05
-1.58317e-05
1.07532e-05
-1.86204e-05
9.53412e-06
-2.13456e-05
8.38045e-06
-2.40205e-05
7.28976e-06
-2.66538e-05
6.24031e-06
-2.92503e-05
5.21136e-06
-3.18121e-05
4.19264e-06
-3.43404e-05
3.18081e-06
-3.68355e-05
2.17374e-06
-3.92972e-05
1.16908e-06
-4.17249e-05
1.64283e-07
-4.41179e-05
-8.42541e-07
-4.64749e-05
-1.85164e-06
-4.87948e-05
-2.86096e-06
-5.10766e-05
-3.86675e-06
-5.33194e-05
-4.86544e-06
-5.55229e-05
-5.85552e-06
-5.76871e-05
-6.83722e-06
-5.98122e-05
-7.80829e-06
-8.76162e-06
-3.5698e-06
1.46333e-05
-6.46022e-06
1.6058e-05
-9.46482e-06
1.59305e-05
-1.24148e-05
1.49098e-05
-1.52657e-05
1.3604e-05
-1.80217e-05
1.22901e-05
-2.07028e-05
1.10616e-05
-2.33265e-05
9.91343e-06
-2.59045e-05
8.81834e-06
-2.84438e-05
7.75062e-06
-3.09477e-05
6.69656e-06
-3.34181e-05
5.65118e-06
-3.58557e-05
4.61141e-06
-3.82609e-05
3.57421e-06
-4.06332e-05
2.53658e-06
-4.2972e-05
1.49625e-06
-4.52763e-05
4.52673e-07
-4.75449e-05
-5.92356e-07
-4.97765e-05
-1.63515e-06
-5.197e-05
-2.67193e-06
-5.41247e-05
-3.70082e-06
-5.62402e-05
-4.72172e-06
-5.83166e-05
-5.73186e-06
-6.72313e-06
-2.83801e-06
1.71302e-05
-5.78066e-06
1.90006e-05
-8.82622e-06
1.8976e-05
-1.17844e-05
1.7868e-05
-1.46151e-05
1.64347e-05
-1.73304e-05
1.50055e-05
-1.99578e-05
1.36889e-05
-2.25198e-05
1.24755e-05
-2.50317e-05
1.13303e-05
-2.75029e-05
1.02218e-05
-2.99381e-05
9.1318e-06
-3.234e-05
8.05309e-06
-3.47099e-05
6.98132e-06
-3.70484e-05
5.91266e-06
-3.93553e-05
4.84352e-06
-4.16303e-05
3.7712e-06
-4.38723e-05
2.69476e-06
-4.60803e-05
1.61562e-06
-4.82527e-05
5.37216e-07
-5.0388e-05
-5.3663e-07
-5.24851e-05
-1.60371e-06
-5.45433e-05
-2.66352e-06
-5.65624e-05
-3.71273e-06
-4.74223e-06
-2.00373e-06
1.96878e-05
-5.02469e-06
2.20216e-05
-8.12377e-06
2.20751e-05
-1.10892e-05
2.08334e-05
-1.38923e-05
1.92378e-05
-1.65567e-05
1.76699e-05
-1.9119e-05
1.62511e-05
-2.16079e-05
1.49644e-05
-2.40423e-05
1.37647e-05
-2.64341e-05
1.26135e-05
-2.87896e-05
1.14873e-05
-3.11123e-05
1.03758e-05
-3.34041e-05
9.27308e-06
-3.56657e-05
8.1743e-06
-3.78975e-05
7.07524e-06
-4.0099e-05
5.97269e-06
-4.22694e-05
4.86523e-06
-4.44076e-05
3.75379e-06
-4.65118e-05
2.64138e-06
-4.85801e-05
1.53171e-06
-5.0611e-05
4.27193e-07
-5.26032e-05
-6.71297e-07
-5.45562e-05
-1.75976e-06
-2.82673e-06
-1.07022e-06
2.23909e-05
-4.21701e-06
2.51684e-05
-7.38329e-06
2.52414e-05
-1.03495e-05
2.37996e-05
-1.31124e-05
2.20007e-05
-1.57121e-05
2.02696e-05
-1.81957e-05
1.87348e-05
-2.05986e-05
1.73673e-05
-2.29434e-05
1.61094e-05
-2.52442e-05
1.49143e-05
-2.75088e-05
1.3752e-05
-2.97415e-05
1.26086e-05
-3.19447e-05
1.14763e-05
-3.41195e-05
1.03491e-05
-3.62662e-05
9.22199e-06
-3.83848e-05
8.09124e-06
-4.04744e-05
6.95486e-06
-4.25338e-05
5.81317e-06
-4.4561e-05
4.66862e-06
-4.65539e-05
3.52459e-06
-4.85102e-05
2.38354e-06
-5.0428e-05
1.2465e-06
-5.2305e-05
1.17204e-07
-9.82994e-07
4.73418e-08
2.5305e-05
-3.40394e-06
2.86196e-05
-6.64459e-06
2.8482e-05
-9.59143e-06
2.67465e-05
-1.22927e-05
2.4702e-05
-1.48088e-05
2.27857e-05
-1.71975e-05
2.11235e-05
-1.95e-05
1.96698e-05
-2.17421e-05
1.83516e-05
-2.39398e-05
1.7112e-05
-2.61022e-05
1.59143e-05
-2.82341e-05
1.47405e-05
-3.03383e-05
1.35805e-05
-3.24163e-05
1.2427e-05
-3.44684e-05
1.12741e-05
-3.64946e-05
1.01175e-05
-3.84942e-05
8.95448e-06
-4.04659e-05
7.78481e-06
-4.24074e-05
6.6102e-06
-4.43164e-05
5.43352e-06
-4.61899e-05
4.25705e-06
-4.80251e-05
3.08172e-06
-4.98189e-05
1.91097e-06
7.83012e-07
9.3462e-07
2.92064e-05
-2.70426e-06
3.22585e-05
-5.96551e-06
3.17433e-05
-8.84777e-06
2.96287e-05
-1.14522e-05
2.73064e-05
-1.38589e-05
2.51924e-05
-1.6133e-05
2.33976e-05
-1.83191e-05
2.18559e-05
-2.0445e-05
2.04775e-05
-2.25274e-05
1.91944e-05
-2.45761e-05
1.7963e-05
-2.65966e-05
1.6761e-05
-2.85917e-05
1.55757e-05
-3.0563e-05
1.43983e-05
-3.25111e-05
1.32222e-05
-3.44358e-05
1.20422e-05
-3.63365e-05
1.08551e-05
-3.82116e-05
9.65994e-06
-4.0059e-05
8.45765e-06
-4.1876e-05
7.25046e-06
-4.36592e-05
6.04031e-06
-4.54056e-05
4.82807e-06
-4.71116e-05
3.61702e-06
2.46154e-06
1.83975e-06
3.54692e-05
-2.2403e-06
3.63386e-05
-5.41944e-06
3.49224e-05
-8.15188e-06
3.23612e-05
-1.06071e-05
2.97617e-05
-1.28717e-05
2.74569e-05
-1.50088e-05
2.55347e-05
-1.70617e-05
2.39088e-05
-1.90574e-05
2.24732e-05
-2.10124e-05
2.11493e-05
-2.29365e-05
1.98871e-05
-2.48353e-05
1.86597e-05
-2.67116e-05
1.7452e-05
-2.8567e-05
1.62537e-05
-3.04019e-05
1.50572e-05
-3.22163e-05
1.38566e-05
-3.40095e-05
1.26482e-05
-3.57798e-05
1.14303e-05
-3.75252e-05
1.0203e-05
-3.92426e-05
8.9679e-06
-4.09288e-05
7.72644e-06
-4.258e-05
6.4793e-06
-4.41925e-05
5.22952e-06
4.04512e-06
1.24654e-06
-1.24654e-06
2.65429e-06
-1.40774e-06
3.61756e-06
-9.63274e-07
4.50153e-06
-8.83966e-07
4.47527e-06
2.62569e-08
3.12218e-06
1.3531e-06
1.56349e-06
-2.81003e-06
2.90789e-06
-2.75215e-06
3.85327e-06
-1.90865e-06
4.29789e-06
-1.32859e-06
3.47818e-06
8.45976e-07
6.10719e-06
4.93166e-07
1.56595e-06
-4.37598e-06
2.75139e-06
-3.93759e-06
3.53761e-06
-2.69488e-06
3.64985e-06
-1.44082e-06
2.50912e-06
1.98671e-06
9.01016e-06
-3.93854e-07
1.4676e-06
-5.84358e-06
2.48463e-06
-4.95462e-06
3.08341e-06
-3.29366e-06
2.89759e-06
-1.255e-06
1.54561e-06
3.33868e-06
1.17456e-05
-1.18985e-06
1.31744e-06
-7.16102e-06
2.16028e-06
-5.79745e-06
2.5633e-06
-3.69668e-06
2.15362e-06
-8.45324e-07
7.02474e-07
4.78983e-06
1.40785e-05
-1.63037e-06
1.14235e-06
-8.30337e-06
1.80626e-06
-6.46136e-06
2.03169e-06
-3.9221e-06
1.47878e-06
-2.92416e-07
7.94539e-09
6.26066e-06
1.59132e-05
-1.82682e-06
9.50166e-07
-9.25354e-06
1.45341e-06
-6.9646e-06
1.52404e-06
-3.99274e-06
9.0467e-07
3.26958e-07
-3.70185e-07
7.53552e-06
1.73835e-05
-1.84046e-06
7.53548e-07
-1.00071e-05
1.10773e-06
-7.31879e-06
1.05728e-06
-3.94229e-06
4.26049e-07
9.58188e-07
-6.5979e-07
8.62136e-06
1.8456e-05
-1.73226e-06
5.55153e-07
-1.05622e-05
7.75413e-07
-7.53905e-06
6.38265e-07
-3.80514e-06
4.29098e-08
1.55354e-06
-8.32005e-07
9.49627e-06
1.91536e-05
-1.52962e-06
3.57436e-07
-1.09197e-05
4.60645e-07
-7.64226e-06
2.68138e-07
-3.61263e-06
-2.60582e-07
2.08226e-06
-9.02232e-07
1.01379e-05
1.95063e-05
-1.25494e-06
1.62093e-07
-1.10818e-05
1.65481e-07
-7.64565e-06
-5.48408e-08
-3.39231e-06
-4.86776e-07
2.5142e-06
-8.92439e-07
1.05436e-05
1.95437e-05
-9.29842e-07
-3.03433e-08
-1.10514e-05
-1.09306e-07
-7.56669e-06
-3.32975e-07
-3.16864e-06
-6.53218e-07
2.83444e-06
-8.24453e-07
1.07148e-05
1.92935e-05
-5.74209e-07
-2.06873e-07
-1.08446e-05
-3.64629e-07
-7.40893e-06
-5.77383e-07
-2.95589e-06
-7.74876e-07
3.03193e-06
-7.18915e-07
1.06589e-05
1.87751e-05
-2.00599e-07
-3.79415e-07
-1.04651e-05
-6.04027e-07
-7.18432e-06
-7.95063e-07
-2.76485e-06
-8.66665e-07
3.10354e-06
-5.95672e-07
1.03879e-05
1.80168e-05
1.62677e-07
-5.44157e-07
-9.92098e-06
-8.30571e-07
-6.8979e-06
-9.94976e-07
-2.60045e-06
-9.43163e-07
3.05172e-06
-4.71761e-07
9.91646e-06
1.70426e-05
5.02462e-07
-7.00453e-07
-9.22053e-06
-1.04784e-06
-6.55052e-06
-1.1863e-06
-2.46198e-06
-1.01803e-06
2.88345e-06
-3.62208e-07
9.26064e-06
1.58669e-05
8.13465e-07
-8.47666e-07
-8.37286e-06
-1.25945e-06
-6.13874e-06
-1.37827e-06
-2.34316e-06
-1.10442e-06
2.6096e-06
-2.81615e-07
8.43784e-06
1.45088e-05
1.07648e-06
-9.8456e-07
-7.3883e-06
-1.46868e-06
-5.65462e-06
-1.58029e-06
-2.23154e-06
-1.2157e-06
2.245e-06
-2.44006e-07
7.46615e-06
1.29879e-05
1.27691e-06
-1.10882e-06
-6.27948e-06
-1.67804e-06
-5.08541e-06
-1.802e-06
-2.10758e-06
-1.36714e-06
1.81014e-06
-2.67373e-07
6.36638e-06
1.13229e-05
1.39759e-06
-1.21628e-06
-5.0632e-06
-1.88877e-06
-4.41292e-06
-2.05276e-06
-1.94359e-06
-1.57603e-06
1.33341e-06
-3.72134e-07
5.16249e-06
9.52472e-06
1.42606e-06
-1.30056e-06
-3.76264e-06
-2.09991e-06
-3.61357e-06
-2.3409e-06
-1.7026e-06
-1.86156e-06
8.54079e-07
-5.81823e-07
3.88275e-06
7.58286e-06
1.36004e-06
-1.34455e-06
-2.41809e-06
-2.31442e-06
-2.6437e-06
-2.67404e-06
-1.34298e-06
-2.24451e-06
4.24549e-07
-9.25611e-07
2.56385e-06
5.43324e-06
1.224e-06
-1.32661e-06
-1.09147e-06
-2.52134e-06
-1.44898e-06
-3.05059e-06
-8.13729e-07
-2.73485e-06
1.08812e-07
-1.41672e-06
1.24571e-06
2.93812e-06
1.07841e-06
-1.09147e-06
-2.54045e-06
-3.35418e-06
-3.24537e-06
-1.99965e-06
9.38462e-07
1.15339e-06
3.56689e-05
-2.29264e-06
3.97846e-05
-5.05483e-06
3.76846e-05
-7.51635e-06
3.48227e-05
-9.76254e-06
3.20078e-05
-1.18503e-05
2.95447e-05
-1.38278e-05
2.75122e-05
-1.5731e-05
2.5812e-05
-1.75833e-05
2.43256e-05
-1.93996e-05
2.29656e-05
-2.11889e-05
2.16764e-05
-2.29564e-05
2.04272e-05
-2.47048e-05
1.92004e-05
-2.64355e-05
1.79844e-05
-2.81488e-05
1.67705e-05
-2.98447e-05
1.55525e-05
-3.15224e-05
1.43258e-05
-3.31802e-05
1.30882e-05
-3.48161e-05
1.18389e-05
-3.64271e-05
1.05788e-05
-3.80095e-05
9.30886e-06
-3.95595e-05
8.02934e-06
-4.10728e-05
6.74277e-06
5.5271e-06
-4.99596e-07
3.66616e-05
-2.61531e-06
4.19003e-05
-4.79019e-06
3.98595e-05
-6.90978e-06
3.69423e-05
-8.9051e-06
3.40032e-05
-1.07888e-05
3.14283e-05
-1.2588e-05
2.93114e-05
-1.43275e-05
2.75515e-05
-1.6025e-05
2.60231e-05
-1.76927e-05
2.46333e-05
-1.93381e-05
2.33218e-05
-2.09658e-05
2.20549e-05
-2.25781e-05
2.08127e-05
-2.41762e-05
1.95824e-05
-2.57603e-05
1.83546e-05
-2.73301e-05
1.71223e-05
-2.88849e-05
1.58806e-05
-3.04232e-05
1.46265e-05
-3.19428e-05
1.33585e-05
-3.34407e-05
1.20767e-05
-3.49133e-05
1.07814e-05
-3.63563e-05
9.4724e-06
-3.77649e-05
8.15131e-06
6.90146e-06
-1.45199e-06
3.77198e-05
-2.83695e-06
4.32853e-05
-4.51495e-06
4.15375e-05
-6.28077e-06
3.87081e-05
-8.00921e-06
3.57316e-05
-9.67505e-06
3.30942e-05
-1.12843e-05
3.09206e-05
-1.285e-05
2.91172e-05
-1.43839e-05
2.75571e-05
-1.58949e-05
2.61442e-05
-1.73889e-05
2.48158e-05
-1.88695e-05
2.35355e-05
-2.03386e-05
2.22818e-05
-2.1797e-05
2.10409e-05
-2.3245e-05
1.98025e-05
-2.4682e-05
1.85594e-05
-2.61074e-05
1.7306e-05
-2.75196e-05
1.60387e-05
-2.89166e-05
1.47555e-05
-3.02955e-05
1.34556e-05
-3.16525e-05
1.21384e-05
-3.29832e-05
1.08031e-05
-3.42818e-05
9.44997e-06
8.16278e-06
-1.96265e-06
3.84926e-05
-2.87327e-06
4.41959e-05
-4.15322e-06
4.28174e-05
-5.58817e-06
4.01431e-05
-7.05228e-06
3.71957e-05
-8.49711e-06
3.4539e-05
-9.91101e-06
3.23345e-05
-1.1297e-05
3.05031e-05
-1.26612e-05
2.89214e-05
-1.40095e-05
2.74925e-05
-1.53461e-05
2.61524e-05
-1.66736e-05
2.4863e-05
-1.79936e-05
2.36018e-05
-1.93065e-05
2.23537e-05
-2.06123e-05
2.11083e-05
-2.19106e-05
1.98577e-05
-2.32006e-05
1.8596e-05
-2.44809e-05
1.73191e-05
-2.57497e-05
1.60243e-05
-2.7004e-05
1.47099e-05
-2.82402e-05
1.33746e-05
-2.94534e-05
1.20163e-05
-3.06373e-05
1.06339e-05
9.30627e-06
-2.19163e-06
3.90538e-05
-2.73502e-06
4.47393e-05
-3.6808e-06
4.37632e-05
-4.81313e-06
4.12754e-05
-6.0215e-06
3.84041e-05
-7.24715e-06
3.57647e-05
-8.46454e-06
3.35519e-05
-9.66791e-06
3.17065e-05
-1.08588e-05
3.01122e-05
-1.20402e-05
2.86739e-05
-1.32149e-05
2.73271e-05
-1.43849e-05
2.60329e-05
-1.55509e-05
2.47678e-05
-1.67133e-05
2.35162e-05
-1.7872e-05
2.2267e-05
-1.90264e-05
2.10121e-05
-2.01759e-05
1.97455e-05
-2.13192e-05
1.84624e-05
-2.24545e-05
1.71596e-05
-2.35792e-05
1.58346e-05
-2.46896e-05
1.4485e-05
-2.57807e-05
1.31075e-05
-2.68454e-05
1.16985e-05
1.03278e-05
-2.18893e-06
3.94159e-05
-2.44778e-06
4.49981e-05
-3.09505e-06
4.44105e-05
-3.94886e-06
4.21292e-05
-4.9121e-06
3.93673e-05
-5.92249e-06
3.67751e-05
-6.94418e-06
3.45736e-05
-7.96406e-06
3.27264e-05
-8.97958e-06
3.11278e-05
-9.99154e-06
2.96859e-05
-1.10015e-05
2.8337e-05
-1.20104e-05
2.70419e-05
-1.3019e-05
2.57764e-05
-1.40272e-05
2.45243e-05
-1.50346e-05
2.32745e-05
-1.6041e-05
2.20185e-05
-1.70454e-05
2.07499e-05
-1.8047e-05
1.9464e-05
-1.90442e-05
1.81568e-05
-2.00344e-05
1.68249e-05
-2.10144e-05
1.5465e-05
-2.19792e-05
1.40722e-05
-2.29204e-05
1.26397e-05
1.12237e-05
-1.99574e-06
3.95712e-05
-2.02501e-06
4.50274e-05
-2.39947e-06
4.47849e-05
-2.99514e-06
4.27249e-05
-3.7245e-06
4.00967e-05
-4.52419e-06
3.75747e-05
-5.35183e-06
3.54012e-05
-6.18844e-06
3.3563e-05
-7.0279e-06
3.19672e-05
-7.8691e-06
3.05271e-05
-8.71244e-06
2.91804e-05
-9.55844e-06
2.78879e-05
-1.04072e-05
2.66251e-05
-1.12584e-05
2.53756e-05
-1.21118e-05
2.41278e-05
-1.29666e-05
2.28733e-05
-1.38224e-05
2.16057e-05
-1.46782e-05
2.03198e-05
-1.55326e-05
1.90112e-05
-1.63839e-05
1.76761e-05
-1.72289e-05
1.631e-05
-1.8063e-05
1.49063e-05
-1.8877e-05
1.34537e-05
1.19908e-05
-1.65895e-06
3.94979e-05
-1.47986e-06
4.48483e-05
-1.60367e-06
4.49087e-05
-1.95678e-06
4.3078e-05
-2.46206e-06
4.0602e-05
-3.05556e-06
3.81682e-05
-3.69128e-06
3.6037e-05
-4.3455e-06
3.42172e-05
-5.00908e-06
3.26308e-05
-5.67922e-06
3.11972e-05
-6.3554e-06
2.98566e-05
-7.03754e-06
2.85701e-05
-7.72536e-06
2.73129e-05
-8.41836e-06
2.60686e-05
-9.1159e-06
2.48253e-05
-9.81726e-06
2.35747e-05
-1.05217e-05
2.23101e-05
-1.12283e-05
2.10264e-05
-1.19361e-05
1.9719e-05
-1.26435e-05
1.83836e-05
-1.33486e-05
1.70151e-05
-1.40474e-05
1.56051e-05
-1.47303e-05
1.41366e-05
1.26256e-05
-1.21637e-06
3.91847e-05
-8.31022e-07
4.4463e-05
-7.19278e-07
4.4797e-05
-8.41147e-07
4.31999e-05
-1.13e-06
4.08908e-05
-1.52133e-06
3.85596e-05
-1.96765e-06
3.64833e-05
-2.44072e-06
3.46903e-05
-2.92922e-06
3.31193e-05
-3.42886e-06
3.16969e-05
-3.93828e-06
3.0366e-05
-4.4569e-06
2.90887e-05
-4.98411e-06
2.78401e-05
-5.51912e-06
2.66036e-05
-6.06099e-06
2.53672e-05
-6.60867e-06
2.41224e-05
-7.16107e-06
2.28625e-05
-7.71702e-06
2.15823e-05
-8.27522e-06
2.02772e-05
-8.83428e-06
1.89426e-05
-9.39302e-06
1.75738e-05
-9.95013e-06
1.61622e-05
-1.04978e-05
1.46843e-05
1.31234e-05
-6.9557e-07
3.86253e-05
-9.53152e-08
4.38627e-05
2.41853e-07
4.44598e-05
3.42248e-07
4.30995e-05
2.6273e-07
4.09703e-05
6.8956e-08
3.87533e-05
-1.87274e-07
3.67395e-05
-4.80198e-07
3.49832e-05
-7.94828e-07
3.3434e-05
-1.12516e-06
3.20272e-05
-1.46908e-06
3.07099e-05
-1.82562e-06
2.94452e-05
-2.19394e-06
2.82084e-05
-2.57303e-06
2.69827e-05
-2.96169e-06
2.57559e-05
-3.3585e-06
2.45192e-05
-3.76179e-06
2.32658e-05
-4.16962e-06
2.19902e-05
-4.57971e-06
2.06873e-05
-4.98923e-06
1.93522e-05
-5.39536e-06
1.79799e-05
-5.79898e-06
1.65658e-05
-6.20699e-06
1.50923e-05
1.34765e-05
-1.0968e-07
3.78051e-05
7.00038e-07
4.3053e-05
1.26548e-06
4.38944e-05
1.58873e-06
4.27762e-05
1.71691e-06
4.08422e-05
1.7191e-06
3.87511e-05
1.64567e-06
3.6813e-05
1.53002e-06
3.50988e-05
1.38753e-06
3.35764e-05
1.22488e-06
3.21898e-05
1.04466e-06
3.08901e-05
8.48022e-07
2.96419e-05
6.35821e-07
2.84206e-05
4.08995e-07
2.72095e-05
1.68709e-07
2.59962e-05
-8.3562e-08
2.47715e-05
-3.4593e-07
2.35282e-05
-6.15936e-07
2.22602e-05
-8.90307e-07
2.09617e-05
-1.16422e-06
1.96261e-05
-1.42889e-06
1.82446e-05
-1.6677e-06
1.68047e-05
-1.8705e-06
1.52951e-05
1.37326e-05
4.88316e-07
3.67426e-05
1.54029e-06
4.2001e-05
2.33578e-06
4.30989e-05
2.88101e-06
4.2231e-05
3.21433e-06
4.05089e-05
3.41029e-06
3.85552e-05
3.52147e-06
3.67018e-05
3.58253e-06
3.50378e-05
3.61099e-06
3.3548e-05
3.6146e-06
3.21862e-05
3.59637e-06
3.09083e-05
3.55749e-06
2.96807e-05
3.49859e-06
2.84795e-05
3.42023e-06
2.72879e-05
3.3231e-06
2.60933e-05
3.20812e-06
2.48864e-05
3.0766e-06
2.36597e-05
2.9304e-06
2.24064e-05
2.77222e-06
2.11198e-05
2.60629e-06
1.9792e-05
2.4398e-06
1.84111e-05
2.28408e-06
1.69604e-05
2.14979e-06
1.54294e-05
1.38498e-05
1.11355e-06
3.54285e-05
2.40792e-06
4.07067e-05
3.439e-06
4.20678e-05
4.20476e-06
4.14652e-05
4.74733e-06
3.99663e-05
5.13786e-06
3.81647e-05
5.43312e-06
3.64065e-05
5.67029e-06
3.48006e-05
5.86894e-06
3.33493e-05
6.03789e-06
3.20173e-05
6.18062e-06
3.07656e-05
6.29832e-06
2.9563e-05
6.39139e-06
2.83865e-05
6.46003e-06
2.72192e-05
6.50456e-06
2.60488e-05
6.52564e-06
2.48654e-05
6.52462e-06
2.36607e-05
6.50396e-06
2.2427e-05
6.46785e-06
2.11559e-05
6.42272e-06
1.98371e-05
6.37683e-06
1.8457e-05
6.33774e-06
1.69995e-05
6.31392e-06
1.54532e-05
1.38119e-05
1.74028e-06
3.38509e-05
3.28414e-06
3.91628e-05
4.55738e-06
4.07946e-05
5.54803e-06
4.04746e-05
6.3048e-06
3.92095e-05
6.89232e-06
3.75771e-05
7.37257e-06
3.59263e-05
7.78604e-06
3.43872e-05
8.15473e-06
3.29806e-05
8.48887e-06
3.16831e-05
8.79251e-06
3.0462e-05
9.067e-06
2.92885e-05
9.31265e-06
2.81408e-05
9.52953e-06
2.70023e-05
9.71786e-06
2.58604e-05
9.87841e-06
2.47048e-05
1.00129e-05
2.35263e-05
1.01243e-05
2.23156e-05
1.02178e-05
2.10624e-05
1.03003e-05
1.97547e-05
1.03799e-05
1.83773e-05
1.04658e-05
1.69136e-05
1.05705e-05
1.53485e-05
1.3669e-05
2.34706e-06
3.20063e-05
4.14873e-06
3.73611e-05
5.67237e-06
3.92709e-05
6.898e-06
3.92489e-05
7.87401e-06
3.82335e-05
8.66297e-06
3.67882e-05
9.3307e-06
3.52585e-05
9.92176e-06
3.37961e-05
1.04613e-05
3.24411e-05
1.09612e-05
3.11832e-05
1.14267e-05
2.99965e-05
1.18593e-05
2.88559e-05
1.22595e-05
2.77406e-05
1.26273e-05
2.66345e-05
1.2963e-05
2.55247e-05
1.32674e-05
2.44004e-05
1.35423e-05
2.32514e-05
1.37908e-05
2.20671e-05
1.40176e-05
2.08356e-05
1.42289e-05
1.95434e-05
1.4432e-05
1.81742e-05
1.46358e-05
1.67098e-05
1.48529e-05
1.51315e-05
1.34208e-05
2.91426e-06
2.99055e-05
4.98027e-06
3.52951e-05
6.7648e-06
3.74864e-05
8.23663e-06
3.77771e-05
9.43942e-06
3.70307e-05
1.0437e-05
3.57906e-05
1.12969e-05
3.43986e-05
1.20684e-05
3.30246e-05
1.27804e-05
3.17291e-05
1.34478e-05
3.05158e-05
1.40767e-05
2.93676e-05
1.46695e-05
2.82631e-05
1.52269e-05
2.71833e-05
1.57489e-05
2.61125e-05
1.62356e-05
2.5038e-05
1.66877e-05
2.39483e-05
1.71065e-05
2.28326e-05
1.74945e-05
2.16791e-05
1.78553e-05
2.04748e-05
1.81938e-05
1.92049e-05
1.85163e-05
1.78516e-05
1.88317e-05
1.63944e-05
1.91533e-05
1.48098e-05
1.30722e-05
3.42228e-06
2.75597e-05
5.75708e-06
3.29603e-05
7.81297e-06
3.54305e-05
9.54305e-06
3.6047e-05
1.09841e-05
3.55897e-05
1.21996e-05
3.4575e-05
1.32587e-05
3.33395e-05
1.42151e-05
3.20682e-05
1.51029e-05
3.08413e-05
1.59399e-05
2.96788e-05
1.67347e-05
2.85729e-05
1.74904e-05
2.75074e-05
1.8208e-05
2.64656e-05
1.88876e-05
2.54329e-05
1.95289e-05
2.43966e-05
2.01321e-05
2.33452e-05
2.06975e-05
2.22671e-05
2.12266e-05
2.11501e-05
2.17214e-05
1.998e-05
2.21855e-05
1.87408e-05
2.26241e-05
1.74131e-05
2.30459e-05
1.59726e-05
2.34656e-05
1.43901e-05
1.26303e-05
3.85082e-06
2.49858e-05
6.45423e-06
3.03569e-05
8.79105e-06
3.30937e-05
1.07929e-05
3.40452e-05
1.24865e-05
3.3896e-05
1.39327e-05
3.31289e-05
1.52008e-05
3.20714e-05
1.63491e-05
3.09199e-05
1.74171e-05
2.97734e-05
1.84273e-05
2.86686e-05
1.93909e-05
2.76093e-05
2.03126e-05
2.65857e-05
2.1194e-05
2.55843e-05
2.20349e-05
2.4592e-05
2.28347e-05
2.35968e-05
2.35925e-05
2.25873e-05
2.43079e-05
2.15518e-05
2.49804e-05
2.04775e-05
2.56107e-05
1.93496e-05
2.62006e-05
1.8151e-05
2.67539e-05
1.68598e-05
2.72786e-05
1.54479e-05
2.77904e-05
1.38784e-05
1.21037e-05
4.18179e-06
2.22016e-05
7.04683e-06
2.74918e-05
9.66994e-06
3.04706e-05
1.19568e-05
3.17583e-05
1.39197e-05
3.19331e-05
1.56126e-05
3.1436e-05
1.71033e-05
3.05807e-05
1.84536e-05
2.95697e-05
1.97087e-05
2.85182e-05
2.08969e-05
2.74804e-05
2.20333e-05
2.64729e-05
2.31249e-05
2.54941e-05
2.41739e-05
2.45353e-05
2.51804e-05
2.35855e-05
2.61432e-05
2.2634e-05
2.70605e-05
2.167e-05
2.79303e-05
2.0682e-05
2.87507e-05
1.96571e-05
2.95204e-05
1.85799e-05
3.02391e-05
1.74323e-05
3.09086e-05
1.61903e-05
3.15352e-05
1.48213e-05
3.21344e-05
1.32792e-05
1.15008e-05
4.40942e-06
1.92182e-05
7.51719e-06
2.43841e-05
1.04204e-05
2.75673e-05
1.30007e-05
2.9178e-05
1.52495e-05
2.96843e-05
1.72082e-05
2.94774e-05
1.89393e-05
2.88496e-05
2.05059e-05
2.80031e-05
2.19586e-05
2.70655e-05
2.33321e-05
2.61069e-05
2.46467e-05
2.51582e-05
2.59128e-05
2.42281e-05
2.71342e-05
2.33139e-05
2.83114e-05
2.24083e-05
2.94429e-05
2.15025e-05
3.05258e-05
2.05871e-05
3.15567e-05
1.96511e-05
3.25319e-05
1.86819e-05
3.34479e-05
1.76639e-05
3.4302e-05
1.65781e-05
3.50931e-05
1.53992e-05
3.58244e-05
1.409e-05
3.65092e-05
1.25943e-05
1.08285e-05
4.54818e-06
1.60301e-05
7.86582e-06
2.10664e-05
1.10223e-05
2.44108e-05
1.38902e-05
2.63101e-05
1.64355e-05
2.7139e-05
1.86792e-05
2.72337e-05
2.06719e-05
2.68568e-05
2.24738e-05
2.62012e-05
2.41396e-05
2.53998e-05
2.57097e-05
2.45368e-05
2.72109e-05
2.3657e-05
2.86579e-05
2.2781e-05
3.00578e-05
2.1914e-05
3.1412e-05
2.10541e-05
3.2719e-05
2.01955e-05
3.39754e-05
1.93307e-05
3.51764e-05
1.84502e-05
3.63163e-05
1.7542e-05
3.73892e-05
1.6591e-05
3.83898e-05
1.55776e-05
3.93131e-05
1.4476e-05
4.01572e-05
1.32458e-05
4.09311e-05
1.18205e-05
1.00904e-05
4.63831e-06
1.26158e-05
8.12151e-06
1.75832e-05
1.14785e-05
2.10539e-05
1.46026e-05
2.3186e-05
1.74374e-05
2.43042e-05
1.99774e-05
2.46937e-05
2.22529e-05
2.45813e-05
2.4313e-05
2.41411e-05
2.62116e-05
2.35011e-05
2.79951e-05
2.27533e-05
2.96968e-05
2.19553e-05
3.13352e-05
2.11426e-05
3.29219e-05
2.03274e-05
3.44607e-05
1.95153e-05
3.59517e-05
1.87045e-05
3.73914e-05
1.7891e-05
3.87738e-05
1.70678e-05
4.00916e-05
1.62243e-05
4.13363e-05
1.53462e-05
4.24995e-05
1.44144e-05
4.35719e-05
1.34036e-05
4.45449e-05
1.22729e-05
4.54189e-05
1.09465e-05
9.28351e-06
4.74849e-06
8.94567e-06
8.33332e-06
1.39984e-05
1.18178e-05
1.75694e-05
1.51382e-05
1.98655e-05
1.82271e-05
2.12153e-05
2.10538e-05
2.1867e-05
2.36232e-05
2.2012e-05
2.59642e-05
2.18e-05
2.81202e-05
2.13452e-05
3.0137e-05
2.07364e-05
3.20551e-05
2.00373e-05
3.39036e-05
1.92941e-05
3.56929e-05
1.85381e-05
3.74275e-05
1.77807e-05
3.91135e-05
1.70185e-05
4.07484e-05
1.62561e-05
4.23258e-05
1.54903e-05
4.38376e-05
1.47125e-05
4.52734e-05
1.39105e-05
4.6621e-05
1.30668e-05
4.78669e-05
1.21577e-05
4.89945e-05
1.11452e-05
4.99917e-05
9.94932e-06
8.39491e-06
4.96607e-06
4.91806e-06
8.52386e-06
1.04406e-05
1.20532e-05
1.40401e-05
1.55e-05
1.64188e-05
1.87897e-05
1.79256e-05
2.18702e-05
1.87865e-05
2.47231e-05
1.9159e-05
2.73555e-05
1.91676e-05
2.9793e-05
1.89077e-05
3.2072e-05
1.84574e-05
3.42282e-05
1.78811e-05
3.62987e-05
1.72237e-05
3.83086e-05
1.65282e-05
4.02637e-05
1.58256e-05
4.2162e-05
1.51203e-05
4.40071e-05
1.44109e-05
4.5796e-05
1.37014e-05
4.75207e-05
1.29878e-05
4.91699e-05
1.22612e-05
5.07291e-05
1.15076e-05
5.21802e-05
1.07066e-05
5.34999e-05
9.82555e-06
5.46626e-05
8.7866e-06
7.397e-06
1.39907e-07
-1.39907e-07
5.00376e-07
-3.60469e-07
9.98066e-07
-4.9769e-07
1.64493e-06
-6.46861e-07
2.35724e-06
-7.12309e-07
-6.345e-07
2.99174e-06
2.48232e-07
-3.88139e-07
6.2177e-07
-7.34006e-07
1.10161e-06
-9.77534e-07
1.65315e-06
-1.19839e-06
2.25325e-06
-1.31242e-06
-1.16444e-06
2.78319e-06
2.81371e-07
-6.6951e-07
6.32093e-07
-1.08473e-06
1.06275e-06
-1.40819e-06
1.52999e-06
-1.66564e-06
2.02059e-06
-1.80301e-06
-1.6667e-06
2.52285e-06
2.94002e-07
-9.63512e-07
6.09232e-07
-1.39996e-06
9.77781e-07
-1.77674e-06
1.36192e-06
-2.04977e-06
1.75921e-06
-2.20031e-06
-2.10729e-06
2.19981e-06
2.95203e-07
-1.25872e-06
5.64261e-07
-1.66902e-06
8.64849e-07
-2.07733e-06
1.16695e-06
-2.35187e-06
1.47565e-06
-2.50901e-06
-2.46106e-06
1.82942e-06
2.84177e-07
-1.54289e-06
5.01197e-07
-1.88604e-06
7.32114e-07
-2.30825e-06
9.5412e-07
-2.57387e-06
1.17524e-06
-2.73013e-06
-2.71809e-06
1.43227e-06
2.51149e-07
-1.79404e-06
4.21411e-07
-2.0563e-06
5.85789e-07
-2.47262e-06
7.3109e-07
-2.71917e-06
8.6664e-07
-2.86568e-06
-2.87652e-06
1.02507e-06
1.92529e-07
-1.98657e-06
3.28102e-07
-2.19187e-06
4.31765e-07
-2.57629e-06
5.04998e-07
-2.79241e-06
5.59284e-07
-2.91996e-06
-2.94013e-06
6.22894e-07
1.34182e-07
-2.12075e-06
2.28535e-07
-2.28623e-06
2.75864e-07
-2.62362e-06
2.82629e-07
-2.79917e-06
2.62218e-07
-2.89955e-06
-2.91734e-06
2.39424e-07
7.68188e-08
-2.19757e-06
1.27904e-07
-2.33731e-06
1.23178e-07
-2.61889e-06
7.00149e-08
-2.74601e-06
-1.65168e-08
-2.81302e-06
-2.82018e-06
-1.13668e-07
2.09042e-08
-2.21848e-06
2.9614e-08
-2.34602e-06
-2.2117e-08
-2.56716e-06
-1.27765e-07
-2.64036e-06
-2.70331e-07
-2.67045e-06
-2.66329e-06
-4.27229e-07
-3.22681e-08
-2.18621e-06
-6.36432e-08
-2.31465e-06
-1.56693e-07
-2.47411e-06
-3.06859e-07
-2.49019e-06
-4.94426e-07
-2.48289e-06
-2.46277e-06
-6.94947e-07
-8.14553e-08
-2.10475e-06
-1.49777e-07
-2.24632e-06
-2.78185e-07
-2.3457e-06
-4.64596e-07
-2.30378e-06
-6.85848e-07
-2.26163e-06
-2.23512e-06
-9.1349e-07
-1.25841e-07
-1.97891e-06
-2.27211e-07
-2.14495e-06
-3.84954e-07
-2.18796e-06
-5.99419e-07
-2.08932e-06
-8.43474e-07
-2.01758e-06
-1.99611e-06
-1.08249e-06
-1.64409e-07
-1.8145e-06
-2.94789e-07
-2.01457e-06
-4.76052e-07
-2.0067e-06
-7.10765e-07
-1.8546e-06
-9.67833e-07
-1.76051e-06
-1.75963e-06
-1.20431e-06
-1.96301e-07
-1.6182e-06
-3.51698e-07
-1.85918e-06
-5.5112e-07
-1.80728e-06
-7.98887e-07
-1.60684e-06
-1.06073e-06
-1.49867e-06
-1.53663e-06
-1.28372e-06
-2.20772e-07
-1.39743e-06
-3.9741e-07
-1.68254e-06
-6.1029e-07
-1.59439e-06
-8.64692e-07
-1.35244e-06
-1.12452e-06
-1.23885e-06
-1.33428e-06
-1.32687e-06
-2.36799e-07
-1.16063e-06
-4.31585e-07
-1.48775e-06
-6.54045e-07
-1.37193e-06
-9.09178e-07
-1.0973e-06
-1.1616e-06
-9.86431e-07
-1.15476e-06
-1.34112e-06
-2.42399e-07
-9.18232e-07
-4.53703e-07
-1.27645e-06
-6.83186e-07
-1.14245e-06
-9.32733e-07
-8.47757e-07
-1.17418e-06
-7.44988e-07
-9.94997e-07
-1.33393e-06
-2.34089e-07
-6.84143e-07
-4.64116e-07
-1.04642e-06
-6.98671e-07
-9.07896e-07
-9.35471e-07
-6.10957e-07
-1.16327e-06
-5.17184e-07
-8.47418e-07
-1.31085e-06
-2.20361e-07
-4.63781e-07
-4.66924e-07
-7.99858e-07
-7.01596e-07
-6.73224e-07
-9.16358e-07
-3.96194e-07
-1.12616e-06
-3.07379e-07
-6.98916e-07
-1.27467e-06
-2.02415e-07
-2.61366e-07
-4.62365e-07
-5.39908e-07
-6.92009e-07
-4.43579e-07
-8.72121e-07
-2.16082e-07
-1.05212e-06
-1.27376e-07
-5.28751e-07
-1.22229e-06
-1.72724e-07
-8.86421e-08
-4.44846e-07
-2.67786e-07
-6.65206e-07
-2.2322e-07
-7.95228e-07
-8.60602e-08
-9.15019e-07
-7.58547e-09
-3.0354e-07
-1.14023e-06
-8.86421e-08
-3.56428e-07
-5.79648e-07
-6.65708e-07
-6.73293e-07
-9.76833e-07
5.22763e-06
2.68216e-06
8.51235e-06
7.15589e-06
1.20423e-05
1.05101e-05
1.55815e-05
1.28796e-05
1.90399e-05
1.44671e-05
2.23512e-05
1.54753e-05
2.54748e-05
1.60355e-05
2.83985e-05
1.62439e-05
3.11342e-05
1.6172e-05
3.37054e-05
1.58862e-05
3.61361e-05
1.54504e-05
3.84531e-05
1.49067e-05
4.06922e-05
1.42891e-05
4.28781e-05
1.36396e-05
4.50139e-05
1.29845e-05
4.70953e-05
1.23294e-05
4.91187e-05
1.16781e-05
5.10795e-05
1.10271e-05
5.29682e-05
1.03725e-05
5.47699e-05
9.70587e-06
5.64637e-05
9.01278e-06
5.80211e-05
8.26815e-06
5.94168e-05
7.3909e-06
6.23617e-06
4.77213e-06
6.93225e-07
7.85881e-06
4.06921e-06
1.13769e-05
6.99197e-06
1.50191e-05
9.23746e-06
1.86532e-05
1.0833e-05
2.2209e-05
1.19195e-05
2.56308e-05
1.26137e-05
2.8881e-05
1.29937e-05
3.19469e-05
1.31061e-05
3.48343e-05
1.29988e-05
3.75671e-05
1.27175e-05
4.0176e-05
1.22978e-05
4.26861e-05
1.17791e-05
4.51223e-05
1.12034e-05
4.7508e-05
1.05987e-05
4.9851e-05
9.98651e-06
5.21455e-05
9.38347e-06
5.43806e-05
8.79202e-06
5.65448e-05
8.20826e-06
5.86278e-05
7.62291e-06
6.06124e-05
7.02819e-06
6.24715e-05
6.40906e-06
6.41609e-05
5.70147e-06
4.82189e-06
4.02338e-06
-8.07312e-07
6.59207e-06
1.50052e-06
9.80431e-06
3.77974e-06
1.33451e-05
5.69671e-06
1.70187e-05
7.15932e-06
2.07239e-05
8.21428e-06
2.44009e-05
8.93668e-06
2.79978e-05
9.39681e-06
3.14566e-05
9.64729e-06
3.47475e-05
9.70792e-06
3.78846e-05
9.5804e-06
4.08897e-05
9.29267e-06
4.37801e-05
8.88876e-06
4.65718e-05
8.41169e-06
4.92806e-05
7.88994e-06
5.19215e-05
7.34555e-06
5.45094e-05
6.79559e-06
5.70521e-05
6.24929e-06
5.95444e-05
5.71605e-06
6.19717e-05
5.1956e-06
6.43167e-05
4.68312e-06
6.6567e-05
4.15881e-06
6.86272e-05
3.64125e-06
3.04628e-06
3.2997e-06
-1.90721e-06
5.20231e-06
-4.02088e-07
7.76619e-06
1.21586e-06
1.07883e-05
2.67458e-06
1.40843e-05
3.86338e-06
1.75389e-05
4.75965e-06
2.1084e-05
5.39155e-06
2.46865e-05
5.79434e-06
2.83289e-05
6.00488e-06
3.19748e-05
6.06199e-06
3.55677e-05
5.98758e-06
3.90617e-05
5.79859e-06
4.24471e-05
5.50335e-06
4.57381e-05
5.12074e-06
4.89469e-05
4.6811e-06
5.20819e-05
4.21056e-06
5.51456e-05
3.73194e-06
5.81338e-05
3.26109e-06
6.10454e-05
2.80445e-06
6.38828e-05
2.35814e-06
6.66441e-05
1.92182e-06
6.93334e-05
1.46955e-06
7.19148e-05
1.05988e-06
6.87626e-07
2.63197e-06
-2.70976e-06
3.97015e-06
-1.74026e-06
5.83367e-06
-6.47659e-07
8.12548e-06
3.82767e-07
1.07273e-05
1.26152e-06
1.35441e-05
1.9429e-06
1.65163e-05
2.4193e-06
1.96109e-05
2.69974e-06
2.28076e-05
2.80823e-06
2.60997e-05
2.7699e-06
2.94865e-05
2.60072e-06
3.29661e-05
2.319e-06
3.65168e-05
1.95267e-06
4.01104e-05
1.52719e-06
4.37297e-05
1.06181e-06
4.73612e-05
5.7899e-07
5.09892e-05
1.04007e-07
5.45962e-05
-3.45952e-07
5.81648e-05
-7.64182e-07
6.16735e-05
-1.15052e-06
6.51025e-05
-1.5072e-06
6.8423e-05
-1.85091e-06
7.16837e-05
-2.20085e-06
-2.47455e-06
1.99217e-06
-3.26967e-06
2.89865e-06
-2.64675e-06
4.17468e-06
-1.92369e-06
5.77881e-06
-1.22137e-06
7.64897e-06
-6.08642e-07
9.72293e-06
-1.31061e-07
1.19571e-05
1.85135e-07
1.43248e-05
3.3201e-07
1.68137e-05
3.19387e-07
1.94242e-05
1.59351e-07
2.21618e-05
-1.36863e-07
2.50294e-05
-5.48577e-07
2.80281e-05
-1.04609e-06
3.11601e-05
-1.60475e-06
3.4428e-05
-2.20608e-06
3.78328e-05
-2.82582e-06
4.137e-05
-3.43317e-06
4.50265e-05
-4.00246e-06
4.8783e-05
-4.52075e-06
5.26126e-05
-4.98012e-06
5.64832e-05
-5.3778e-06
6.03421e-05
-5.70982e-06
6.41772e-05
-6.03592e-06
-6.33972e-06
1.37489e-06
-3.61949e-06
1.94435e-06
-3.21621e-06
2.75659e-06
-2.73592e-06
3.79555e-06
-2.26033e-06
5.03037e-06
-1.84347e-06
6.42723e-06
-1.52792e-06
7.95877e-06
-1.3464e-06
9.60742e-06
-1.31664e-06
1.13681e-05
-1.44131e-06
1.32449e-05
-1.71747e-06
1.5245e-05
-2.13696e-06
1.73774e-05
-2.68096e-06
1.9655e-05
-3.32366e-06
2.20917e-05
-4.04146e-06
2.46972e-05
-4.81156e-06
2.74772e-05
-5.60589e-06
3.04352e-05
-6.39113e-06
3.35706e-05
-7.13787e-06
3.68787e-05
-7.82889e-06
4.03487e-05
-8.45008e-06
4.39609e-05
-8.99004e-06
4.76959e-05
-9.44474e-06
5.15141e-05
-9.85412e-06
-1.02915e-05
7.89986e-07
-3.78658e-06
1.08964e-06
-3.51586e-06
1.53881e-06
-3.18509e-06
2.13163e-06
-2.85315e-06
2.85312e-06
-2.56496e-06
3.68602e-06
-2.36081e-06
4.61509e-06
-2.27547e-06
5.63103e-06
-2.33259e-06
6.73362e-06
-2.5439e-06
7.92903e-06
-2.91288e-06
9.2263e-06
-3.43423e-06
1.06393e-05
-4.094e-06
1.21874e-05
-4.8717e-06
1.38903e-05
-5.74437e-06
1.57647e-05
-6.68591e-06
1.78252e-05
-7.66643e-06
2.00845e-05
-8.6504e-06
2.25513e-05
-9.60468e-06
2.52312e-05
-1.05088e-05
2.81273e-05
-1.13462e-05
3.12409e-05
-1.21036e-05
3.45775e-05
-1.27813e-05
3.81254e-05
-1.34021e-05
-1.40083e-05
2.51874e-07
-3.79903e-06
3.37193e-07
-3.60118e-06
5.06211e-07
-3.35411e-06
7.56291e-07
-3.10323e-06
1.07987e-06
-2.88854e-06
1.46798e-06
-2.74892e-06
1.91242e-06
-2.71992e-06
2.40894e-06
-2.8291e-06
2.9597e-06
-3.09466e-06
3.57244e-06
-3.52562e-06
4.25817e-06
-4.11997e-06
5.03513e-06
-4.87096e-06
5.92661e-06
-5.76318e-06
6.95796e-06
-6.77572e-06
8.15478e-06
-7.88274e-06
9.54163e-06
-9.05328e-06
1.11405e-05
-1.02492e-05
1.29692e-05
-1.14334e-05
1.50423e-05
-1.25819e-05
1.73706e-05
-1.36745e-05
1.99623e-05
-1.46953e-05
2.28281e-05
-1.56471e-05
2.59717e-05
-1.65457e-05
-1.73639e-05
-2.25318e-07
-3.68738e-06
-3.02492e-07
-3.52401e-06
-3.3935e-07
-3.31725e-06
-3.38286e-07
-3.10429e-06
-3.03936e-07
-2.92289e-06
-2.41541e-07
-2.81132e-06
-1.55658e-07
-2.8058e-06
-4.77264e-08
-2.93703e-06
8.57629e-08
-3.22815e-06
2.55316e-07
-3.69517e-06
4.72365e-07
-4.33702e-06
7.58311e-07
-5.15691e-06
1.14126e-06
-6.14613e-06
1.65473e-06
-7.28919e-06
2.33528e-06
-8.56328e-06
3.2196e-06
-9.9376e-06
4.34091e-06
-1.13706e-05
5.72017e-06
-1.28127e-05
7.37386e-06
-1.42356e-05
9.30558e-06
-1.56062e-05
1.1503e-05
-1.68927e-05
1.39334e-05
-1.80775e-05
1.65366e-05
-1.9149e-05
-2.00793e-05
-6.30007e-07
-3.4846e-06
-8.18291e-07
-3.33572e-06
-9.89924e-07
-3.14561e-06
-1.14807e-06
-2.94614e-06
-1.29634e-06
-2.77462e-06
-1.43842e-06
-2.66923e-06
-1.57671e-06
-2.66752e-06
-1.71014e-06
-2.80359e-06
-1.83255e-06
-3.10574e-06
-1.93046e-06
-3.59726e-06
-1.98528e-06
-4.2822e-06
-1.96495e-06
-5.17724e-06
-1.8333e-06
-6.27777e-06
-1.55004e-06
-7.57245e-06
-1.0745e-06
-9.03882e-06
-3.6595e-07
-1.06461e-05
6.15382e-07
-1.23519e-05
1.90565e-06
-1.4103e-05
3.51904e-06
-1.5849e-05
5.45479e-06
-1.7542e-05
7.6983e-06
-1.91362e-05
1.01766e-05
-2.05557e-05
1.27546e-05
-2.1727e-05
-2.26608e-05
-9.54266e-07
-3.22528e-06
-1.20219e-06
-3.0878e-06
-1.43879e-06
-2.90901e-06
-1.66781e-06
-2.71713e-06
-1.89142e-06
-2.55101e-06
-2.10941e-06
-2.45124e-06
-2.3197e-06
-2.45723e-06
-2.51761e-06
-2.60568e-06
-2.69213e-06
-2.93122e-06
-2.82794e-06
-3.46145e-06
-2.90183e-06
-4.20831e-06
-2.88646e-06
-5.19261e-06
-2.74859e-06
-6.41564e-06
-2.44964e-06
-7.87141e-06
-1.94626e-06
-9.5422e-06
-1.19431e-06
-1.13981e-05
-1.42875e-07
-1.34033e-05
1.27861e-06
-1.55244e-05
3.12751e-06
-1.76979e-05
5.43034e-06
-1.98448e-05
8.19476e-06
-2.19006e-05
1.14116e-05
-2.37726e-05
1.50345e-05
-2.53499e-05
-2.64686e-05
-1.19446e-06
-2.94432e-06
-1.4514e-06
-2.83086e-06
-1.68393e-06
-2.67648e-06
-1.89339e-06
-2.50767e-06
-2.08045e-06
-2.36395e-06
-2.2455e-06
-2.28618e-06
-2.38544e-06
-2.31729e-06
-2.49292e-06
-2.49821e-06
-2.55644e-06
-2.8677e-06
-2.56105e-06
-3.45684e-06
-2.48067e-06
-4.28869e-06
-2.28507e-06
-5.38821e-06
-1.93265e-06
-6.76806e-06
-1.3708e-06
-8.43326e-06
-5.39845e-07
-1.03732e-05
6.25433e-07
-1.25634e-05
2.18783e-06
-1.49657e-05
4.18054e-06
-1.75172e-05
6.63679e-06
-2.01541e-05
9.59554e-06
-2.28036e-05
1.30825e-05
-2.53876e-05
1.71285e-05
-2.78186e-05
2.17385e-05
-2.99599e-05
-3.13708e-05
-1.35141e-06
-2.6754e-06
-1.56818e-06
-2.61409e-06
-1.73161e-06
-2.51304e-06
-1.84363e-06
-2.39565e-06
-1.90311e-06
-2.30448e-06
-1.90406e-06
-2.28523e-06
-1.83788e-06
-2.38348e-06
-1.69312e-06
-2.64297e-06
-1.45464e-06
-3.10618e-06
-1.10148e-06
-3.80999e-06
-6.02494e-07
-4.78768e-06
7.81991e-08
-6.0689e-06
9.86722e-07
-7.67658e-06
2.16827e-06
-9.6148e-06
3.67123e-06
-1.18761e-05
5.53978e-06
-1.44319e-05
7.79747e-06
-1.72234e-05
1.04714e-05
-2.01911e-05
1.35728e-05
-2.32555e-05
1.70975e-05
-2.63283e-05
2.10363e-05
-2.93264e-05
2.53862e-05
-3.21685e-05
3.0157e-05
-3.47307e-05
-3.65018e-05
-1.42998e-06
-2.44973e-06
-1.5641e-06
-2.47997e-06
-1.60508e-06
-2.47207e-06
-1.54971e-06
-2.45101e-06
-1.39052e-06
-2.46367e-06
-1.11685e-06
-2.55889e-06
-7.14674e-07
-2.78566e-06
-1.66009e-07
-3.19163e-06
5.5104e-07
-3.82323e-06
1.46418e-06
-4.72314e-06
2.60685e-06
-5.93034e-06
4.01517e-06
-7.47723e-06
5.72276e-06
-9.38417e-06
7.76052e-06
-1.16526e-05
1.01561e-05
-1.42717e-05
1.29005e-05
-1.71763e-05
1.59986e-05
-2.03216e-05
1.94308e-05
-2.36233e-05
2.31653e-05
-2.699e-05
2.71544e-05
-3.03173e-05
3.1336e-05
-3.3508e-05
3.56349e-05
-3.64674e-05
3.99753e-05
-3.90711e-05
-4.10004e-05
-1.44002e-06
-2.29343e-06
-1.45552e-06
-2.46447e-06
-1.3256e-06
-2.60199e-06
-1.04275e-06
-2.73387e-06
-5.93234e-07
-2.91318e-06
4.0378e-08
-3.1925e-06
8.78618e-07
-3.6239e-06
1.94577e-06
-4.25878e-06
3.26887e-06
-5.14633e-06
4.8774e-06
-6.33167e-06
6.80043e-06
-7.85337e-06
9.0622e-06
-9.739e-06
1.16778e-05
-1.19997e-05
1.46488e-05
-1.46235e-05
1.79521e-05
-1.7575e-05
2.15699e-05
-2.07942e-05
2.5455e-05
-2.42066e-05
2.95499e-05
-2.77182e-05
3.37787e-05
-3.12188e-05
3.80592e-05
-3.45978e-05
4.22954e-05
-3.77442e-05
4.63692e-05
-4.05412e-05
5.0127e-05
-4.28289e-05
-4.4538e-05
-1.39119e-06
-2.22911e-06
-1.25765e-06
-2.59801e-06
-9.20218e-07
-2.93942e-06
-3.66004e-07
-3.28808e-06
4.24962e-07
-3.70415e-06
1.47588e-06
-4.24343e-06
2.81222e-06
-4.96023e-06
4.46027e-06
-5.90683e-06
6.44566e-06
-7.13172e-06
8.79056e-06
-8.67657e-06
1.15092e-05
-1.0572e-05
1.46023e-05
-1.28321e-05
1.80561e-05
-1.54535e-05
2.18374e-05
-1.84049e-05
2.58993e-05
-2.16368e-05
3.01837e-05
-2.50786e-05
3.46127e-05
-2.86357e-05
3.90895e-05
-3.21949e-05
4.35177e-05
-3.5647e-05
4.77938e-05
-3.8874e-05
5.18001e-05
-4.17505e-05
5.54092e-05
-4.41502e-05
5.84897e-05
-4.59094e-05
-4.71327e-05
-1.29455e-06
-2.27568e-06
-9.88297e-07
-2.90427e-06
-4.16935e-07
-3.51078e-06
4.37884e-07
-4.1429e-06
1.60104e-06
-4.8673e-06
3.09867e-06
-5.74106e-06
4.95557e-06
-6.81713e-06
7.19324e-06
-8.1445e-06
9.82693e-06
-9.76541e-06
1.28618e-05
-1.17115e-05
1.62895e-05
-1.39997e-05
2.00845e-05
-1.66271e-05
2.42051e-05
-1.95741e-05
2.85937e-05
-2.27935e-05
3.31717e-05
-2.62148e-05
3.78412e-05
-2.97481e-05
4.25e-05
-3.32944e-05
4.70449e-05
-3.67399e-05
5.1364e-05
-3.9966e-05
5.53349e-05
-4.2845e-05
5.88403e-05
-4.52559e-05
6.1777e-05
-4.7087e-05
6.40866e-05
-4.8219e-05
-4.88819e-05
-1.15994e-06
-2.44968e-06
-6.62774e-07
-3.40143e-06
1.60207e-07
-4.33376e-06
1.33266e-06
-5.31536e-06
2.88193e-06
-6.41656e-06
4.8319e-06
-7.69103e-06
7.20005e-06
-9.18529e-06
9.99566e-06
-1.09401e-05
1.32161e-05
-1.29859e-05
1.68469e-05
-1.53422e-05
2.08561e-05
-1.8009e-05
2.51956e-05
-2.09666e-05
2.97898e-05
-2.41683e-05
3.45473e-05
-2.7551e-05
3.93652e-05
-3.10327e-05
4.41354e-05
-3.45184e-05
4.87432e-05
-3.79022e-05
5.30629e-05
-4.10596e-05
5.69697e-05
-4.38728e-05
6.03487e-05
-4.6224e-05
6.31181e-05
-4.80252e-05
6.52466e-05
-4.92154e-05
6.68653e-05
-4.98377e-05
-4.99383e-05
-9.9427e-07
-2.76626e-06
-2.9214e-07
-4.10356e-06
7.93555e-07
-5.41946e-06
2.29235e-06
-6.81415e-06
4.2301e-06
-8.35431e-06
6.62247e-06
-1.00834e-05
9.47338e-06
-1.20362e-05
1.27744e-05
-1.42412e-05
1.65061e-05
-1.67175e-05
2.06309e-05
-1.9467e-05
2.50841e-05
-2.24622e-05
2.97784e-05
-2.56609e-05
3.46154e-05
-2.90053e-05
3.94919e-05
-3.24275e-05
4.42942e-05
-3.58349e-05
4.88898e-05
-3.9114e-05
5.31461e-05
-4.21586e-05
5.69321e-05
-4.48456e-05
6.01287e-05
-4.70695e-05
6.26729e-05
-4.87682e-05
6.45844e-05
-4.99367e-05
6.59712e-05
-5.06023e-05
6.69795e-05
-5.0846e-05
-5.0503e-05
-8.00199e-07
-3.24073e-06
1.17871e-07
-5.02163e-06
1.47294e-06
-6.77452e-06
3.30265e-06
-8.64387e-06
5.62572e-06
-1.06774e-05
8.44305e-06
-1.29007e-05
1.17418e-05
-1.5335e-05
1.54959e-05
-1.79952e-05
1.96559e-05
-2.08776e-05
2.4138e-05
-2.3949e-05
2.88484e-05
-2.71726e-05
3.36873e-05
-3.04998e-05
3.85442e-05
-3.38621e-05
4.32908e-05
-3.71741e-05
4.77911e-05
-4.03352e-05
5.19064e-05
-4.32294e-05
5.54731e-05
-4.57253e-05
5.83885e-05
-4.7761e-05
6.06589e-05
-4.93399e-05
6.23673e-05
-5.04766e-05
6.36015e-05
-5.11709e-05
6.44896e-05
-5.14904e-05
6.51019e-05
-5.14582e-05
-5.08726e-05
-5.74997e-07
-3.88802e-06
5.63223e-07
-6.15985e-06
2.19454e-06
-8.40584e-06
4.35918e-06
-1.08085e-05
7.06267e-06
-1.33809e-05
1.02879e-05
-1.6126e-05
1.39987e-05
-1.90457e-05
1.81273e-05
-2.21238e-05
2.25756e-05
-2.53258e-05
2.72427e-05
-2.86162e-05
3.20226e-05
-3.19525e-05
3.67892e-05
-3.52664e-05
4.14024e-05
-3.84753e-05
4.5725e-05
-4.14967e-05
4.95803e-05
-4.41905e-05
5.28166e-05
-4.64657e-05
5.54123e-05
-4.83209e-05
5.74608e-05
-4.98095e-05
5.90288e-05
-5.09078e-05
6.01755e-05
-5.16233e-05
6.10194e-05
-5.20148e-05
6.16529e-05
-5.21239e-05
6.21217e-05
-5.1927e-05
-5.12036e-05
-3.10467e-07
-4.71778e-06
1.04457e-06
-7.51489e-06
2.95795e-06
-1.03192e-05
5.46268e-06
-1.33132e-05
8.54321e-06
-1.64614e-05
1.21497e-05
-1.97325e-05
1.6194e-05
-2.30901e-05
2.05641e-05
-2.64939e-05
2.51448e-05
-2.99066e-05
2.9814e-05
-3.32854e-05
3.4428e-05
-3.65665e-05
3.88382e-05
-3.96765e-05
4.29043e-05
-4.25415e-05
4.6435e-05
-4.50274e-05
4.93374e-05
-4.7093e-05
5.16817e-05
-4.881e-05
5.35713e-05
-5.02105e-05
5.50295e-05
-5.12677e-05
5.61245e-05
-5.20029e-05
5.69586e-05
-5.24573e-05
5.76149e-05
-5.26711e-05
5.81448e-05
-5.26539e-05
5.8573e-05
-5.23551e-05
-5.15556e-05
-1.11841e-08
-5.68343e-06
1.55597e-06
-9.08205e-06
3.76167e-06
-1.25249e-05
6.61357e-06
-1.61651e-05
1.00517e-05
-1.98996e-05
1.39662e-05
-2.3647e-05
1.82226e-05
-2.73465e-05
2.26831e-05
-3.09544e-05
2.7203e-05
-3.44265e-05
3.16229e-05
-3.77052e-05
3.5787e-05
-4.07306e-05
3.95558e-05
-4.34454e-05
4.27657e-05
-4.57513e-05
4.53865e-05
-4.76481e-05
4.75409e-05
-4.92475e-05
4.92938e-05
-5.05629e-05
5.06604e-05
-5.1577e-05
5.17159e-05
-5.23232e-05
5.25435e-05
-5.28306e-05
5.32154e-05
-5.31291e-05
5.37825e-05
-5.32382e-05
5.42744e-05
-5.31459e-05
5.47036e-05
-5.27843e-05
-5.19473e-05
-3.98752e-07
3.98752e-07
-1.25712e-06
8.58369e-07
-2.11238e-06
8.55261e-07
-2.54618e-06
4.33803e-07
-2.26817e-06
-2.78014e-07
-1.46047e-06
-8.07705e-07
-6.06517e-07
1.00527e-06
-1.40995e-06
1.66181e-06
-2.05218e-06
1.49748e-06
-2.32317e-06
7.04796e-07
-1.96177e-06
-6.39412e-07
-2.61732e-06
-8.04914e-07
-6.38268e-07
1.64354e-06
-1.34359e-06
2.36713e-06
-1.86488e-06
2.01877e-06
-2.01909e-06
8.59003e-07
-1.64469e-06
-1.01381e-06
-3.55701e-06
-7.04998e-07
-6.42349e-07
2.28589e-06
-1.24282e-06
2.9676e-06
-1.66279e-06
2.43874e-06
-1.74032e-06
9.36537e-07
-1.36527e-06
-1.38887e-06
-4.40417e-06
-5.18113e-07
-6.35439e-07
2.92132e-06
-1.13343e-06
3.46559e-06
-1.46309e-06
2.7684e-06
-1.48803e-06
9.61478e-07
-1.11172e-06
-1.76517e-06
-5.23281e-06
-2.83079e-07
-5.9652e-07
3.51784e-06
-1.01036e-06
3.87943e-06
-1.26727e-06
3.02531e-06
-1.25557e-06
9.49785e-07
-8.75228e-07
-2.14552e-06
-6.07408e-06
-3.39534e-08
-5.36116e-07
4.05396e-06
-8.76214e-07
4.21953e-06
-1.07395e-06
3.22305e-06
-1.03895e-06
9.14777e-07
-6.56929e-07
-2.52753e-06
-6.93254e-06
2.01525e-07
-4.61798e-07
4.51576e-06
-7.33779e-07
4.49151e-06
-8.8332e-07
3.37259e-06
-8.36405e-07
8.67863e-07
-4.61131e-07
-2.90281e-06
-7.79518e-06
4.01507e-07
-3.7744e-07
4.8932e-06
-5.84761e-07
4.69883e-06
-6.95011e-07
3.48284e-06
-6.4704e-07
8.19891e-07
-2.91923e-07
-3.25793e-06
-8.63958e-06
5.52477e-07
-2.85189e-07
5.17839e-06
-4.30228e-07
4.84387e-06
-5.08282e-07
3.56089e-06
-4.69936e-07
7.81545e-07
-1.52368e-07
-3.57549e-06
-9.4369e-06
6.44956e-07
-1.86773e-07
5.36516e-06
-2.70889e-07
4.92798e-06
-3.22006e-07
3.61201e-06
-3.03633e-07
7.63172e-07
-4.50348e-08
-3.83409e-06
-1.01554e-05
6.73421e-07
-8.36926e-08
5.44885e-06
-1.07343e-07
4.95163e-06
-1.34801e-07
3.63947e-06
-1.45478e-07
7.7385e-07
3.12811e-08
-4.01085e-06
-1.07612e-05
6.3709e-07
2.29331e-08
5.42592e-06
5.98671e-08
4.9147e-06
5.48081e-08
3.64453e-06
1.05129e-08
8.18145e-07
8.82195e-08
-4.08856e-06
-1.12134e-05
5.40497e-07
1.29975e-07
5.29595e-06
2.3059e-07
4.81408e-06
2.49632e-07
3.62548e-06
1.63888e-07
9.03889e-07
1.25314e-07
-4.04998e-06
-1.14813e-05
3.93152e-07
2.37557e-07
5.05839e-06
4.03343e-07
4.6483e-06
4.50114e-07
3.57871e-06
3.25993e-07
1.02801e-06
1.55094e-07
-3.87908e-06
-1.15377e-05
2.11546e-07
3.44421e-07
4.71397e-06
5.76737e-07
4.41598e-06
6.57687e-07
3.49776e-06
5.02594e-07
1.1831e-06
1.91031e-07
-3.56752e-06
-1.13771e-05
3.04252e-08
4.51987e-07
4.26198e-06
7.4862e-07
4.11935e-06
8.7244e-07
3.37394e-06
7.01624e-07
1.35392e-06
2.47667e-07
-3.11356e-06
-1.09293e-05
-2.0016e-07
5.71471e-07
3.69051e-06
9.13617e-07
3.7772e-06
1.09272e-06
3.19484e-06
9.30975e-07
1.51567e-06
3.48525e-07
-2.53111e-06
-1.01789e-05
-4.01921e-07
6.48751e-07
3.04176e-06
1.05981e-06
3.36614e-06
1.31559e-06
2.93906e-06
1.19685e-06
1.63441e-06
5.1857e-07
-1.85283e-06
-9.10987e-06
-5.50419e-07
6.79492e-07
2.36227e-06
1.18272e-06
2.86291e-06
1.53798e-06
2.5838e-06
1.50156e-06
1.67082e-06
7.83319e-07
-1.13459e-06
-7.71929e-06
-6.07259e-07
6.85188e-07
1.67708e-06
1.28244e-06
2.26566e-06
1.75571e-06
2.11052e-06
1.84199e-06
1.58454e-06
1.16384e-06
-4.56437e-07
-6.0498e-06
-5.05648e-07
6.69554e-07
1.00752e-06
1.35528e-06
1.57994e-06
1.95982e-06
1.50598e-06
2.20771e-06
1.33665e-06
1.66158e-06
8.96919e-08
-4.27868e-06
-1.09539e-07
6.16353e-07
3.91171e-07
1.38585e-06
8.10448e-07
2.11597e-06
7.75858e-07
2.58342e-06
8.69199e-07
2.26358e-06
4.09526e-07
-2.34161e-06
3.26524e-07
3.91171e-07
1.20162e-06
1.97748e-06
2.84668e-06
3.2562e-06
9.14587e-07
3.25981e-07
-6.81712e-06
2.08725e-06
-1.08433e-05
4.60157e-06
-1.50392e-05
7.79276e-06
-1.93563e-05
1.1527e-05
-2.36339e-05
1.56381e-05
-2.7758e-05
1.99538e-05
-3.16622e-05
2.43011e-05
-3.53016e-05
2.85043e-05
-3.86297e-05
3.24039e-05
-4.16048e-05
3.5876e-05
-4.42027e-05
3.88015e-05
-4.63709e-05
4.1196e-05
-4.81459e-05
4.31911e-05
-4.96431e-05
4.48195e-05
-5.0876e-05
4.61027e-05
-5.18461e-05
4.71183e-05
-5.25926e-05
4.79358e-05
-5.31406e-05
4.86154e-05
-5.35102e-05
4.92061e-05
-5.37199e-05
4.97359e-05
-5.37679e-05
5.02192e-05
-5.36292e-05
5.06618e-05
-5.32269e-05
-5.23791e-05
5.69477e-07
-8.19151e-06
2.62185e-06
-1.28957e-05
5.46373e-06
-1.78811e-05
8.95124e-06
-2.28438e-05
1.28815e-05
-2.75641e-05
1.70352e-05
-3.19118e-05
2.12037e-05
-3.58307e-05
2.5193e-05
-3.92909e-05
2.88427e-05
-4.22794e-05
3.205e-05
-4.48121e-05
3.47398e-05
-4.68925e-05
3.69493e-05
-4.85804e-05
3.87963e-05
-4.99929e-05
4.03052e-05
-5.1152e-05
4.1509e-05
-5.20797e-05
4.24809e-05
-5.28181e-05
4.32806e-05
-5.33922e-05
4.39578e-05
-5.38178e-05
4.45544e-05
-5.41068e-05
4.50982e-05
-5.42637e-05
4.56035e-05
-5.42732e-05
4.60773e-05
-5.4103e-05
4.65261e-05
-5.36757e-05
-5.28375e-05
8.376e-07
-9.73411e-06
3.19044e-06
-1.52485e-05
6.32624e-06
-2.10169e-05
1.00216e-05
-2.65392e-05
1.39974e-05
-3.15399e-05
1.79941e-05
-3.59084e-05
2.17914e-05
-3.9628e-05
2.52265e-05
-4.27261e-05
2.82111e-05
-4.5264e-05
3.07093e-05
-4.73103e-05
3.27653e-05
-4.89485e-05
3.44796e-05
-5.02947e-05
3.58781e-05
-5.13914e-05
3.70046e-05
-5.22786e-05
3.79259e-05
-5.3001e-05
3.8694e-05
-5.35861e-05
3.93514e-05
-5.40496e-05
3.99333e-05
-5.43997e-05
4.04664e-05
-5.46399e-05
4.09656e-05
-5.4763e-05
4.14392e-05
-5.47468e-05
4.18914e-05
-5.45552e-05
4.23328e-05
-5.4117e-05
-5.3304e-05
1.17672e-06
-1.14289e-05
3.79045e-06
-1.78623e-05
7.14211e-06
-2.43686e-05
1.09063e-05
-3.03034e-05
1.47411e-05
-3.53747e-05
1.8379e-05
-3.95463e-05
2.16434e-05
-4.28924e-05
2.44522e-05
-4.55349e-05
2.67967e-05
-4.76085e-05
2.87239e-05
-4.92375e-05
3.0316e-05
-5.05406e-05
3.16112e-05
-5.159e-05
3.26612e-05
-5.24413e-05
3.3525e-05
-5.31424e-05
3.42483e-05
-5.37243e-05
3.48684e-05
-5.42062e-05
3.54161e-05
-5.45974e-05
3.5916e-05
-5.48996e-05
3.63849e-05
-5.51088e-05
3.68315e-05
-5.52096e-05
3.72612e-05
-5.51765e-05
3.76786e-05
-5.49726e-05
3.8097e-05
-5.45354e-05
-5.37589e-05
1.56167e-06
-1.32737e-05
4.37613e-06
-2.06767e-05
7.83581e-06
-2.78283e-05
1.14995e-05
-3.39671e-05
1.50106e-05
-3.88858e-05
1.81518e-05
-4.26876e-05
2.08337e-05
-4.55743e-05
2.30583e-05
-4.77594e-05
2.48758e-05
-4.9426e-05
2.6356e-05
-5.07176e-05
2.75543e-05
-5.17389e-05
2.85263e-05
-5.25619e-05
2.93245e-05
-5.32396e-05
2.99905e-05
-5.38084e-05
3.05583e-05
-5.42921e-05
3.10558e-05
-5.47037e-05
3.15055e-05
-5.50471e-05
3.19242e-05
-5.53183e-05
3.23223e-05
-5.55069e-05
3.27056e-05
-5.55929e-05
3.30785e-05
-5.55494e-05
3.34472e-05
-5.53412e-05
3.38267e-05
-5.49149e-05
-5.41834e-05
1.94945e-06
-1.52571e-05
4.88991e-06
-2.36172e-05
8.31847e-06
-3.12568e-05
1.17204e-05
-3.7369e-05
1.47836e-05
-4.1949e-05
1.73839e-05
-4.52878e-05
1.9519e-05
-4.77094e-05
2.12435e-05
-4.9484e-05
2.26281e-05
-5.08106e-05
2.37385e-05
-5.1828e-05
2.46314e-05
-5.26319e-05
2.53567e-05
-5.32872e-05
2.59547e-05
-5.38375e-05
2.6458e-05
-5.43117e-05
2.68927e-05
-5.47268e-05
2.72793e-05
-5.50903e-05
2.76332e-05
-5.5401e-05
2.79654e-05
-5.56506e-05
2.82831e-05
-5.58246e-05
2.85913e-05
-5.5901e-05
2.88949e-05
-5.58531e-05
2.92017e-05
-5.5648e-05
2.95272e-05
-5.52403e-05
-5.45605e-05
2.29276e-06
-1.73483e-05
5.27401e-06
-2.65984e-05
8.52997e-06
-3.45128e-05
1.15502e-05
-4.03892e-05
1.41165e-05
-4.45154e-05
1.62008e-05
-4.73721e-05
1.78583e-05
-4.93669e-05
1.91647e-05
-5.07904e-05
2.01919e-05
-5.18378e-05
2.10018e-05
-5.2638e-05
2.16459e-05
-5.32759e-05
2.21656e-05
-5.38069e-05
2.25937e-05
-5.42657e-05
2.29553e-05
-5.46732e-05
2.32687e-05
-5.50402e-05
2.35476e-05
-5.53692e-05
2.38023e-05
-5.56557e-05
2.40404e-05
-5.58887e-05
2.42677e-05
-5.60519e-05
2.44898e-05
-5.61231e-05
2.4713e-05
-5.60763e-05
2.49456e-05
-5.58807e-05
2.52036e-05
-5.54983e-05
-5.48758e-05
2.55324e-06
-1.95001e-05
5.4796e-06
-2.95248e-05
8.44803e-06
-3.74812e-05
1.10253e-05
-4.29665e-05
1.31042e-05
-4.65942e-05
1.47266e-05
-4.89945e-05
1.59743e-05
-5.06146e-05
1.69274e-05
-5.17434e-05
1.7654e-05
-5.25644e-05
1.82106e-05
-5.31946e-05
1.86427e-05
-5.3708e-05
1.8985e-05
-5.41492e-05
1.9263e-05
-5.45437e-05
1.94943e-05
-5.49046e-05
1.9691e-05
-5.52369e-05
1.98612e-05
-5.55395e-05
2.00118e-05
-5.58062e-05
2.01484e-05
-5.60253e-05
2.02768e-05
-5.61803e-05
2.04035e-05
-5.62499e-05
2.0536e-05
-5.62087e-05
2.06835e-05
-5.60282e-05
2.08622e-05
-5.56769e-05
-5.51167e-05
2.70683e-06
-2.16544e-05
5.48184e-06
-3.22998e-05
8.08975e-06
-4.00891e-05
1.02136e-05
-4.50903e-05
1.18425e-05
-4.82231e-05
1.30586e-05
-5.02106e-05
1.39521e-05
-5.15081e-05
1.46005e-05
-5.23917e-05
1.50674e-05
-5.30313e-05
1.54042e-05
-5.35314e-05
1.565e-05
-5.39539e-05
1.58331e-05
-5.43323e-05
1.5972e-05
-5.46825e-05
1.60782e-05
-5.50108e-05
1.61586e-05
-5.53173e-05
1.6218e-05
-5.55989e-05
1.62602e-05
-5.58484e-05
1.62897e-05
-5.60549e-05
1.63126e-05
-5.62032e-05
1.63361e-05
-5.62734e-05
1.6369e-05
-5.62416e-05
1.64214e-05
-5.60807e-05
1.65101e-05
-5.57656e-05
-5.52737e-05
2.7426e-06
-2.37521e-05
5.28408e-06
-3.48413e-05
7.49746e-06
-4.23025e-05
9.18726e-06
-4.67801e-05
1.04103e-05
-4.94462e-05
1.12679e-05
-5.10683e-05
1.18502e-05
-5.20904e-05
1.22305e-05
-5.2772e-05
1.24678e-05
-5.32686e-05
1.26081e-05
-5.36717e-05
1.26844e-05
-5.40301e-05
1.27184e-05
-5.43662e-05
1.2723e-05
-5.46871e-05
1.27052e-05
-5.4993e-05
1.26684e-05
-5.52806e-05
1.26146e-05
-5.55451e-05
1.25457e-05
-5.57795e-05
1.24651e-05
-5.59742e-05
1.23781e-05
-5.61162e-05
1.22926e-05
-5.6188e-05
1.22182e-05
-5.61671e-05
1.21661e-05
-5.60285e-05
1.2155e-05
-5.57545e-05
-5.53398e-05
2.65907e-06
-2.57377e-05
4.9106e-06
-3.70928e-05
6.72294e-06
-4.41149e-05
8.00891e-06
-4.80661e-05
8.86711e-06
-5.03044e-05
9.40509e-06
-5.16063e-05
9.70958e-06
-5.23949e-05
9.84947e-06
-5.29119e-05
9.87901e-06
-5.32982e-05
9.8384e-06
-5.36311e-05
9.75465e-06
-5.39464e-05
9.64401e-06
-5.42556e-05
9.51512e-06
-5.45582e-05
9.37191e-06
-5.48497e-05
9.21571e-06
-5.51244e-05
9.04678e-06
-5.53761e-05
8.86557e-06
-5.55983e-05
8.67389e-06
-5.57826e-05
8.47597e-06
-5.59183e-05
8.27908e-06
-5.59911e-05
8.09264e-06
-5.59807e-05
7.92651e-06
-5.58624e-05
7.8019e-06
-5.56299e-05
-5.53115e-05
2.46247e-06
-2.75631e-05
4.39358e-06
-3.90239e-05
5.81516e-06
-4.55364e-05
6.72967e-06
-4.89806e-05
7.25823e-06
-5.08329e-05
7.50771e-06
-5.18557e-05
7.56031e-06
-5.24475e-05
7.48044e-06
-5.2832e-05
7.3173e-06
-5.31351e-05
7.10536e-06
-5.34191e-05
6.86612e-06
-5.37072e-05
6.61137e-06
-5.40008e-05
6.34679e-06
-5.42937e-05
6.0746e-06
-5.45776e-05
5.79524e-06
-5.4845e-05
5.50842e-06
-5.50893e-05
5.21393e-06
-5.53038e-05
4.91251e-06
-5.54811e-05
4.60684e-06
-5.56126e-05
4.30312e-06
-5.56874e-05
4.01274e-06
-5.56903e-05
3.74696e-06
-5.55966e-05
3.47259e-06
-5.53555e-05
-5.51781e-05
2.16628e-06
-2.91889e-05
3.76655e-06
-4.06242e-05
4.81672e-06
-4.65866e-05
5.39043e-06
-4.95543e-05
5.61864e-06
-5.10612e-05
5.60425e-06
-5.18413e-05
5.42481e-06
-5.2268e-05
5.14027e-06
-5.25475e-05
4.79458e-06
-5.27894e-05
4.41659e-06
-5.30411e-05
4.02298e-06
-5.33135e-05
3.62204e-06
-5.35999e-05
3.21746e-06
-5.38891e-05
2.8106e-06
-5.41707e-05
2.40184e-06
-5.44363e-05
1.99125e-06
-5.46787e-05
1.57911e-06
-5.48917e-05
1.1666e-06
-5.50686e-05
7.56307e-07
-5.52023e-05
3.5251e-07
-5.52836e-05
-3.56849e-08
-5.53021e-05
-3.76054e-07
-5.52563e-05
-5.65794e-07
-5.51658e-05
-5.4694e-05
1.79097e-06
-3.05867e-05
3.06224e-06
-4.18955e-05
3.76431e-06
-4.72887e-05
4.02436e-06
-4.98144e-05
3.97575e-06
-5.10125e-05
3.71671e-06
-5.15823e-05
3.32029e-06
-5.18716e-05
2.84193e-06
-5.20691e-05
2.3203e-06
-5.22677e-05
1.77886e-06
-5.24997e-05
1.23018e-06
-5.27649e-05
6.79877e-07
-5.30496e-05
1.30081e-07
-5.33393e-05
-4.18436e-07
-5.36222e-05
-9.65369e-07
-5.38893e-05
-1.51045e-06
-5.41336e-05
-2.0532e-06
-5.43489e-05
-2.59275e-06
-5.45291e-05
-3.12753e-06
-5.46676e-05
-3.65375e-06
-5.47573e-05
-4.16321e-06
-5.47927e-05
-4.65358e-06
-5.47659e-05
-5.19235e-06
-5.4627e-05
-5.4344e-05
1.36223e-06
-3.17374e-05
2.31301e-06
-4.28462e-05
2.68931e-06
-4.7665e-05
2.65827e-06
-4.97833e-05
2.35137e-06
-5.07056e-05
1.86253e-06
-5.10935e-05
1.26041e-06
-5.12695e-05
5.95823e-07
-5.14046e-05
-9.78363e-08
-5.15741e-05
-8.01148e-07
-5.17964e-05
-1.5056e-06
-5.20604e-05
-2.20792e-06
-5.23473e-05
-2.90705e-06
-5.26402e-05
-3.60275e-06
-5.29265e-05
-4.29495e-06
-5.31971e-05
-4.98348e-06
-5.34451e-05
-5.66802e-06
-5.36644e-05
-6.34799e-06
-5.38491e-05
-7.02217e-06
-5.39934e-05
-7.68841e-06
-5.40911e-05
-8.34509e-06
-5.4136e-05
-8.99396e-06
-5.4117e-05
-9.61397e-06
-5.4007e-05
-5.38476e-05
9.07312e-07
-3.26143e-05
1.54879e-06
-4.34877e-05
1.61879e-06
-4.7735e-05
1.31438e-06
-4.94789e-05
7.63081e-07
-5.01543e-05
5.50318e-08
-5.03854e-05
-7.44156e-07
-5.04703e-05
-1.58882e-06
-5.05599e-05
-2.45067e-06
-5.07122e-05
-3.31518e-06
-5.09319e-05
-4.17611e-06
-5.11995e-05
-5.03177e-06
-5.14916e-05
-5.8821e-06
-5.17898e-05
-6.7273e-06
-5.20813e-05
-7.56744e-06
-5.2357e-05
-8.40243e-06
-5.26101e-05
-9.2319e-06
-5.28349e-05
-1.00551e-05
-5.30259e-05
-1.08705e-05
-5.31779e-05
-1.16758e-05
-5.32858e-05
-1.24675e-05
-5.33443e-05
-1.32388e-05
-5.33457e-05
-1.39689e-05
-5.32769e-05
-5.32084e-05
4.48958e-07
-3.32634e-05
7.96642e-07
-4.38354e-05
5.7664e-07
-4.7515e-05
9.41494e-09
-4.89117e-05
-7.74809e-07
-4.93701e-05
-1.69265e-06
-4.94676e-05
-2.68306e-06
-4.94799e-05
-3.70431e-06
-4.95386e-05
-4.73235e-06
-4.96842e-05
-5.75639e-06
-4.99078e-05
-6.77285e-06
-5.0183e-05
-7.78143e-06
-5.0483e-05
-8.78262e-06
-5.07886e-05
-9.77677e-06
-5.10871e-05
-1.07639e-05
-5.13698e-05
-1.17438e-05
-5.16302e-05
-1.27158e-05
-5.18629e-05
-1.36786e-05
-5.2063e-05
-1.46304e-05
-5.22262e-05
-1.55679e-05
-5.23483e-05
-1.64864e-05
-5.24258e-05
-1.7378e-05
-5.24542e-05
-1.82271e-05
-5.24278e-05
-5.24351e-05
-2.82022e-09
-3.36625e-05
9.43586e-08
-4.39326e-05
-4.15813e-07
-4.70048e-05
-1.23695e-06
-4.80905e-05
-2.2499e-06
-4.83572e-05
-3.37319e-06
-4.83443e-05
-4.55022e-06
-4.83029e-05
-5.7441e-06
-4.83447e-05
-6.9355e-06
-4.84928e-05
-8.11702e-06
-4.87263e-05
-9.28727e-06
-4.90128e-05
-1.0447e-05
-4.93233e-05
-1.15971e-05
-4.96386e-05
-1.27379e-05
-4.99464e-05
-1.38692e-05
-5.02385e-05
-1.49907e-05
-5.05088e-05
-1.61013e-05
-5.07523e-05
-1.71995e-05
-5.09649e-05
-1.82829e-05
-5.11427e-05
-1.93481e-05
-5.12832e-05
-2.03898e-05
-5.1384e-05
-2.14009e-05
-5.14432e-05
-2.23691e-05
-5.14596e-05
-5.15335e-05
-3.47049e-07
-3.38658e-05
-5.67626e-07
-4.3712e-05
-1.34297e-06
-4.62295e-05
-2.41675e-06
-4.70168e-05
-3.65472e-06
-4.71192e-05
-4.9796e-06
-4.70194e-05
-6.33934e-06
-4.69431e-05
-7.70225e-06
-4.69818e-05
-9.05384e-06
-4.71412e-05
-1.039e-05
-4.73901e-05
-1.17113e-05
-4.76915e-05
-1.30194e-05
-4.80153e-05
-1.43152e-05
-4.83428e-05
-1.5599e-05
-4.86625e-05
-1.68707e-05
-4.89668e-05
-1.81294e-05
-4.925e-05
-1.93741e-05
-4.95077e-05
-2.0603e-05
-4.9736e-05
-2.18135e-05
-4.99322e-05
-2.30023e-05
-5.00944e-05
-2.41643e-05
-5.0222e-05
-2.52932e-05
-5.03143e-05
-2.63791e-05
-5.03737e-05
-5.05078e-05
-5.999e-07
-3.38732e-05
-1.1327e-06
-4.31792e-05
-2.19092e-06
-4.51712e-05
-3.52009e-06
-4.56876e-05
-4.98314e-06
-4.56561e-05
-6.50716e-06
-4.54954e-05
-8.04587e-06
-4.54044e-05
-9.5739e-06
-4.54538e-05
-1.10819e-05
-4.56332e-05
-1.25692e-05
-4.59029e-05
-1.40379e-05
-4.62227e-05
-1.54903e-05
-4.65628e-05
-1.69277e-05
-4.69054e-05
-1.83502e-05
-4.724e-05
-1.97575e-05
-4.75595e-05
-2.11488e-05
-4.78588e-05
-2.25228e-05
-4.81337e-05
-2.38778e-05
-4.8381e-05
-2.52113e-05
-4.85987e-05
-2.65199e-05
-4.87858e-05
-2.77991e-05
-4.89427e-05
-2.90433e-05
-4.90701e-05
-3.02442e-05
-4.91728e-05
-4.93622e-05
-6.98552e-07
-3.36803e-05
-1.58177e-06
-4.2296e-05
-2.9474e-06
-4.38056e-05
-4.54225e-06
-4.40927e-05
-6.23251e-06
-4.39659e-05
-7.95343e-06
-4.37745e-05
-9.66692e-06
-4.36909e-05
-1.13554e-05
-4.37653e-05
-1.30153e-05
-4.39733e-05
-1.4649e-05
-4.42692e-05
-1.62604e-05
-4.46113e-05
-1.78525e-05
-4.49708e-05
-1.94264e-05
-4.53315e-05
-2.09825e-05
-4.56839e-05
-2.25203e-05
-4.60217e-05
-2.40389e-05
-4.63401e-05
-2.55373e-05
-4.66353e-05
-2.70136e-05
-4.69047e-05
-2.84656e-05
-4.71467e-05
-2.98901e-05
-4.73614e-05
-3.12829e-05
-4.75499e-05
-3.26389e-05
-4.77141e-05
-3.39513e-05
-4.78604e-05
-4.81014e-05
-5.93345e-07
-3.31965e-05
-1.89627e-06
-4.09931e-05
-3.608e-06
-4.20939e-05
-5.48422e-06
-4.22165e-05
-7.40451e-06
-4.20456e-05
-9.31888e-06
-4.18601e-05
-1.12015e-05
-4.18083e-05
-1.30444e-05
-4.19224e-05
-1.48503e-05
-4.21675e-05
-1.66248e-05
-4.24946e-05
-1.83733e-05
-4.28627e-05
-2.00992e-05
-4.32449e-05
-2.18039e-05
-4.36268e-05
-2.34878e-05
-4.40001e-05
-2.51503e-05
-4.43591e-05
-2.67908e-05
-4.46996e-05
-2.84081e-05
-4.5018e-05
-3.00007e-05
-4.53121e-05
-3.15664e-05
-4.5581e-05
-3.31022e-05
-4.58256e-05
-3.46042e-05
-4.60478e-05
-3.60679e-05
-4.62504e-05
-3.74876e-05
-4.64407e-05
-4.67299e-05
-1.87986e-07
-3.2682e-05
-2.0645e-06
-3.91165e-05
-4.18696e-06
-3.99714e-05
-6.35873e-06
-4.00448e-05
-8.50704e-06
-3.98973e-05
-1.06073e-05
-3.97599e-05
-1.26504e-05
-3.97652e-05
-1.46397e-05
-3.9933e-05
-1.65842e-05
-4.0223e-05
-1.84926e-05
-4.05863e-05
-2.03715e-05
-4.09838e-05
-2.22246e-05
-4.13918e-05
-2.40535e-05
-4.17979e-05
-2.58587e-05
-4.2195e-05
-2.76397e-05
-4.25781e-05
-2.9396e-05
-4.29433e-05
-3.11264e-05
-4.32875e-05
-3.28297e-05
-4.36088e-05
-3.45038e-05
-4.3907e-05
-3.61457e-05
-4.41837e-05
-3.7752e-05
-4.44416e-05
-3.93185e-05
-4.46839e-05
-4.08405e-05
-4.49187e-05
-4.52528e-05
8.59928e-07
-2.13388e-06
-4.73666e-06
-7.19421e-06
-9.55413e-06
-1.18249e-05
-1.40157e-05
-1.61408e-05
-1.82147e-05
-2.02487e-05
-2.22502e-05
-2.4223e-05
-2.61689e-05
-2.80883e-05
-2.9981e-05
-3.18465e-05
-3.36838e-05
-3.54917e-05
-3.72681e-05
-3.90104e-05
-4.07151e-05
-4.23788e-05
-4.3998e-05
)
;

boundaryField
{
    rotor
    {
        type            calculated;
        value           nonuniform List<scalar> 
144
(
0
2.11758e-22
2.11758e-22
-4.23516e-22
4.23516e-22
-4.23516e-22
-2.87919e-24
-2.15974e-24
-6.13783e-24
-2.31191e-24
-1.7728e-24
2.93391e-24
3.2237e-24
5.91592e-25
1.20583e-24
-1.38148e-25
1.09789e-24
3.10843e-26
7.38973e-26
2.93017e-24
7.07914e-25
2.45408e-24
-5.95562e-25
4.28493e-24
-2.63664e-24
4.05007e-25
-3.92798e-25
-2.89878e-24
-3.3262e-24
5.95463e-24
0
0
0
-4.23516e-22
0
0
0
0
0
-4.23516e-22
4.23516e-22
-4.23516e-22
-9.30943e-24
-2.15974e-24
-6.13783e-24
-2.31191e-24
-1.7728e-24
2.93391e-24
3.2237e-24
5.91592e-25
1.20583e-24
-1.38148e-25
1.09789e-24
3.10843e-26
7.38973e-26
2.93017e-24
7.07914e-25
2.45408e-24
-5.95562e-25
4.28493e-24
-2.63664e-24
4.05007e-25
-3.92798e-25
-2.89878e-24
-3.3262e-24
-4.90977e-24
-2.11758e-22
-2.11758e-22
2.11758e-22
-4.23516e-22
0
4.23516e-22
2.11758e-22
0
2.11758e-22
0
4.23516e-22
0
4.262e-24
-2.15974e-24
-6.13783e-24
-2.31191e-24
-1.7728e-24
2.93391e-24
3.2237e-24
5.91592e-25
1.20583e-24
-1.38148e-25
1.09789e-24
3.10843e-26
7.38973e-26
2.93017e-24
7.07914e-25
2.45408e-24
-5.95562e-25
4.28493e-24
-2.63664e-24
4.05007e-25
-3.92798e-25
-2.89878e-24
-3.3262e-24
1.2451e-23
-2.11758e-22
0
-2.11758e-22
-4.23516e-22
0
0
0
0
2.11758e-22
0
4.23516e-22
-4.23516e-22
8.7596e-24
-2.15974e-24
-6.13783e-24
-2.31191e-24
-1.7728e-24
2.93391e-24
3.2237e-24
5.91592e-25
1.20583e-24
-1.38148e-25
1.09789e-24
3.10843e-26
7.38973e-26
2.93017e-24
7.07914e-25
2.45408e-24
-5.95562e-25
4.28493e-24
-2.63664e-24
4.05007e-25
-3.92798e-25
-2.89878e-24
-3.3262e-24
-9.70049e-24
0
-2.11758e-22
0
0
-4.23516e-22
0
)
;
    }
    freestream
    {
        type            calculated;
        value           nonuniform List<scalar> 
96
(
-4.86201e-05
-5.14407e-05
-5.40265e-05
-5.63665e-05
-5.84532e-05
-6.02794e-05
-6.18384e-05
-6.31233e-05
-6.41289e-05
-6.48516e-05
-6.52885e-05
-6.54381e-05
-6.53e-05
-6.48748e-05
-6.41643e-05
-6.31713e-05
-6.18998e-05
-6.03551e-05
-5.85433e-05
-5.64717e-05
-5.41487e-05
-5.15849e-05
-4.87902e-05
-4.57761e-05
-4.25548e-05
-3.91392e-05
-3.55431e-05
-3.17808e-05
-2.78669e-05
-2.38163e-05
-1.96441e-05
-1.53651e-05
-1.09956e-05
-6.56012e-06
-2.12658e-06
2.03262e-06
6.35186e-06
1.07134e-05
1.5101e-05
1.95019e-05
2.39074e-05
2.8317e-05
3.27373e-05
3.71815e-05
4.16692e-05
4.62257e-05
5.08803e-05
5.56605e-05
6.05776e-05
6.55752e-05
7.04028e-05
7.42734e-05
7.48459e-05
6.80424e-05
5.54659e-05
4.18423e-05
2.93272e-05
1.92521e-05
1.5336e-05
1.88424e-05
2.66406e-05
3.5288e-05
4.44739e-05
5.36646e-05
6.10844e-05
6.58359e-05
6.79216e-05
6.75442e-05
6.54715e-05
6.24527e-05
5.89249e-05
5.50954e-05
5.10936e-05
4.69844e-05
4.27993e-05
3.85519e-05
3.42512e-05
2.99043e-05
2.55188e-05
2.11031e-05
1.66671e-05
1.2221e-05
7.77368e-06
3.33918e-06
-1.04993e-06
-5.54236e-06
-1.01104e-05
-1.46081e-05
-1.90004e-05
-2.32706e-05
-2.74048e-05
-3.13897e-05
-3.52122e-05
-3.88591e-05
-4.23176e-05
-4.55752e-05
)
;
    }
    frontAndBack
    {
        type            empty;
    }
}


// ************************************************************************* //
