/*--------------------------------*- C++ -*----------------------------------*  =========                 |
  \      /  F ield         | OpenFOAM: The Open Source CFD Toolbox
   \    /   O peration     | Website:  https://openfoam.org
    \  /    A nd           | Version:  11
     \/     M anipulation  |
\*---------------------------------------------------------------------------*/
FoamFile
{
    format      ascii;
    class       volScalarField;
    object      U;
}
// * * * * * * * * * * * * * * * * * * * * * * * * * * * * * * * * * * * * * //

dimensions      [0 1 -1 0 0 0 0];

internalField   nonuniform List<scalar> 
2880
( 
0.09898019749358859
0.14759534167209162
0.16007620079370294
0.27254261886764874
0.43032374786640276
0.9505416014036151
0.12197602363226732
0.13374175616238282
0.16939099132492755
0.2933888688203067
0.49854067777769007
0.8377081117496143
0.12503270521904628
0.11783156751569038
0.17326936634164736
0.3139590689544639
0.5503571873202258
0.8335580958049353
0.12784666348174145
0.11424727355009942
0.18682498182909557
0.35353527575633137
0.5862133897935046
0.830653735895117
0.13072545628598298
0.11575042172699092
0.20801640871858854
0.3814195158978504
0.6132178698758568
0.8601466879229411
0.12857039544801172
0.11448439768484436
0.22328482020487947
0.3965489039199012
0.6205095373385594
0.8734934148514306
0.1262672815293876
0.117788064025679
0.23488249357518814
0.4182048055573151
0.6523552817540454
0.8777223844016528
0.13135281582980332
0.1158431798378568
0.2400055628620014
0.4330010697210876
0.6528659216279573
0.8435008211134638
0.12381930975865166
0.12343297794037507
0.2497383914093247
0.44053048340004375
0.6564745329787686
0.8618611947009938
0.12712799047887052
0.1211914428306167
0.25003161249340594
0.45070362373340106
0.6775115187521501
0.8641321856872004
0.12528938637353532
0.1219552786917971
0.25320765668223133
0.45183127073252305
0.6647727251668516
0.8536967957207431
0.12186930940223076
0.11796360869736981
0.24941439792694886
0.4512092725394907
0.667332806849809
0.8284609895891464
0.1193808940316028
0.12001059668954339
0.2489433944736113
0.4517009706566722
0.656514767262597
0.813519065393616
0.12104870476237274
0.11995335553002882
0.24382349997129937
0.44100311989311647
0.6601605650265681
0.8265257262519118
0.12064650772324223
0.11471056233916603
0.2337926485500587
0.42102692428833427
0.6445249902499042
0.7924146060915371
0.12133201455614497
0.11187385267795508
0.21123834722451412
0.4083576954457338
0.6282030880267875
0.8112578216738069
0.11622108298831493
0.10915627662945257
0.19629327242798902
0.3815545605549699
0.6109398812019005
0.7999616406740384
0.11925841721808628
0.10574736010210924
0.17625746943055104
0.34844773702943865
0.5641196656484819
0.75516561970227
0.11719146506324958
0.1046243186739988
0.16574024613524882
0.3117545872737444
0.5314797508120723
0.7559782912925932
0.11496674946376477
0.09889628681207295
0.14695719353139058
0.2666341114207222
0.471270627134458
0.722589409764575
0.11236790341207367
0.09988291413681719
0.13450274389196265
0.23152393022176687
0.417662993836372
0.693034993869948
0.10897259778806866
0.10201425898606778
0.1386539844348346
0.19898569479154044
0.3339792950133387
0.6501339120908989
0.10162021433187736
0.10945507767159815
0.13413087340530194
0.1724789944519699
0.2587446944496261
0.5857301342188554
0.07524821184240647
0.11179053412742232
0.13590409001332235
0.16591259458993335
0.2406933668162679
0.5642190226940096
1.5224516754366202
1.5793682116020737
1.6858754798668147
1.641293038166416
1.6538510798006434
1.645944996426029
1.5667063586047698
1.5270686727019758
1.428713060187632
1.3247700384589916
1.2525879975508796
1.1891010566993048
1.1503860122228045
1.112963985799716
1.0584107505253748
1.0436734685848243
1.0482014235828816
1.0281482394572532
1.029297976711645
1.0073708782953967
1.0148042321599482
0.9934526639427965
0.9717512188906501
0.9704865250851034
1.3330586125819592
1.528535198873234
1.5983808968118525
1.6099831356401137
1.6245795625359907
1.5603084663835374
1.5006499573729601
1.4190921635032712
1.3095213486289408
1.2412581348043168
1.1806807659276974
1.115099844976856
1.0860614615588715
1.0535839550820376
1.0394036694457787
1.016141060855961
1.0130020751365296
1.0103706957469551
1.0094844615453527
0.9999367470187173
0.9927886209629757
0.9730255396072388
0.958157418064482
0.9552509159791156
1.2419355328505624
1.4716164185549494
1.52689785017865
1.5560400840178175
1.5250962066385694
1.462249588202368
1.3848026909324114
1.2973250588569587
1.230362947789955
1.1681499021284898
1.1134247692221688
1.0566543723406803
1.0266272738780258
1.0109706125296445
1.018817171555626
1.0146962018737478
0.9949855597992794
0.98867349656507
1.0004846576602269
0.9967603417879122
0.9748596699104368
0.9681085934542647
0.9655546276771403
0.945989221139387
1.2257290159122807
1.3853413114810085
1.4881339026483569
1.5002581822273569
1.443313356260965
1.3736364376805357
1.3003931943013565
1.21738588781588
1.1558896529298586
1.0853066339426556
1.0536597292749976
1.0244389134024485
1.0173381497120197
0.9891008299826646
0.981735259502253
0.9710513607377066
0.97274736026427
0.9768473814667492
0.9848415796350334
0.969918493682943
0.9715436598854468
0.9643702105009246
0.9605145872112271
0.9480105970045195
1.155034040583644
1.3282385211220402
1.3878855202849207
1.3920970670482262
1.352034825881619
1.289921851813786
1.2158911887726236
1.144660326272806
1.0698083871272857
1.0309922848317692
1.02036160511669
1.0093163774897775
0.9918297269896093
0.9830710303681655
0.9850942011620021
0.947188975900214
0.965304717719359
0.9721904266025987
0.965359737547423
0.967304543996625
0.9588145243336349
0.9628613499544433
0.9542419518388366
0.9347358373783176
1.111263250647133
1.2811760226737654
1.328811731128455
1.310694382866222
1.250048161268416
1.1842075436857593
1.107275564301001
1.051348155073194
1.0026065033138827
0.9952947208047214
0.965286278541196
0.9385270554876115
0.9702048475370892
0.9536208707370093
0.9673966525337051
0.9739347497187976
0.965072386228383
0.9524720896796168
0.9495467234598293
0.9704009440649413
0.9606002785659586
0.9673389910319599
0.9517974112715855
0.9446519556407225
1.076751079769842
1.2031938002996976
1.2527760274983555
1.2066956960584863
1.1544002839836487
1.0853342120659215
1.0381080604482016
0.9752187499937203
0.9747765524673893
0.9570786562617987
0.9554455478980003
0.9499428904477875
0.9588488671046668
0.9358276981312464
0.9419541212408133
0.9463808908242773
0.9673872885819272
0.9656752420276905
0.9562594798903022
0.9648413911052354
0.9538180108574507
0.9566204582403766
0.9582868089764548
0.9432743782615459
1.0158000655878399
1.1884969188887669
1.1875159994775368
1.1300768059083874
1.0571868680353065
1.0147112525483288
0.952948064303012
0.9434592451594723
0.9147049657398887
0.9379697971426437
0.924271575914047
0.9295589073315381
0.9461764931564474
0.94155266423657
0.9416562549535626
0.9534187101228873
0.9549684123214135
0.962459829438862
0.9547877676602305
0.9561328337346129
0.9622788100756482
0.9532102981127604
0.9564239639543466
0.9453718443332035
1.0220758727523447
1.094476324121394
1.0967327813971692
1.0394272094345622
0.9719089421267424
0.9508812981435407
0.9101435622624563
0.8884590250865378
0.8947872042702649
0.8975735003560624
0.9075875465793244
0.9245753397557626
0.919415034978
0.9154648602146519
0.9420659934494335
0.9419693455054808
0.9655219857812007
0.9530141706519281
0.9498904127333265
0.9491346782813528
0.9535579419265641
0.9571067048186264
0.9530809124775967
0.9502996946519998
1.015967771976373
1.0537978227204343
1.0167158892672847
0.9540632187474094
0.9076021262297249
0.8777564816901335
0.884726256183111
0.873175613852731
0.8666000696721877
0.8741335524504773
0.8963754766669043
0.9039370021506897
0.9080822072853053
0.917092860247378
0.9222255669916319
0.9418988455582195
0.9483330638055483
0.9484523379562363
0.9479329489982065
0.9503494794659254
0.9642579942135149
0.9574838667994203
0.9526286424590844
0.9523093115193675
0.9771030026653187
0.9864177594857559
0.9444407308491787
0.8853758008221879
0.8231068894002044
0.8277271288407033
0.8491202638796277
0.8652735327376315
0.8575861437514982
0.8720933023360612
0.8875049318670969
0.8963677554116495
0.9053687302865853
0.9114871674325933
0.9220955929034412
0.9352141398023786
0.9418469549213551
0.9466842112085345
0.9535413073576442
0.953294765592713
0.9525786248225202
0.955329875070083
0.9592853914765258
0.955148947138907
0.9309878187549809
0.9383180352254061
0.8614859970344848
0.7991857351691306
0.785625740558579
0.8045714826690868
0.825076570936187
0.8333350424893824
0.8464508958880358
0.8716191211477933
0.8818281432621274
0.887097583599818
0.8913962042945237
0.913531206973553
0.9174934860237383
0.933242104720024
0.930482730115045
0.9439691504357809
0.9376897832890105
0.9508164633402686
0.9601598711341357
0.9547369495529514
0.965090621962916
0.9611107142870656
0.9347711818244612
0.8844581804985796
0.8187324978690924
0.7868846811633089
0.7784088491214309
0.7831383937575455
0.7941892144617806
0.8195011270035603
0.8378012112156705
0.8485485055895641
0.8632202326270901
0.8910046866446656
0.8980490045352689
0.9251047781188639
0.9201160005397869
0.92742859438787
0.9431066845777399
0.9400701587161223
0.9463172546964936
0.9427098147488144
0.9616527501505678
0.9664027766374139
0.9710618132554213
0.9734763593824088
0.8719565254150495
0.8127260410747078
0.7316212395812911
0.7425413115301746
0.7351409439056628
0.7756395774929843
0.7967536711404067
0.793219599077816
0.8270948073501756
0.8768058875380657
0.8787953616443845
0.891514586596505
0.9075524766257606
0.9088085392427863
0.9273065950729845
0.9298122948728164
0.9350175058712147
0.9439011297312918
0.953217077315661
0.9597730006353409
0.9681506025444334
0.973956765667018
0.9741407193165578
0.9794659492319145
0.8544645211197203
0.7623977556493026
0.6705622665912563
0.7094267438434796
0.7246129252784026
0.7473243068683536
0.7929514613537604
0.8012907503940282
0.8289518972481906
0.8400337858605719
0.8591090861978657
0.8941804346685525
0.9025459046316364
0.9168982393552412
0.9233791075887403
0.9298806852746649
0.9433586827024101
0.9510630027604996
0.9625860529528775
0.9606219133864875
0.9730918937278875
0.9762399965250681
0.983212036987851
0.9863044956746441
0.8367077732994981
0.7324043322195967
0.6656299800578432
0.6893487328907425
0.7146206678563729
0.7439423759792656
0.7745337445876675
0.8168900620012107
0.8365364699263478
0.853692291124889
0.8731558152132306
0.8785540548107228
0.9081090312982919
0.9130806029099885
0.9156934921291251
0.9366851062796275
0.951507087023719
0.9537856787620467
0.9570738642990014
0.9704351280584289
0.976582247732741
0.986036917293462
0.9856706930191407
0.9921594009354012
0.7773457029361907
0.6558002119518246
0.6565808247774101
0.7059421347520185
0.7301513138427231
0.7401845337004184
0.7662508941787355
0.8110251924332542
0.8339618263500763
0.8535245267784626
0.8564627885224365
0.8865278280007401
0.9060547279305634
0.9093198485641009
0.931734163059806
0.941122576237462
0.9453593584812318
0.9536686874833897
0.9714664105575318
0.9783682508818019
0.9828487589258694
0.9879628341328439
0.9938380488627505
0.9972290127866492
0.7533166836260606
0.6370607921309714
0.6290651247928769
0.6719279521446085
0.671461974955953
0.7381147192275586
0.7749766315234545
0.808490140166124
0.8288340360576061
0.8516160708777482
0.8579177185569611
0.8899415973681079
0.9049176924213984
0.9222046914186492
0.929888450846775
0.9448969240911141
0.9527838965735166
0.9670637327108099
0.9756413157012421
0.9787336622565845
0.9899764201075499
0.9944373098601589
0.9951133757702039
1.0027768318000332
0.7186853051206872
0.6293493417680536
0.6404999412725966
0.6598334199640351
0.6940913158131451
0.7630384723227435
0.7874620350600275
0.8029417509496416
0.8454511196155838
0.8562223557610966
0.8686737592968652
0.8944699569636745
0.9123722975614177
0.9306561912545086
0.9459505061335155
0.9531702139230254
0.9592224856662533
0.9682236761172403
0.9816013335479891
0.9843132664016124
0.99315129807559
0.9992921999044828
1.0019568788455866
1.0068193690832026
0.6786505543135386
0.6272019681046977
0.6394637692272163
0.680061524535598
0.7139702191176968
0.7613542777650486
0.7902269615989398
0.8085852206283275
0.8299242292360312
0.8701530077668362
0.8818076879350315
0.9001853616890212
0.9170608049634313
0.932502125297588
0.94037571087071
0.9514528903444464
0.9691400335555022
0.9758697806681733
0.9814126454014375
0.9922784435237814
0.9981018089577274
1.0033245034538545
1.005081090052913
1.0083672052983919
0.6509364241575697
0.6331006071082241
0.6533951336379749
0.6925097453373914
0.7263918882865558
0.7452340070772001
0.7830727992687787
0.8266902707058421
0.8430026921840478
0.878942223326043
0.8902008875458852
0.9028779278957656
0.9237189007547202
0.9413223451199323
0.9511167837027457
0.9655815398305245
0.9707011934684571
0.9784026876938523
0.9898708058917383
0.993607030050096
1.003033751112687
1.0074052031404614
1.0072382446755457
1.0119268376482833
0.6196653205211323
0.6057729593091856
0.6560409632531539
0.6923289413075384
0.7341571279243189
0.7591881481617013
0.7968537406994094
0.832229695742901
0.8467676784856726
0.877109113784335
0.9063944195385
0.924282817724039
0.9295076390537462
0.9473527623799917
0.9614645405901503
0.9709517808105822
0.9810106863631795
0.9883232287126684
0.998561186812417
1.0007481281643176
1.0074427109637771
1.0076003790699746
1.009553521693932
1.0156201369041287
0.5849490059280784
0.6240180676300875
0.6795628677362993
0.7004530669187993
0.7523453965813561
0.780111839151278
0.8179730294952161
0.852462988516566
0.8642649740576043
0.8787078135780849
0.9007807123829386
0.9259234385856637
0.9427923570827644
0.9562450302188389
0.9655837831309854
0.9824036217944078
0.984394773412316
0.9940318011741129
0.9994789829114
1.0030151341621936
1.0108328020463164
1.011276613436547
1.0131099771298269
1.014584526981109
0.5845838117350903
0.648326790718941
0.6812776344453959
0.744239471653297
0.7645573161603534
0.8003988788775422
0.8309101491328557
0.8564487654174613
0.8808200386858699
0.9045421512597211
0.9276427700263665
0.9445182944273145
0.9553680536493542
0.9746822194752156
0.9796273652709673
0.9883276503148107
0.9975893674273527
0.9986998063668843
1.0067280006798935
1.0087743204380357
1.0104535284120362
1.0129878121921962
1.0164800878110212
1.0177894954129993
0.0632118256377671
0.21910394797823401
0.40190928059895864
0.46419974146513543
0.5369100888727094
0.31250584253940367
0.1274367593534407
0.31384391568183506
0.4621460564381843
0.4999978566162816
0.5288867935797087
0.4110044400004808
0.17348293380946028
0.35183306874388787
0.4591958343954312
0.4994288042193159
0.5133464441756403
0.4570811080073622
0.20315530668689155
0.36679581888629
0.4639873267507001
0.506603121176092
0.5182663222719924
0.48776833645385037
0.24654632782107308
0.387066541151977
0.46866110652852255
0.5023658791870452
0.517525166557107
0.5181817911716923
0.289866853547336
0.4041654218468277
0.48100439409593543
0.4996313295344542
0.5275331190827759
0.5392291947879455
0.3144945940781419
0.41722435445535855
0.4751196562249014
0.5145213197479565
0.5414228267768741
0.5511874337292584
0.3443389446070785
0.4284319382839692
0.48424244792410026
0.5367068334172538
0.5562712679340249
0.5812823907717148
0.3597639672865154
0.4329432917746518
0.4895579007355947
0.5256189387133984
0.5582016590157647
0.5911879986394406
0.38724847173482957
0.4448110076814409
0.5004251594273038
0.5412762861148225
0.5731821700065802
0.611759668474056
0.39551227918362186
0.44950700376844577
0.5144355639273642
0.5548049641569941
0.5995935989474104
0.6422557778091528
0.39179617879032613
0.4520951396091145
0.509559690155854
0.5647797134708371
0.6124104202292584
0.6619386535694333
0.3992758027898537
0.46200682179838537
0.5203902492907635
0.5709396452594022
0.6147134150780175
0.6798203442534851
0.38719100996496103
0.45276027766853
0.5361428568301463
0.5894446658028673
0.6571323448249291
0.6943873610744502
0.3878675877042598
0.4534048160443507
0.5381213711395102
0.6012126156018471
0.6614302004451886
0.7328782497657944
0.38202605997723893
0.4416156104787539
0.5247772244132354
0.5966967200314057
0.6940457013820694
0.7576187547461289
0.34976704418592475
0.445299906913551
0.5298321571727117
0.6265244478296986
0.7054608372125293
0.7595624136460396
0.3372195013246254
0.44269780575550544
0.5292478468941447
0.633871250238139
0.7309166220901941
0.8129933942653051
0.3081712942912622
0.4326936402449997
0.5327301438893981
0.6344748228999921
0.7400974402941867
0.8508903971262136
0.27728620952268584
0.4101263670986899
0.5203296923424179
0.6347188734996214
0.7403667027946478
0.8631536226340011
0.23387649428527763
0.39226057125558267
0.5090676876199264
0.6316004229307863
0.7669947408258417
0.8839111967628155
0.19504188750118584
0.35964368447257355
0.5047735215805078
0.6210641257707011
0.7470406356694845
0.9374540832227669
0.14867332322221055
0.30806559481831175
0.4589995922161789
0.5992701240200438
0.7180938935113947
0.9444558989635747
0.0751634759899957
0.21850473240008694
0.3652462691385139
0.5418642529019285
0.6371723614263338
1.0232129895554474
0.5456330107477793
0.6495224164953027
0.7123283263088125
0.7452148574607934
0.7744062719824021
0.8122852210385597
0.8410123809255182
0.8721814270055674
0.8952511199085699
0.9102965203582318
0.933785749804849
0.9511473908578143
0.9674588180264567
0.9743659011151174
0.9807019305158713
0.9924084197835812
1.003355603285243
1.0072700277875726
1.0123143209308805
1.0114973076953118
1.0143509497134038
1.0149769465370149
1.0183188212206573
1.018070561337889
0.5370761178657063
0.6630431570186119
0.7284371835723676
0.7518850461201039
0.791667956501106
0.8298799858387517
0.8503376392802344
0.8811556002842076
0.9045695069646769
0.9328373319447141
0.9455031573298041
0.959306965698979
0.980991098066444
0.9830685692710217
0.9944749703103515
0.9985480385458416
1.0073159483802017
1.014805014436928
1.009392641490571
1.0149613171346443
1.01731633837539
1.0171444034623918
1.0189613849385075
1.0180830574714261
0.535424432898415
0.6620863118451272
0.7223735646119699
0.7769964024604316
0.8045167653065002
0.8352445494886922
0.8742804808816542
0.8973222204865124
0.9179635114478276
0.9444407439682816
0.960580271799967
0.9744781073612415
0.9869805917055626
0.9948967996899951
1.0081800734643431
1.0092377503032313
1.0123775258870211
1.014426730717801
1.0165945954966482
1.0194461270661725
1.0183770571912407
1.0187371358716453
1.0163509477129111
1.0158980361691405
0.5417332405301043
0.6493526044295771
0.7233565705456043
0.7788185912628176
0.816282516773168
0.8479912429486245
0.878700197746382
0.9088142198164599
0.9326441777928132
0.9551542421648681
0.9734585689578812
0.9897369459966223
0.9932471165286945
1.0052778238306577
1.0085332302854895
1.0128058904092285
1.0193501564029135
1.0218102326995457
1.0193249203585946
1.0211419645891129
1.0190405487488965
1.0176132074898148
1.0165673929544625
1.0127681979043526
0.5578358491406776
0.6576437469274555
0.7322944881342152
0.7835586690285102
0.8216191945238704
0.8602011364605959
0.8913886173422906
0.921557239354735
0.9460948391243169
0.9690685400514844
0.9851216675838255
0.9955601620588136
1.0035493476044415
1.0143790208130294
1.013221474121135
1.0179173356671727
1.0173633933268669
1.0247836768290697
1.019344109580351
1.023014185365591
1.0180056315394619
1.0177464367900244
1.0146443359496202
1.0111010555418734
0.5769748291328824
0.6675184068266509
0.7331636992174242
0.782590690073412
0.8307535332062008
0.865390564084473
0.9039090787502605
0.9315062618599034
0.960294175975228
0.9859393353184508
0.9898523196284825
0.9983121484661579
1.0091052464072188
1.0113958129396532
1.017011023479483
1.01964480808987
1.02419028831115
1.022823506097694
1.0254451212546383
1.0199181080434003
1.021495747794837
1.0155435331203995
1.0127783444515681
1.0076122246505015
0.6043111045071695
0.673955497457312
0.7391481800943729
0.7944976155510879
0.8402534510695534
0.8713491523201881
0.9119879239923416
0.9439703502396826
0.961339682303508
0.9804433287332684
0.9993981044259694
1.0063588162477162
1.0141245203185358
1.0182776223128556
1.022639411252757
1.0264990943095096
1.022834349542355
1.023731570004474
1.023116703605563
1.0217844045266238
1.0200230030983621
1.0153861472322712
1.0093929510817177
1.004514966805485
0.6227313412750459
0.6899487705261018
0.751870522415051
0.805105779299561
0.8483320160725222
0.8935136545772192
0.932851699063677
0.9563533975453311
0.9777712931886018
0.9927021422547976
0.998323364503609
1.0095513593889753
1.0174502778423178
1.023194584771148
1.0238170423647674
1.0228648692781221
1.0283390378019375
1.0291513776371592
1.0228744792536486
1.0228855142893236
1.0183956698575178
1.0141652750053567
1.0074385938578707
1.001554644020225
0.6379162022445732
0.7107588893562673
0.7629848935443679
0.816534302254142
0.8611738102935523
0.9071232823322783
0.9371745157864244
0.9720713208195493
0.9926666375469136
1.0036358234660683
1.011213975826352
1.0222467368647399
1.022124031344478
1.0276525652853592
1.030157123001216
1.028212629055845
1.0304955864249283
1.027733421767163
1.0258460079975156
1.0233153714923702
1.017379416534905
1.0134057607789846
1.005468169346845
0.998128658051362
0.674347427390527
0.7200407387276947
0.7816545860103472
0.831626902408976
0.878819190541696
0.92362474812019
0.9612224808731284
0.9826736851306687
0.9968308300314686
1.0142242736859055
1.025027409834258
1.0322037772359438
1.030059199763561
1.0323784153601039
1.0328889624869206
1.033064538158681
1.0307572977304693
1.03070662663773
1.0284147960539158
1.0257469645871156
1.0197370410859328
1.0136965486425156
1.0052973884599734
0.9966397140068307
0.6922170451453877
0.745812813634548
0.8066201423924314
0.8496576882059319
0.8982132742286021
0.9428667080765892
0.9764485994390086
0.9990868326418226
1.0171470286528206
1.0198196585528805
1.0315593960465737
1.0334147442322077
1.037431023914738
1.0466939290536876
1.038385821392811
1.0399907883122292
1.0365445013084311
1.0374661449134346
1.0309282523238767
1.0277408326928927
1.0234093971277398
1.0172088380832018
1.0068667669266622
0.9961031991676392
0.7113281701672959
0.7660636563138443
0.8179781279070258
0.8781210007177136
0.9257935688721154
0.9717591278488977
0.9946606557206104
1.0162495973041075
1.0249895504881503
1.0416168171008746
1.045114263953751
1.0480115774418755
1.0506814745258877
1.0497151517811756
1.048860633575681
1.0491663837095444
1.0455349522377249
1.0417539631558828
1.0362944271899703
1.0322870700456004
1.0265722027403563
1.0204680984947436
1.0087466587787353
0.9969778941109482
0.7307626057394657
0.7846081606517992
0.8421025856738722
0.9001050698707158
0.9522800861071097
0.9937719452583886
1.0189208089694417
1.032790196181663
1.0420644475121736
1.050402956376481
1.0534741430647372
1.0554222205339647
1.0606112028099406
1.057151049383206
1.0595575419475556
1.0575670736735152
1.0504085716201093
1.0515839837207592
1.046552932193511
1.0394477490011331
1.0324253369271825
1.0261849017796336
1.0127375562337761
1.000049955673901
0.7490290725579116
0.8108209716541411
0.8765932798718521
0.9307984691778212
0.9884342047941364
1.017009899694911
1.0467666797075974
1.0538121553389643
1.055591573223391
1.0646639014029808
1.0701559530244373
1.070898040559369
1.0736424025631746
1.075514858015008
1.0721196878652477
1.0688899029630734
1.059380824449683
1.0617353785978487
1.0537120016546366
1.0491402212618297
1.0404735846014632
1.030950247754736
1.0179268346677208
1.0029119170020755
0.7959314525388476
0.8511438807942713
0.9030141728069931
0.9721851979967567
1.0145767380594248
1.04154819240456
1.052481589375172
1.0715548906124286
1.0827359150309592
1.0872476917025775
1.0843031364518192
1.0862753646822703
1.0824133835998375
1.0861426937991914
1.081265961714724
1.0800947906547873
1.077010184780908
1.0717632303706568
1.0669716961457407
1.0582161362487819
1.0505072713274237
1.0406242828250165
1.0235969675831147
1.0064736917516903
0.8079951528235962
0.8739769477865206
0.9439626091205824
1.00474435949494
1.0332158613877391
1.061634270046689
1.0808702559766001
1.0861161185029833
1.0916193044248061
1.1007690169742523
1.0991879671049236
1.1037476175185983
1.1051132125753955
1.0986802262968314
1.0988048282128215
1.094149261914813
1.092126586855584
1.0844695988859039
1.0786981506968527
1.071296069619336
1.0599455138540042
1.047796568856775
1.0329623040486762
1.010233835444673
0.8502872959927849
0.9158856938139828
0.9892220126608794
1.0490258302597515
1.066460328287879
1.083500772196571
1.0973820840111308
1.1052269765745453
1.1240597942231958
1.1202141185144157
1.1225856799299403
1.1169857888698072
1.1159629055520355
1.117764526767997
1.1182199856664599
1.1084523574958787
1.1052049480344077
1.0983751295199609
1.0889344120917355
1.0828224698130344
1.0714308937133483
1.0567204355996433
1.0374905196774515
1.0153281047978036
0.891581509884355
0.9786809340546714
1.0523482840783263
1.0780910764994678
1.1038203844005694
1.1133567301618665
1.1340156048074508
1.1280747253301682
1.1372512149566625
1.1346339126990985
1.1395996368873775
1.1382976202611892
1.133868442387075
1.133952228953705
1.1309112526631424
1.1239536862178972
1.117381229774958
1.116575211015299
1.1020213398931316
1.0957210893481575
1.0814352655902413
1.066507301889549
1.0447505228127507
1.0199572322940018
0.9283388803015625
1.0221114710053487
1.0923990353471897
1.1124985049890848
1.1430893398266975
1.1494617358458283
1.1479695845170337
1.1563045022526308
1.1562704747054482
1.1640913792309429
1.1571707329266911
1.1581659050679103
1.1570506150095856
1.1553897505058568
1.1543486308473976
1.1442725199508272
1.1402266534034466
1.1315653943611002
1.1214176500064705
1.1083640999812796
1.0927772383698922
1.0749032943471064
1.052617113877579
1.0259651838300197
0.9795709334024489
1.079363012485876
1.1599493303605195
1.1727805617533804
1.1726778573440402
1.1808915994163875
1.1881775903334986
1.1743990618030733
1.182211449172418
1.1856618920141082
1.1783416658920616
1.1783790521940851
1.173703673149767
1.173795097860276
1.1703215407934244
1.1672744142368336
1.1504956997127318
1.1455474974741395
1.1336151756878892
1.1178688065682572
1.1042127374727193
1.0854121230795926
1.0586215829921504
1.0291011889988593
1.0179019856133835
1.1453498818223173
1.2112831661135297
1.1962672934985754
1.2187289770293406
1.218436011623775
1.2104617014733343
1.2074530736960138
1.1942957059865371
1.2039150124552243
1.2014661749606679
1.2021548267712974
1.1974089520701139
1.192990796423131
1.184927026990947
1.1871761530294418
1.1719077407696534
1.1616967525754482
1.147961798695193
1.1308402277052987
1.1116727692917732
1.0928462565500974
1.0653894276940323
1.0351361790374387
1.1028675902560934
1.2060482619458825
1.2434552662625598
1.250676139882859
1.2444363783392083
1.2521806638283528
1.2372028591435316
1.2456703860457525
1.2351930873669714
1.229447247897814
1.2240134067311081
1.219181498322512
1.2207757017061098
1.2092097366512389
1.2100056164571198
1.1970596607801214
1.1845706383202086
1.1704490635161595
1.1572233615921026
1.1436539273300963
1.1240854028888903
1.1008224126485102
1.074181697355609
1.0418618985096613
1.154003992158262
1.2299074425651577
1.288240222834134
1.297224860712862
1.2965497577607474
1.2743652398461112
1.2835733343509443
1.2776753195453803
1.265222692429661
1.258431031942744
1.2573755149479258
1.2520883287229252
1.244123924623242
1.2338977698010145
1.2210753194605466
1.213524660328098
1.1953680111414011
1.185194513784007
1.1696938928361817
1.1598216883248265
1.1343853985909165
1.1102794417643953
1.081643013488041
1.0471850758025119
1.2684424798818965
1.272045090624959
1.3166419683251402
1.341237660757857
1.3199401374661786
1.325538794386021
1.3188482082722417
1.300349959880145
1.29532063845667
1.2920804158696564
1.2749645348341745
1.268892630955619
1.2597300065752486
1.2564953385603204
1.2399741282045604
1.2290532632312343
1.2168687988380664
1.2024868895110985
1.1761599490221761
1.1664092969206579
1.1435007779957556
1.1188771486396984
1.0864855361978758
1.0527053248553162
0.07460114932680394
0.15127091679926333
0.2983105110587183
0.3767474929997321
0.43780273111799506
0.3122804244184666
0.11066564460533894
0.20014771829047953
0.33389111217938805
0.40407448118404954
0.4403637523496489
0.27693978408730524
0.13430455882741107
0.23579093250653294
0.33397373997208335
0.3783874145488778
0.37751329215379875
0.22310180866290447
0.15400018332724355
0.24715939973000497
0.32251514680689414
0.3471534030878003
0.3099938583239426
0.17302857700748792
0.16494982991737775
0.24552511662347443
0.2963364923174797
0.3020770969467012
0.2438350439098313
0.13138148941546268
0.18568494858071727
0.24414133840110258
0.28310166282363597
0.25985277358525316
0.18970796401449289
0.1093300410830162
0.19100322506690856
0.24084188213179297
0.2620654082826151
0.21431910336869772
0.1327769652862326
0.06190664442517729
0.19808905840219337
0.2364107803027066
0.24219544210353927
0.17810788086625398
0.07940477681248331
0.04302468444421431
0.21071057043915922
0.23642600151689475
0.2272196394979532
0.1603250200417235
0.06209225079557762
-0.001154260014759212
0.207691178064681
0.2332937360903081
0.2167618021359509
0.13487988483374688
0.04228651938779793
0.0037811532904887257
0.21231892949991202
0.2318980157540554
0.2047857378009198
0.12820452376587788
0.023829091364750643
-0.010462086965476514
0.22012717107313998
0.2312450876210965
0.19840903929847548
0.11381206266404986
0.015771239161225747
-0.05121435198810809
0.2178144557467728
0.2325560444550725
0.20636787447189667
0.13826123008146915
0.03906419661372351
-0.025354791527098797
0.20848096565592017
0.2313498050900662
0.20381965223050516
0.14214913188026315
0.05504267968827631
0.02380540129774611
0.21013443655766575
0.23064093606340993
0.21816411396645013
0.17290570828137258
0.10384290768019871
0.03490166578773185
0.1987400302744519
0.22902138511191644
0.2227130283908556
0.1817334623684069
0.13594915464754634
0.06696775661183163
0.18447188734467862
0.2253606212313331
0.22748470956489467
0.20220371798025893
0.16815144454439837
0.14789675496310367
0.16761879629514118
0.22112934487738828
0.23629865850633552
0.22291681870499802
0.2021739385170328
0.14671789300034616
0.1515823814895505
0.21289381264923593
0.24274334933253125
0.23468691667970468
0.21968517518829175
0.197127074631815
0.13184073493984833
0.20365775817792184
0.24643931823854576
0.25414567262027926
0.25294882783925365
0.2332909743041914
0.1167520098395583
0.1895751216246898
0.24799936346095847
0.26416991062377576
0.27105574210182487
0.2647667210227761
0.09623709187616161
0.17103575494322443
0.245303500725297
0.2694826354644725
0.28697524795954177
0.29602015807230897
0.0771308903358324
0.15800508709237393
0.23664566144886354
0.269879144098484
0.2989613190595179
0.2931083387331366
0.053141323096624525
0.11425803788547172
0.21195227151873305
0.24240991471994056
0.26234406381909026
0.29634375452129025
1.026745051114133
1.2470077917382862
1.3386325827416417
1.339754268186736
1.3596209492140803
1.373132969081261
1.3548738376229053
1.338747143059092
1.3369717187089236
1.2991527227121282
1.3060874973423793
1.293919030738188
1.27968261836569
1.2731128299991994
1.2618703383711347
1.2421122278490682
1.233101967842528
1.2103803625202805
1.1957770742824765
1.1704145039553182
1.152898597099238
1.126082945081526
1.0949385020950841
1.0595629321068696
0.7045262982957203
1.1436551261175534
1.3145343947742485
1.3758877434357881
1.396522161073225
1.4151562134621445
1.3775237321362295
1.3678659098135937
1.3665694586971993
1.3421524402006053
1.3350946668375647
1.3133510910829318
1.3106962685492416
1.2912365018991607
1.2726963234437467
1.2564041110836894
1.2464141734886418
1.2252814844735649
1.2048876823471812
1.1877424900205649
1.160103021044436
1.1340233117933098
1.1024191037028412
1.0650441133468473
0.44414719133727487
1.0149680939960422
1.2460510148363972
1.3621965030017804
1.4034017546101638
1.4019348231230213
1.4029265020468396
1.392749685869704
1.3804553318256358
1.3850930714924758
1.356137585578586
1.3465383829589745
1.3336253900447708
1.3048320323117244
1.284416954417313
1.2808331467191323
1.2620557130356285
1.2383742024126876
1.216434501730291
1.1955490841664673
1.1739414325942732
1.1451136906895838
1.1120638912197323
1.071485896580507
0.2749725810422709
0.8251440083286664
1.1560145473904542
1.331845798420877
1.3927100593997386
1.4130563458716745
1.4297573697438546
1.4406482904006719
1.42195037317135
1.4096591918310661
1.3918937599475354
1.3648353627110934
1.3461928474484908
1.3288136041149397
1.3083644617039072
1.282414968344872
1.2741008903277495
1.2536549874022198
1.2340721890204456
1.2064089251492573
1.1778342681454743
1.1531647782689047
1.1166459315016755
1.0766151738211436
0.24885827300765911
0.6795474306800772
1.0561268518897564
1.254801822644394
1.3684662837180657
1.4108031080884915
1.4336140684417793
1.4619785445213607
1.435790542132401
1.4330258518449968
1.3989871651277317
1.386532377407542
1.3619837197579645
1.3415735989905861
1.3238559520696973
1.3040852923242392
1.2869814343718018
1.255806283922877
1.2429336046736579
1.2143312403034727
1.1836981136664952
1.1549967392389622
1.124550603105691
1.088833857542175
0.18052050858225743
0.5567015287004385
0.9145792488204975
1.1557087977154132
1.313506710736594
1.378936070554955
1.4304436314110773
1.424823214692921
1.4573437104263962
1.431614446044506
1.4284300020307168
1.394778452411761
1.3801190648125161
1.3537937140372913
1.3360142940960862
1.317156907242434
1.3004365598741348
1.2728658261050974
1.247206688210366
1.2180246906010908
1.1934281584185864
1.1628880579093637
1.1316976472056073
1.0949522600384278
0.1291920219639588
0.4488973474820074
0.8204779167890668
1.0691559417401715
1.247215479693103
1.385724005530949
1.417401861160104
1.4406958670415073
1.4428287330508764
1.4641171251899034
1.4372714614308524
1.41527696504224
1.3856504849692712
1.368662958040306
1.3522236923930164
1.3312847815837183
1.2957168034637627
1.2791830278866003
1.2481257471286706
1.2236097572847309
1.202990818456568
1.1807810170239228
1.135171528387153
1.0991124773358254
0.09787541381334103
0.3508162525906406
0.6887123929382998
0.960198924452373
1.1681932068835414
1.3034919497263582
1.407536537327113
1.4210339545903843
1.4572263264535408
1.4507638577206463
1.4354943895357843
1.4180170809394326
1.3959660849882434
1.3683685697580732
1.3474335688375079
1.3297002401141473
1.3075740296933935
1.2769098551024194
1.2663399652136325
1.2339970188063547
1.2080205862637277
1.1804185906172806
1.1504172024012946
1.1060598331176765
0.04625149192502276
0.30000894855254695
0.60587063821291
0.8549267772676592
1.0736871240903207
1.2188251100849978
1.345074640759394
1.4037482466749807
1.4454932432910657
1.4408588310329165
1.4313231621347415
1.4175210155911742
1.403916269142453
1.3893406107069617
1.3647166599934504
1.3462410068003547
1.3080542049748758
1.294428357576253
1.2629416508611822
1.2527916384341244
1.2161280227971323
1.181683023253759
1.1537006541642079
1.1197609236946546
0.03433627491049962
0.2478997399679594
0.5212779176652675
0.7549269004804603
0.9774243431443994
1.1345855385849875
1.269711692403215
1.358138839799639
1.4064854826012665
1.398542812563946
1.4122787476361416
1.406831339010573
1.3930348266386827
1.3821973481008194
1.3650799617178702
1.3459905157765786
1.3149023254425511
1.2969464069310996
1.2770881958077387
1.2497594154414193
1.225001987200097
1.1934872281673734
1.167643980017324
1.1355559838916849
-0.011851540793659354
0.142366644162771
0.383674016744746
0.6490746718391617
0.8859634724951205
1.0419078894270655
1.1724053511617438
1.2683826738226749
1.3278925086379938
1.3693985464149563
1.3848494468386872
1.376181449439963
1.3942811411798133
1.3876735832461615
1.3596344686294568
1.3464787028988967
1.3156858046555668
1.3138854244508844
1.283448419864807
1.246538737967669
1.230679696897193
1.201349329373664
1.176107967807993
1.140076099193459
-0.008813785742014413
0.15315216616589122
0.36132071604643634
0.555889489454424
0.7832192085455519
0.9523030728965473
1.0632515284961914
1.1814273348213868
1.252128304143849
1.3170621004510707
1.3416580113722927
1.3555475412392126
1.3361887855559194
1.359064879491828
1.3391976058455481
1.334470026535299
1.320186262991935
1.2979814694765055
1.2843418360284398
1.2534952451683465
1.2370096086979587
1.215139566723963
1.1834759375394444
1.156036880068688
-0.046600400267565956
0.02148130086204092
0.1897783305591153
0.4531920142715429
0.6853990042874427
0.849258589258205
0.9636341445222341
1.0934402819002629
1.1554050243280278
1.2231815613429362
1.275409821147948
1.2911427067009527
1.3155428808850478
1.3159803770695158
1.318040406351562
1.3124682518876556
1.305241152308223
1.29186272803004
1.2751326405557812
1.2597602295884487
1.2361667730846495
1.2232964694349904
1.1967915196941485
1.1688714429078753
0.0024919390727436985
0.07656200486780107
0.2000740124304734
0.3958568458887151
0.5791047539889784
0.7379946161333274
0.8475156099253256
0.9658938855848184
1.0596016015107694
1.134604058455067
1.184178551577652
1.214109698240097
1.241817068058028
1.2652594927791514
1.2929038651768587
1.2818439420343832
1.2872679167777055
1.2727119940405864
1.2669324301305267
1.242329975832423
1.2435972476187365
1.2146897570961739
1.1994618890496476
1.1771054743768774
0.010537386411056615
0.05057613836969099
0.16151642434518176
0.36242611979949757
0.5155268615375057
0.6085624451575417
0.7400698239914331
0.8511867263927729
0.9482153337336824
1.0293368358390111
1.0927921750836935
1.148356662510108
1.1702974841620883
1.205379454680987
1.221462209428579
1.2348262851653105
1.2419831258740508
1.2245316690203742
1.2371884021017685
1.2330174905919031
1.227282716995976
1.2147283104464774
1.1964265718869425
1.1821571902131556
0.0593137628705771
0.10552793637676994
0.1994131677533718
0.3094527132973124
0.42106982218487077
0.540316265613699
0.6543971369180397
0.7572286714043754
0.8244093988424488
0.9242445306206251
0.9697327369243387
1.049549404060383
1.077648825315256
1.12193591256837
1.1497879850142325
1.1604736414669448
1.1892022541867324
1.1913014384484941
1.2088740894397307
1.2057382907563918
1.1973501091838983
1.1965924125923206
1.1892462130162111
1.1777183003762712
0.10740908389080633
0.14216197018724464
0.21383787741415872
0.30923524601564
0.3764726150002572
0.5265422131331593
0.57513602942262
0.6741581875234146
0.7492954803516064
0.8013847385566115
0.8669195712031919
0.9238420555795239
0.9752458349877833
1.0250067601610422
1.0548273023496326
1.0847351661692008
1.1124653320800404
1.131501257430726
1.1490279252330713
1.1584716030608742
1.1658206168457195
1.1661506560686778
1.1588338694270892
1.1543067338867217
0.1400692329094168
0.19120841406390066
0.18409045616873965
0.2610103167010597
0.3678800499141407
0.43144804178943774
0.50637384695518
0.6018324320793258
0.6373410341684593
0.7059895261775686
0.7832884158548918
0.8237636739510819
0.8734381789900062
0.9253548506161626
0.9662649813995376
0.9982043515145274
1.0276347139808995
1.0596945355650944
1.0818961887220708
1.1008272454325454
1.1103150177101275
1.1269472757671117
1.1250975653180841
1.1300109856845504
0.18186344577207247
0.21075110130570207
0.22444186708755054
0.2872933831589469
0.3401844382395165
0.42353048016405537
0.48795963554812516
0.5384038961407613
0.5834019130871637
0.6364261919715832
0.6856954151618522
0.7404046143055449
0.7925594133386629
0.8141727614730461
0.8508376789321516
0.8952671150688274
0.9352495488385295
0.9742989979961753
0.9963215314696248
1.0202686912222982
1.040540042938501
1.0569393564798537
1.0704171252461676
1.0819880969062532
0.2651094172885721
0.26963002666217584
0.24135632286818043
0.2838981363848493
0.3550063851984624
0.3583763990639346
0.4364966715172366
0.47957446319993746
0.5176857531228233
0.5706283541748918
0.6206421532664532
0.6575937181400016
0.693523716044169
0.7258674626303023
0.7508629712022437
0.785481811471636
0.8277395217776101
0.887244907202147
0.9179559056906865
0.9460597744945383
0.9655494059138153
0.9880779400331366
1.0016909369245195
1.0298585702280718
0.2971799657611419
0.3543878578415989
0.31134182596509163
0.3262089519999174
0.30755551552060356
0.3789990795970505
0.3971677398246102
0.42724623178411647
0.47086342529496605
0.5135213071114004
0.5047481791964675
0.5570933628937076
0.6025389014464203
0.6444231965254432
0.6522499704684119
0.7057461627811994
0.752908391784897
0.7910184065549668
0.8076753327319077
0.8468368169610849
0.8761544629572836
0.8967882760461994
0.9224212058053939
0.9482712457738157
0.33861822691608406
0.34889266888601256
0.3305448414445342
0.30336569140940106
0.30662500902502277
0.3323531179252105
0.3954536924089296
0.38048201248736613
0.4177927449609773
0.4510584834628689
0.4780683525573449
0.5192589623514536
0.525742198350818
0.5517170723015155
0.581066314687569
0.6319112689649136
0.6668426344925957
0.7218489190908481
0.7453716681585675
0.77478970820965
0.8072624277370314
0.818627794547144
0.8536229085408815
0.8760260235996568
0.38242162335138064
0.38736126193995635
0.3725486960566502
0.2889499687564957
0.335525295301076
0.32569112776532416
0.3422968465682894
0.34564609744116215
0.37839801773514803
0.38338906328478684
0.3968438296463803
0.40778182962730547
0.46686978589507766
0.47741120943229576
0.5290154669686351
0.5537151504692562
0.5919591357067474
0.6446860867562498
0.6583405264553815
0.704259095132892
0.7270363657764309
0.7490816200063357
0.7793425838535879
0.8049889976856708
0.42804273549987104
0.39326152913419954
0.386168811347108
0.3403688448951009
0.2880026983739449
0.32052064052586227
0.26640025113274046
0.3282532076875808
0.33728408279158095
0.3530809334071012
0.36096408239298694
0.38649753876481074
0.4144511331182902
0.438018426276518
0.461798783355976
0.5054661842267855
0.5366363845792762
0.5933478849035498
0.5987705423802796
0.6149448702847212
0.638768288549576
0.6826310866159793
0.7122876622546657
0.7358190474058375
0.06869205109956404
0.1899983470142651
0.3128182882678077
0.3753282960790028
0.39323304779796403
0.485097305557059
0.127242794771854
0.25844812459542527
0.3520452192886282
0.39403950933245313
0.42246982932147786
0.46664033786204306
0.1558307769511772
0.2848962893019362
0.36601913967361704
0.38710140697022616
0.4329321804224121
0.4595808930845842
0.18385628694178954
0.30139423854471475
0.34858280129650066
0.39406929531184104
0.425909613983016
0.47432707804847574
0.20481815647552076
0.31476483371299857
0.365574329880993
0.38910787809370473
0.4376727065224003
0.4715226822652029
0.23935652681030617
0.33538505242266037
0.3697388222782161
0.39643187324189944
0.4443042130379369
0.4916884040273578
0.2634814363523893
0.33738105115747563
0.3748166521942419
0.40270407548141335
0.45303696001110716
0.47986915489596627
0.2796435946763118
0.34264897283646
0.39011062396775475
0.39376403234872726
0.44644876069685246
0.4702870753113447
0.29029153346408015
0.34859269170322993
0.3852671935809585
0.4048671286528223
0.4447929109383531
0.4697066604538489
0.30905964302079436
0.3537685777475135
0.3925304702355401
0.40320863335440993
0.43572103279514834
0.4549070806731632
0.3098771155310518
0.34832725734722325
0.3916359479309014
0.42138876205240616
0.4352263860589155
0.4438398003232373
0.32279486858066736
0.351680609661676
0.3943830904573362
0.41942038184035735
0.4240842016373669
0.4239915984159458
0.3144459523640717
0.3589542239081393
0.39915221689720326
0.41985388130444257
0.4281683494979137
0.4102712699959404
0.3229071480190029
0.35989366638419584
0.39595061328767006
0.4199368356678797
0.4370666905741606
0.4120873595729714
0.3102841346160701
0.35169749626630986
0.3910641015394627
0.4294112248399442
0.4127929395180113
0.40601643436994667
0.3002061460288386
0.3578014307972843
0.38933120105207697
0.4116286999501101
0.4250396895722015
0.42709724503104524
0.2935451593869402
0.3433414385780282
0.4109015430950893
0.42256778970634334
0.44032557503124087
0.4054023242006315
0.27152357727810666
0.3379880505366383
0.3977055333026043
0.43303725035361995
0.4500256568089895
0.4185477201676027
0.25762569307347205
0.3283128419083675
0.40808724899809307
0.43790168081593495
0.4437527606579087
0.4271448614710337
0.23841065973364128
0.3138140998151142
0.3932609497396774
0.4241232769345292
0.4530063289771171
0.43623724399554586
0.21033666020236888
0.2914261160611624
0.3868313734570227
0.42389667440270373
0.46685480362665793
0.4501913137985076
0.18147871230429688
0.27105312316108987
0.37513379662710156
0.4337510802725757
0.4957999694156773
0.45796338893770666
0.14861108847776097
0.24093073245160468
0.35699445736000324
0.4143300684370362
0.5219676265640059
0.4840516856213849
0.07960211404880692
0.1715847891615921
0.3007728607512856
0.34564772643613384
0.5338065996261769
0.438278805242064
0.5269716096116674
0.44756355052117275
0.38604053102203106
0.3546855365192798
0.2928396933665177
0.3237479075366927
0.32287470268926843
0.2688277497169662
0.25239305663626865
0.3175256727798077
0.35638091699831986
0.33215929991274573
0.34375987330706714
0.3714706259236866
0.4384909471001657
0.47764159413256757
0.4951626404842697
0.5108554923676206
0.5618147460584777
0.5990501131431485
0.5941508314114221
0.6110256619816057
0.659248107964715
0.6664803624074372
0.5451431611300354
0.4875708332728915
0.3900594991755034
0.35801901233287925
0.34048406151611255
0.29426807427875346
0.2628471972383075
0.21170899576319235
0.22624307460498894
0.3119796982211185
0.26516577652071893
0.34637480464781467
0.3935143754801702
0.40324413535691117
0.42345574551138965
0.4626316970766219
0.4689208328606792
0.4895098649177245
0.5252832025401327
0.5296730166906929
0.5481684329247553
0.5760813927196622
0.6003765908219494
0.6399701807878371
0.5715710062544488
0.5391475448228884
0.4598340079486594
0.3953432121002257
0.3141342627165502
0.268232531647826
0.19416249499077032
0.23302252266331835
0.2299831558336246
0.3128320080865129
0.30374148437115156
0.3599945272181727
0.3745659350322954
0.38258140092318904
0.4118170669242992
0.4460923529878522
0.4619904094178965
0.4731394879011277
0.5151341197965994
0.5405414531719338
0.5492245655273922
0.5570752704178574
0.592677855350225
0.6041030573251036
0.5582966284410895
0.5551457612448719
0.5187808048414593
0.4506680153877374
0.31440147941408725
0.283521799043048
0.2458313802926364
0.2426021704094491
0.28760604042133686
0.3254312516526767
0.35388937173700086
0.42295009636800285
0.4132315480902464
0.4387580506496632
0.4305907880232178
0.47725138958419777
0.4650435240063111
0.49136241460811736
0.521118815412926
0.5185410655008084
0.5333026492015154
0.5658227529407616
0.5860826263200505
0.5897301066349372
0.5731809872818883
0.58736747262698
0.5329478581564107
0.47673131667420454
0.3697632765003456
0.28089415434965015
0.28620453746256114
0.3342871302636622
0.37821377705460046
0.3741872268763353
0.4407889148668984
0.4397282885257907
0.48016043663708297
0.48557224535126253
0.49243775462032324
0.5106673338816727
0.5342791849750343
0.5317400306550232
0.5385554952912679
0.5424508698901295
0.5111150570700264
0.6065556928487223
0.5605556498129594
0.5714894984587937
0.5532598846440933
0.5927718034560155
0.5638568754596636
0.5113029983335979
0.4140551405507408
0.3882726771615459
0.4209329494744528
0.4694829928919839
0.511350249178395
0.5985911339745831
0.5726112586974731
0.5714524618034073
0.5730626023228202
0.5862872749623411
0.5811066978104078
0.6068616253243346
0.6179895725517499
0.5540623158115404
0.597916938385564
0.5970141806869211
0.5990467191846012
0.6020273200896994
0.6300470196087493
0.5978730460005331
0.527568806920374
0.5734500414514989
0.5652124111339183
0.49355241395467797
0.46335108140594206
0.4881034083725353
0.5746542690649635
0.6455135620430347
0.672763106015091
0.7093333997799859
0.7391819719900599
0.729667986172152
0.7004287351799303
0.6912761519041537
0.6898287447076101
0.6587624893600119
0.6854166986119685
0.6470376654619633
0.6540589465028972
0.6874569098134002
0.6693528716193982
0.6504716816685091
0.6833423034513832
0.6854049779249549
0.5094900715443257
0.5479973291869101
0.5379212108059548
0.5039678257847419
0.5085982244203084
0.6382443967760258
0.778862434268119
0.7797763079614854
0.8776793039912469
0.8826433324812186
0.92482881845719
0.8890281692899283
0.8472632704050725
0.8233022567592341
0.8109324576958399
0.8004253870315081
0.8076922838328933
0.789229641424686
0.7773249007768137
0.7609999160246266
0.7735820179770163
0.7582955936737197
0.7765283207699244
0.7474466602395581
0.5109236686511321
0.5255939166497946
0.5020707291105242
0.5300925715327893
0.6219969101111197
0.7652345049123567
0.9199282385080524
1.0059654790114043
1.067634906477059
1.0701522640087338
1.0635381008578706
1.0202698801733305
1.0102587185470717
0.9570032584767769
0.9559603032656283
0.9647907769347669
0.9341649252171563
0.9138629760618414
0.9090092543433964
0.9129001702635364
0.9120263484914448
0.9001269649985716
0.8877895933103214
0.8850486131824205
0.48971282598490606
0.5013600169236648
0.5092320183553182
0.56260498688151
0.7285897372011981
0.9349152451609736
1.0819580420954393
1.1831741251810834
1.2511753990145924
1.232217237408883
1.2034996116412973
1.2193070334844958
1.1991818107828398
1.1529446050604322
1.1057542376097833
1.086519579764326
1.063930309560256
1.0746698763681735
1.0252062972652205
1.0442982988027172
1.022157672939613
1.0174730070867615
0.9818628898622298
0.9883267077801862
0.46863433029066187
0.4782340906502791
0.48487616633715025
0.6575972938054602
0.8808832352704529
1.0806336501093865
1.200586550955428
1.3178888885305966
1.3491160843005416
1.3453676612162055
1.3765577649190737
1.3323584068465402
1.2909411181032182
1.312829915376982
1.2791508732911596
1.2700280040119125
1.2351995565534815
1.2022058309466948
1.1770968317801929
1.1620895046818722
1.1384163532915688
1.14254578281231
1.111454387394795
1.1097807909983854
0.44296955917568903
0.4396659096775327
0.5051012309189601
0.7169477608283819
0.9911606344135659
1.254644685433246
1.357387315840572
1.4653097063617229
1.4812837833225916
1.4763844501792238
1.4971935401977183
1.486661083575134
1.4470980928077424
1.452137444434255
1.4152260809849115
1.3716476787391134
1.3537336192061942
1.3170280911801524
1.3297312243883455
1.3055389588654256
1.2850869441477033
1.2674604801270402
1.2495222682985185
1.2230217509416113
0.4284547735221405
0.422339761783612
0.5307340529698157
0.817836160706656
1.0946425446723667
1.3582538519132576
1.4514816843713465
1.5227688892720272
1.5264199804234213
1.5373970281945866
1.5115313905724177
1.5521980585121002
1.5666545200636248
1.4937099215943899
1.4865996591754347
1.4659711583028492
1.4949696255807017
1.4651489906384592
1.4363509799719323
1.4308344831178683
1.4115726121652499
1.3356337441596187
1.331381522723568
1.2983409822725038
0.3826117688913784
0.4157628824020315
0.6111671276013912
0.9569765700000248
1.2893494836413542
1.4499832407299815
1.5195038477998752
1.5535304161314074
1.6243863532432354
1.5594412169958551
1.5836058371472843
1.5870379812450675
1.5943154584520478
1.5834632950294563
1.5827454681261042
1.6144063970522993
1.6210027324099467
1.5689914062181778
1.5181009813604556
1.4714012561530403
1.4688499169445448
1.4333930265606103
1.3974973020988268
1.3469821603488195
0.3958793713371552
0.4401661130838473
0.7156161928868676
1.1241827412711136
1.3910668190016362
1.5234064827873657
1.539471814891714
1.6018316859707058
1.6057083388913984
1.5959413952032873
1.6093598401812548
1.6867229213135921
1.6223868007849085
1.643478693606781
1.6401763799281879
1.6421049548501472
1.5467823113183594
1.5965752102084796
1.5655906146237166
1.5607066066632886
1.493678900889745
1.447618656874208
1.4095952129063987
1.3901849482092223
0.3687267831822504
0.4929553658905256
0.8666872400920811
1.251119839998618
1.494626544658208
1.5233797983361725
1.590208134901582
1.603609252684555
1.5510076405708415
1.6117430514761424
1.6068679202843905
1.648892004465177
1.6676191025648817
1.6553297570775118
1.677080176518209
1.5847217424505062
1.5922034805389325
1.623312865421406
1.5722937387934954
1.5488183096569508
1.54192471933793
1.4687890108153063
1.4422370879417035
1.3848735805178412
0.3879374063283604
0.5743809409372544
1.0363130940245977
1.4455947196803116
1.5757579199244942
1.597626221416269
1.642346235818727
1.6785865096923733
1.6188345432327584
1.632406247985951
1.6407787177805562
1.6274004411046792
1.631624602880821
1.6271900587635528
1.6370829236975073
1.658857679902856
1.6092502116467982
1.5998660680381316
1.5733689562887943
1.5141622690898364
1.4730360873875865
1.4387177748522002
1.3965542621171014
1.351797992736538
0.37596607766475754
0.6898818161662951
1.2325156938059796
1.4894515747525308
1.6565015735767592
1.658265266956561
1.6448406333315284
1.6580044110805798
1.6591161434453687
1.6359337590007295
1.6366970669559993
1.6653469325003403
1.6649269301628369
1.570145263423846
1.5867576414618378
1.5662492968691955
1.5048148523687552
1.5057826323362344
1.449880037050688
1.4606458221004512
1.4265411466638476
1.3679835238441655
1.2983862054525939
1.2855151536800877
0.40048401542824086
0.8794663520693939
1.4260249751700917
1.591903677360453
1.6232945736644886
1.6872758051835537
1.6335632253581407
1.660201167315248
1.6656879218007614
1.672316279139536
1.6357465491169494
1.604400717842345
1.607252347718887
1.584169875402707
1.5389033979436098
1.5151477366869515
1.4694701586021455
1.4599084996068568
1.4464274717128363
1.3682426757750121
1.3401124420783233
1.3119968452773991
1.2618760740373671
1.2318290200668816
0.4296695100754755
1.1101728768157493
1.5452652983696662
1.6423736151848711
1.6659908358299567
1.7171167173542607
1.6504669334385138
1.7245165535839626
1.6312080328042593
1.6392569273961453
1.6313759714309062
1.5877428774630973
1.5100632738976711
1.509684156754064
1.4420368647413844
1.4299617916085257
1.388296811325805
1.3474679882359806
1.3216676585571672
1.3047705868192663
1.265604789947319
1.2262192864447363
1.2059554672271402
1.1542087632283282
0.5420828491807617
1.344300132443888
1.644395242061404
1.7093234370830288
1.7089681096610922
1.7120949744215261
1.6786153216797393
1.6958744784329176
1.6983363355608323
1.6467454132077406
1.6183904368917275
1.570548033617222
1.4925927098672334
1.412960362689837
1.3838579667362472
1.3265152419907686
1.2914879529073364
1.2535829710778346
1.235505361994298
1.218346781808302
1.1811166054393099
1.166353109805644
1.1326744186324522
1.0915869280746235
0.7561386525165495
1.4502793413255621
1.6391213583530944
1.714886750656507
1.7113311218893013
1.7041642727951016
1.7077433245867333
1.666116393644848
1.6247621173093183
1.5726440387183174
1.533827375517661
1.4641582161416855
1.3969988332811933
1.3438775798693412
1.2867418206090087
1.2363866503329812
1.2155964283321579
1.1834684731093044
1.170460676733314
1.146625740913939
1.116949658003436
1.1017775958772125
1.0701809381181844
1.0423605822250481
1.073279388154658
1.6155095490158926
1.6548647226513191
1.6858195222039192
1.694022158759446
1.6818872701419925
1.6471395064782683
1.6520845638447192
1.598430330081749
1.5175771494391679
1.429996206204828
1.3674642400018733
1.3065405590379857
1.251713419515309
1.2113237453942263
1.1718515003257617
1.1335308406105387
1.1292146077826855
1.1060199633475978
1.0925754749201289
1.0614198510528405
1.057384266883246
1.0332847190441483
1.001871170168969
1.4149962819275193
1.6560038298601112
1.6722017612501825
1.6498616204967158
1.681482090869309
1.6934477777614254
1.5898512134545975
1.5636935468371504
1.505089586197308
1.426695960399766
1.3440430907710637
1.2817784219881387
1.222371253557965
1.1608173991895125
1.1259772074608287
1.1096988646035504
1.0878971690964618
1.0634794268234236
1.0543522344892755
1.0324887458019791
1.028519355712398
1.0187128744428817
0.9969625412255746
0.9727870982411038
) 
; 
boundaryField
{
    rotor
    {
        type            movingWallVelocity;
        value           uniform 0;
    }
        freestream
    {
        type            freestreamVelocity;
        freestreamValue uniform (1 0 0);
        value           uniform 0;
    }
    frontAndBack
    {
        type            empty;
    }
}    
