/*--------------------------------*- C++ -*----------------------------------*\
  =========                 |
  \\      /  F ield         | OpenFOAM: The Open Source CFD Toolbox
   \\    /   O peration     | Website:  https://openfoam.org
    \\  /    A nd           | Version:  11
     \\/     M anipulation  |
\*---------------------------------------------------------------------------*/
FoamFile
{
    format      ascii;
    class       volVectorField;
    location    "0.56";
    object      U;
}
// * * * * * * * * * * * * * * * * * * * * * * * * * * * * * * * * * * * * * //

dimensions      [0 1 -1 0 0 0 0];

internalField   nonuniform List<vector> 
2880
(
(-0.0146215 0.0329223 -2.31017e-20)
(-0.033328 0.0497528 2.19625e-18)
(-0.0855636 0.0451961 9.77584e-19)
(-0.103234 0.0538147 -8.97866e-20)
(-0.116965 0.0929693 6.31363e-19)
(-0.360448 0.11292 -5.83735e-19)
(-0.041405 0.0281102 0)
(-0.077923 0.0409497 -1.05839e-18)
(-0.141324 0.0297138 8.28505e-19)
(-0.173911 0.0338897 0)
(-0.227685 0.056014 1.51195e-19)
(-0.370096 0.068417 3.01073e-19)
(-0.0567071 0.0270208 -3.62973e-20)
(-0.107779 0.038603 3.08004e-20)
(-0.17747 0.023628 -7.88594e-19)
(-0.222653 0.0253764 0)
(-0.292034 0.0474761 5.55874e-19)
(-0.386309 0.0911815 0)
(-0.0710634 0.0274157 1.6907e-20)
(-0.133266 0.0381662 -8.85844e-20)
(-0.205072 0.0227165 -4.77494e-20)
(-0.255586 0.0233485 -6.23541e-19)
(-0.322394 0.0467239 -4.67973e-19)
(-0.386916 0.0999285 0)
(-0.0861887 0.0270996 0)
(-0.156437 0.0382282 5.67716e-20)
(-0.226716 0.0246829 -4.47746e-20)
(-0.277088 0.0251085 6.02021e-19)
(-0.334376 0.0484554 1.24402e-19)
(-0.377061 0.0993098 -4.15428e-21)
(-0.102206 0.0269862 1.97052e-20)
(-0.177065 0.0377956 0)
(-0.243146 0.0282126 0)
(-0.289956 0.0289912 0)
(-0.335499 0.0512514 -1.17988e-19)
(-0.359492 0.0961399 4.0601e-19)
(-0.120663 0.0304551 -1.45966e-18)
(-0.193441 0.0382105 -7.95793e-19)
(-0.254929 0.0327069 7.55404e-19)
(-0.296411 0.0341113 4.85488e-19)
(-0.330278 0.0541911 0)
(-0.337788 0.0923464 -3.96558e-19)
(-0.134525 0.032687 1.30757e-18)
(-0.205595 0.039774 8.5677e-19)
(-0.262718 0.0379931 -6.57617e-19)
(-0.298131 0.0401133 -5.44797e-19)
(-0.320501 0.0575576 0)
(-0.313749 0.0885003 9.46679e-20)
(-0.145964 0.0352257 -2.10039e-20)
(-0.214214 0.0423992 0)
(-0.267234 0.0440449 8.02014e-20)
(-0.296436 0.0468519 -6.65026e-20)
(-0.308353 0.0612582 0)
(-0.288879 0.0852543 -9.38487e-20)
(-0.155854 0.0383771 1.33965e-18)
(-0.219891 0.0460039 8.01416e-19)
(-0.269056 0.0509247 -7.8759e-20)
(-0.292357 0.0541657 -4.57088e-19)
(-0.29516 0.0656295 0)
(-0.264218 0.0831156 -9.36705e-20)
(-0.163875 0.0416929 -1.77411e-21)
(-0.222942 0.0505738 -7.96283e-19)
(-0.26865 0.0586898 -7.01992e-19)
(-0.287024 0.0622508 5.85503e-19)
(-0.28177 0.0707978 -4.41522e-19)
(-0.240511 0.0824929 0)
(-0.169639 0.0448958 -1.33688e-18)
(-0.22368 0.0560841 0)
(-0.266624 0.0673611 6.22632e-19)
(-0.281024 0.0711723 5.17611e-19)
(-0.268917 0.0770618 4.38604e-22)
(-0.21833 0.0837182 0)
(-0.172925 0.0479626 -4.16313e-20)
(-0.222417 0.0624584 2.47492e-20)
(-0.263455 0.0769562 -6.20892e-19)
(-0.274857 0.0810436 -7.20245e-22)
(-0.257144 0.0846375 5.00879e-19)
(-0.198113 0.0869613 -4.40774e-19)
(-0.173586 0.0511204 2.08429e-20)
(-0.21945 0.0695886 -3.95898e-19)
(-0.259457 0.0875034 3.12678e-19)
(-0.268954 0.0919348 -7.83093e-19)
(-0.246911 0.093621 0)
(-0.180294 0.0920533 3.9676e-19)
(-0.171685 0.0552698 0)
(-0.215065 0.0773854 4.00507e-19)
(-0.254867 0.099017 6.66683e-19)
(-0.263678 0.10382 2.30116e-19)
(-0.238749 0.103977 0)
(-0.165403 0.0981308 0)
(-0.167782 0.0633117 -2.06563e-20)
(-0.209673 0.0857202 1.26887e-20)
(-0.249926 0.111461 -3.16972e-19)
(-0.25941 0.116605 -3.31227e-20)
(-0.233215 0.11565 3.19426e-22)
(-0.154621 0.103456 2.61269e-20)
(-0.155317 0.0819836 -3.08892e-19)
(-0.203956 0.0938268 -2.03959e-19)
(-0.244743 0.124545 2.00667e-20)
(-0.256374 0.130195 -1.52072e-19)
(-0.231044 0.12885 1.17961e-19)
(-0.149969 0.106264 2.59167e-20)
(-0.144472 0.0859401 2.36884e-19)
(-0.197671 0.0995796 1.99797e-19)
(-0.2391 0.137577 5.06144e-21)
(-0.254533 0.144551 1.37302e-19)
(-0.232854 0.144398 -1.04743e-19)
(-0.152978 0.106715 0)
(-0.134301 0.0807099 3.41428e-20)
(-0.189955 0.102669 -1.64965e-21)
(-0.232366 0.149988 2.60691e-21)
(-0.253417 0.159658 -7.68978e-20)
(-0.238621 0.163615 -1.14183e-20)
(-0.163072 0.107631 0)
(-0.12031 0.0741245 -2.60528e-19)
(-0.179252 0.103056 0)
(-0.223706 0.161378 0)
(-0.252049 0.175068 2.1685e-19)
(-0.247238 0.188055 0)
(-0.176768 0.112987 0)
(-0.104485 0.0667067 2.65935e-19)
(-0.16523 0.100611 -4.38271e-19)
(-0.212439 0.171358 0)
(-0.248307 0.189471 -1.86817e-19)
(-0.257877 0.220418 3.23352e-20)
(-0.189897 0.125328 0)
(-0.0903449 0.0581188 0)
(-0.148286 0.0949946 4.60207e-19)
(-0.198428 0.179284 4.63321e-20)
(-0.24004 0.200981 -3.85271e-20)
(-0.267923 0.26173 -6.96919e-20)
(-0.200832 0.147372 6.11723e-20)
(-0.0752962 0.0466985 4.06722e-20)
(-0.127558 0.0842394 2.56986e-23)
(-0.181068 0.182703 -7.30065e-20)
(-0.225286 0.204516 4.01867e-20)
(-0.274474 0.311785 7.38657e-20)
(-0.205545 0.171114 -8.38399e-21)
(-0.0472425 0.0163685 0)
(-0.0919492 0.0488394 0)
(-0.148202 0.162857 8.64337e-19)
(-0.184372 0.175652 -4.19985e-20)
(-0.261203 0.361326 6.64743e-19)
(-0.171956 0.143068 -5.36331e-19)
(-0.39904 0.359251 0)
(-0.378009 0.359677 1.99411e-19)
(-0.334278 0.333249 9.13474e-20)
(-0.273678 0.292557 -2.79826e-19)
(-0.191144 0.238583 0)
(-0.08355 0.167564 -3.50428e-19)
(0.0498358 0.0764689 4.9087e-21)
(0.205188 -0.0329893 3.31665e-22)
(0.373722 -0.152728 -1.53013e-19)
(0.543071 -0.271672 -1.33591e-19)
(0.701908 -0.377685 0)
(0.837654 -0.459058 -2.78161e-19)
(0.941213 -0.509021 1.54742e-19)
(1.01334 -0.528715 -1.33627e-19)
(1.06117 -0.526459 0)
(1.09209 -0.509731 6.98901e-20)
(1.11146 -0.483664 -2.32527e-20)
(1.12327 -0.452878 6.33445e-20)
(1.13037 -0.420425 -9.41697e-20)
(1.13453 -0.388226 7.41935e-20)
(1.13671 -0.357582 -9.27384e-21)
(1.13728 -0.329213 -1.04002e-21)
(1.13586 -0.303272 -1.32917e-20)
(1.13145 -0.277181 2.01515e-21)
(-0.429321 0.302447 8.34237e-21)
(-0.374357 0.340384 1.60619e-19)
(-0.299028 0.320538 -9.70809e-20)
(-0.204908 0.283453 3.70916e-19)
(-0.0875311 0.229963 3.64701e-19)
(0.055983 0.157917 3.56267e-19)
(0.224248 0.0656755 0)
(0.410281 -0.0431601 0)
(0.601606 -0.159996 -3.02673e-19)
(0.784799 -0.273597 -2.60797e-19)
(0.945624 -0.371886 2.4645e-19)
(1.06924 -0.443802 1.94198e-19)
(1.1512 -0.484919 1.55337e-19)
(1.19774 -0.498021 0)
(1.2213 -0.493011 -1.69678e-19)
(1.23089 -0.477092 1.94474e-20)
(1.23139 -0.453114 -9.66039e-20)
(1.22646 -0.425479 1.34036e-19)
(1.21856 -0.396713 0)
(1.20902 -0.368223 3.84069e-20)
(1.19837 -0.340689 -3.68362e-20)
(1.18646 -0.314286 -9.20325e-21)
(1.17251 -0.288804 -7.19101e-21)
(1.15347 -0.260729 1.11819e-21)
(-0.426295 0.256593 3.93877e-19)
(-0.351901 0.309885 -3.19716e-19)
(-0.251141 0.299181 9.94731e-20)
(-0.126498 0.266049 -6.54708e-19)
(0.0235301 0.213691 -1.87114e-19)
(0.199911 0.141863 0)
(0.398802 0.0511701 -3.40484e-19)
(0.609815 -0.0536776 3.22583e-19)
(0.817568 -0.163231 -5.4782e-22)
(1.00634 -0.2668 2.60219e-19)
(1.15683 -0.352125 -4.36521e-19)
(1.25811 -0.411133 3.77296e-19)
(1.31304 -0.442623 -1.65353e-19)
(1.33409 -0.450389 1.17515e-19)
(1.33755 -0.443878 0)
(1.33131 -0.431426 1.42007e-19)
(1.31742 -0.41044 5.56343e-20)
(1.30045 -0.386701 -4.14239e-20)
(1.28197 -0.361861 3.29359e-20)
(1.26264 -0.336855 2.48976e-20)
(1.24252 -0.312118 0)
(1.22106 -0.287609 -4.11535e-20)
(1.19671 -0.262581 3.18194e-20)
(1.1657 -0.232761 1.92741e-20)
(-0.40604 0.22329 -5.16911e-19)
(-0.316189 0.276739 4.31071e-19)
(-0.193401 0.272468 0)
(-0.0410707 0.242622 1.82476e-19)
(0.139173 0.191992 5.31752e-19)
(0.346029 0.122109 -3.45025e-19)
(0.572581 0.0356912 1.7191e-19)
(0.803648 -0.061356 1.57681e-19)
(1.02013 -0.15969 0)
(1.20091 -0.248865 -5.01711e-19)
(1.32715 -0.318751 4.49623e-19)
(1.39771 -0.364591 -1.65197e-19)
(1.42432 -0.388599 4.20328e-19)
(1.42378 -0.393656 -3.56961e-19)
(1.41496 -0.390758 0)
(1.3959 -0.380064 -1.98644e-19)
(1.37168 -0.363611 1.67132e-19)
(1.34644 -0.34435 -9.52422e-20)
(1.32064 -0.323505 -6.51179e-20)
(1.29431 -0.301728 -2.45134e-20)
(1.2672 -0.279289 0)
(1.2386 -0.25608 -4.42872e-20)
(1.20675 -0.231149 8.80353e-21)
(1.16817 -0.200001 2.08781e-20)
(-0.37554 0.196743 4.36707e-19)
(-0.271977 0.244077 4.25128e-19)
(-0.12857 0.242796 3.83633e-19)
(0.0498984 0.215516 3.61929e-19)
(0.259632 0.167592 -7.04286e-19)
(0.496458 0.102248 5.07534e-19)
(0.747866 0.0230605 1.60448e-19)
(0.991303 -0.0620678 -2.95452e-19)
(1.20308 -0.146019 1.5628e-20)
(1.35913 -0.218823 4.70957e-19)
(1.45068 -0.273949 -2.11278e-19)
(1.48967 -0.309694 0)
(1.49384 -0.329407 0)
(1.48264 -0.336128 -1.00929e-19)
(1.46135 -0.334612 -1.54272e-19)
(1.43356 -0.326974 2.68445e-19)
(1.40389 -0.315209 -1.15803e-19)
(1.37349 -0.30047 0)
(1.34252 -0.283582 1.40125e-21)
(1.31096 -0.265074 0)
(1.27864 -0.245172 0)
(1.24495 -0.223703 -4.29474e-20)
(1.20816 -0.199488 4.08997e-20)
(1.16506 -0.168237 3.91532e-21)
(-0.339113 0.173375 -5.57613e-19)
(-0.221975 0.212705 -3.17593e-19)
(-0.0580439 0.212033 -7.64491e-19)
(0.147125 0.187172 -7.18425e-19)
(0.387905 0.143986 3.48904e-19)
(0.65493 0.0861357 -1.38456e-20)
(0.924136 0.0186577 6.05999e-19)
(1.16697 -0.0526309 -5.62772e-19)
(1.35547 -0.12078 2.58945e-19)
(1.47319 -0.178866 -1.34571e-21)
(1.52915 -0.222817 -2.26401e-20)
(1.54364 -0.252494 -2.4126e-20)
(1.53515 -0.269979 -3.77615e-20)
(1.51351 -0.278204 -2.00152e-19)
(1.4853 -0.279497 -7.28802e-20)
(1.45404 -0.275642 1.1187e-19)
(1.42116 -0.267703 -1.06123e-19)
(1.38737 -0.25659 0)
(1.35293 -0.243011 8.29145e-20)
(1.31799 -0.22745 -4.99115e-20)
(1.28252 -0.210094 5.69543e-20)
(1.2458 -0.190656 -5.40033e-20)
(1.20604 -0.167733 -6.64225e-21)
(1.16019 -0.137512 0)
(-0.300022 0.152448 -1.20871e-19)
(-0.167983 0.18321 1.07555e-19)
(0.0183244 0.181967 3.81599e-19)
(0.25351 0.160585 3.57139e-19)
(0.528604 0.125213 0)
(0.821214 0.0789581 -3.22093e-19)
(1.09545 0.0257776 -3.00755e-19)
(1.31852 -0.0314069 2.51979e-19)
(1.46661 -0.0861922 2.19185e-19)
(1.54419 -0.133476 2.05607e-22)
(1.5723 -0.170368 -1.51086e-19)
(1.57093 -0.19672 2.81216e-19)
(1.55298 -0.213871 2.97651e-19)
(1.52636 -0.22367 -1.73415e-19)
(1.49526 -0.227716 2.21506e-19)
(1.46171 -0.227043 1.5024e-19)
(1.42672 -0.222471 -5.42992e-20)
(1.39089 -0.214644 0)
(1.35457 -0.204111 0)
(1.31799 -0.191291 0)
(1.28099 -0.176345 0)
(1.24262 -0.158842 0)
(1.20116 -0.137372 -1.42705e-20)
(1.15368 -0.10874 1.89313e-20)
(-0.259964 0.133995 -6.31527e-20)
(-0.110697 0.156154 0)
(0.102372 0.154625 -9.38421e-20)
(0.373394 0.140002 4.26725e-19)
(0.682991 0.115951 0)
(0.989212 0.0849866 0)
(1.24948 0.044872 0)
(1.43256 -0.000698565 -2.51381e-19)
(1.53638 -0.0463563 3.91108e-19)
(1.58188 -0.086811 -1.82671e-19)
(1.59126 -0.119466 -1.33252e-19)
(1.57976 -0.144096 0)
(1.55667 -0.161614 -9.93617e-20)
(1.52726 -0.173105 -7.96422e-20)
(1.49443 -0.179547 0)
(1.4597 -0.181704 -5.01723e-20)
(1.42383 -0.180127 -6.29569e-21)
(1.3873 -0.175286 -3.71818e-20)
(1.35047 -0.167621 0)
(1.31348 -0.157466 -1.36716e-20)
(1.27589 -0.144898 2.77604e-20)
(1.23666 -0.1294 -4.08142e-20)
(1.19423 -0.109591 -3.99695e-21)
(1.14578 -0.0829151 6.7482e-21)
(-0.219871 0.118047 6.30549e-20)
(-0.0496262 0.13223 -3.15403e-19)
(0.197392 0.132645 -4.62977e-19)
(0.510106 0.129183 -5.11358e-19)
(0.846022 0.121566 1.55202e-19)
(1.14718 0.103959 0)
(1.37118 0.073706 2.42412e-19)
(1.50669 0.034937 -2.2467e-19)
(1.57367 -0.00515536 -3.66452e-19)
(1.59687 -0.0413471 3.02347e-19)
(1.5941 -0.0715052 2.46891e-19)
(1.57635 -0.09539 -9.22025e-20)
(1.55014 -0.113517 7.33868e-20)
(1.51928 -0.126587 -5.78646e-20)
(1.48589 -0.135211 4.5135e-20)
(1.45106 -0.139851 1.04983e-19)
(1.41534 -0.14089 2.00532e-20)
(1.37915 -0.138698 -7.52688e-20)
(1.34275 -0.133637 1.3811e-20)
(1.3061 -0.125979 2.26824e-20)
(1.26852 -0.115716 9.1406e-21)
(1.22896 -0.102337 -2.45037e-21)
(1.18609 -0.084384 9.08456e-21)
(1.13709 -0.0599996 4.31277e-22)
(-0.180147 0.104701 4.36863e-19)
(0.016877 0.112421 4.28438e-19)
(0.307336 0.120067 4.66104e-19)
(0.661553 0.133082 1.62775e-19)
(1.00689 0.142089 -4.29241e-21)
(1.2799 0.13329 -1.33958e-19)
(1.45469 0.107454 0)
(1.54823 0.0720995 -1.82041e-19)
(1.58858 0.0354067 0)
(1.59682 0.00183291 -1.40241e-19)
(1.58611 -0.0269528 -1.62387e-20)
(1.56442 -0.0506683 7.67863e-20)
(1.53653 -0.0695837 4.90117e-20)
(1.50526 -0.0841109 -1.08096e-20)
(1.47214 -0.0946277 -9.26353e-21)
(1.43798 -0.101434 -8.00196e-21)
(1.40319 -0.104792 -3.97713e-20)
(1.36805 -0.104984 3.73434e-20)
(1.33267 -0.102296 -5.18542e-21)
(1.29677 -0.0969455 -9.1217e-21)
(1.25958 -0.0888986 1.62812e-21)
(1.22007 -0.0776532 -2.45628e-21)
(1.17708 -0.0616544 1.15393e-20)
(1.1279 -0.0397733 -1.10917e-20)
(-0.140799 0.0940749 -4.98769e-19)
(0.0913528 0.0981688 0)
(0.434241 0.120285 -3.60862e-19)
(0.819956 0.154679 1.56832e-19)
(1.15166 0.174178 2.79775e-19)
(1.37723 0.168187 -8.50091e-21)
(1.50491 0.142785 -1.07024e-19)
(1.56676 0.109081 1.79998e-19)
(1.58861 0.0744265 2.759e-19)
(1.58669 0.0423491 -1.01964e-19)
(1.57074 0.0142006 0)
(1.54668 -0.00969281 -1.41192e-20)
(1.5181 -0.0294413 0)
(1.48712 -0.045292 -4.60761e-20)
(1.45489 -0.0574831 -1.14228e-19)
(1.42197 -0.0662073 8.03701e-20)
(1.38862 -0.0716453 -4.72644e-20)
(1.35498 -0.0740075 -1.57511e-20)
(1.32096 -0.0735114 -1.40163e-21)
(1.28609 -0.0703321 7.46338e-21)
(1.24952 -0.0644564 -1.6009e-21)
(1.21032 -0.0553546 4.89059e-21)
(1.16749 -0.0413763 -7.35201e-21)
(1.11843 -0.0221122 -7.6572e-21)
(-0.101385 0.0863188 -6.11102e-20)
(0.177143 0.0920133 4.77863e-19)
(0.576194 0.138036 3.63391e-19)
(0.973024 0.190597 -1.2877e-20)
(1.26663 0.213113 2.54452e-19)
(1.44075 0.204724 1.04837e-19)
(1.53068 0.178282 -2.66742e-19)
(1.56963 0.145195 -8.9484e-20)
(1.57852 0.111549 -1.7173e-19)
(1.56962 0.0801481 2.85352e-19)
(1.55025 0.0521352 -1.15998e-21)
(1.52491 0.0278499 -1.95752e-21)
(1.49637 0.00726339 4.61503e-20)
(1.46621 -0.00978233 2.43266e-20)
(1.4353 -0.0234516 9.38965e-21)
(1.40401 -0.0338795 -2.67521e-20)
(1.37244 -0.0411942 6.91345e-23)
(1.34054 -0.0455476 1.37442e-20)
(1.30806 -0.0471015 -6.03565e-21)
(1.27439 -0.0460013 2.88409e-21)
(1.23865 -0.0422644 0)
(1.19996 -0.0353232 -1.38589e-20)
(1.15753 -0.0234068 -2.91615e-20)
(1.10885 -0.00679272 4.41031e-20)
(-0.060959 0.0816472 6.17461e-20)
(0.276648 0.0972903 -3.80512e-19)
(0.72503 0.174896 8.21581e-20)
(1.10678 0.23613 -3.72987e-19)
(1.34823 0.254735 -1.89113e-19)
(1.47747 0.241499 -9.35138e-20)
(1.53905 0.213359 1.69078e-19)
(1.56158 0.180098 -1.92253e-19)
(1.56133 0.146647 0)
(1.54765 0.115313 -1.49697e-19)
(1.52617 0.0870803 -5.0293e-20)
(1.50037 0.0622652 -3.65145e-20)
(1.47239 0.0408637 3.33716e-20)
(1.44345 0.0227492 -2.40769e-20)
(1.41415 0.00778027 1.57309e-20)
(1.3847 -0.00416017 3.79995e-21)
(1.35507 -0.0131739 4.98541e-21)
(1.32505 -0.0193693 -2.3295e-23)
(1.29422 -0.0228626 -1.44333e-20)
(1.26188 -0.0237786 1.35813e-20)
(1.22715 -0.0221624 0)
(1.18919 -0.017397 8.95888e-21)
(1.14736 -0.00755193 0)
(1.0993 0.00645351 -7.74962e-21)
(-0.0181583 0.0804302 2.62869e-19)
(0.390556 0.119562 0)
(0.869704 0.22598 -1.75106e-19)
(1.21171 0.286206 2.01427e-19)
(1.4007 0.296444 -5.93582e-20)
(1.49434 0.278074 1.1219e-20)
(1.53494 0.24771 6.17247e-20)
(1.54561 0.213549 -3.11515e-22)
(1.53892 0.179648 -3.39996e-20)
(1.52209 0.147933 2.49568e-20)
(1.4995 0.119232 -5.79e-20)
(1.47389 0.0938087 3.23828e-20)
(1.44689 0.0716408 0)
(1.41943 0.052589 0)
(1.3919 0.0364947 0)
(1.3644 0.0232251 0)
(1.33677 0.0126792 -5.42416e-21)
(1.30866 0.00477444 -2.26141e-20)
(1.27954 -0.000569672 2.64676e-21)
(1.24867 -0.0034588 5.31618e-20)
(1.21514 -0.00395596 3.81083e-21)
(1.17812 -0.00138055 4.69716e-21)
(1.1371 0.00641174 -3.26851e-20)
(1.08993 0.0179256 0)
(0.0288216 0.0826945 -2.66957e-19)
(0.515416 0.164376 -1.5738e-19)
(0.997223 0.285564 1.18425e-19)
(1.2861 0.337642 -2.5949e-19)
(1.42989 0.337662 9.33249e-20)
(1.49623 0.31398 1.1702e-20)
(1.52143 0.280932 5.01717e-20)
(1.52363 0.245304 -3.56874e-20)
(1.51254 0.210469 3.37215e-20)
(1.49382 0.178044 0)
(1.47095 0.148707 0)
(1.44605 0.122644 0)
(1.42036 0.0997805 4.37263e-22)
(1.39455 0.0799326 -8.60171e-21)
(1.36887 0.0628941 4.70125e-21)
(1.34332 0.0484883 1.34263e-20)
(1.31764 0.036588 -1.62777e-20)
(1.29143 0.0271136 -9.94788e-21)
(1.26407 0.0200071 -7.47103e-21)
(1.23479 0.0151808 8.87314e-21)
(1.20266 0.0125737 -1.8765e-20)
(1.16684 0.0129427 -4.38826e-20)
(1.12687 0.0187188 4.21178e-20)
(1.08082 0.0279561 -1.47704e-20)
(0.0819156 0.0876202 -3.17223e-20)
(0.644441 0.230774 2.35504e-19)
(1.09846 0.349497 -1.25951e-19)
(1.33352 0.388387 9.14502e-20)
(1.44072 0.378307 -5.35341e-20)
(1.48658 0.348999 5.35145e-21)
(1.50061 0.312736 -4.36024e-20)
(1.49688 0.275137 5.31726e-20)
(1.48299 0.23899 0)
(1.46345 0.205617 -8.59363e-21)
(1.44099 0.17554 8.03233e-21)
(1.41725 0.14884 1.5043e-21)
(1.39314 0.125369 -6.69097e-21)
(1.36911 0.104874 8.10355e-21)
(1.34529 0.0870824 0)
(1.3216 0.0717532 0)
(1.29778 0.058707 8.99642e-21)
(1.27338 0.0478382 3.42407e-20)
(1.24779 0.0390898 -2.29742e-20)
(1.22021 0.0323818 1.09059e-20)
(1.1897 0.0276725 0)
(1.15537 0.0258129 -2.71519e-20)
(1.1167 0.0296043 -3.49502e-23)
(1.07209 0.0369219 2.57628e-20)
(0.143542 0.0955109 -1.7704e-20)
(0.76981 0.311547 0)
(1.17258 0.414381 -3.53144e-20)
(1.35811 0.43752 0)
(1.43686 0.417728 4.62032e-22)
(1.46764 0.382598 3.55983e-20)
(1.47376 0.342701 -1.63886e-20)
(1.46615 0.302753 6.19425e-21)
(1.45083 0.265022 0)
(1.43138 0.230545 0)
(1.40995 0.199673 0)
(1.38778 0.172366 -2.24259e-21)
(1.36548 0.148381 0)
(1.34332 0.127387 -3.3277e-21)
(1.32135 0.109038 0)
(1.29944 0.0930195 0)
(1.27732 0.0790818 0)
(1.25459 0.0670631 -1.53666e-20)
(1.23067 0.0568735 1.04261e-20)
(1.20483 0.0484189 1.14564e-20)
(1.17613 0.0416636 -1.07747e-20)
(1.1436 0.0375561 4.20976e-21)
(1.10655 0.0393261 -4.42587e-21)
(1.06384 0.0453494 1.67897e-20)
(0.218245 0.115546 0)
(0.881305 0.399273 0)
(1.22121 0.478803 3.50696e-20)
(1.36346 0.484964 0)
(1.42084 0.455555 -1.61355e-20)
(1.44092 0.414304 -1.05259e-20)
(1.44179 0.370398 0)
(1.43203 0.327809 0)
(1.41644 0.288308 -2.85182e-22)
(1.39791 0.252643 2.28636e-21)
(1.37809 0.220966 -1.68263e-21)
(1.35785 0.193097 2.22299e-21)
(1.33759 0.168689 -4.88542e-21)
(1.31742 0.147329 6.89936e-21)
(1.2973 0.128603 0)
(1.27708 0.112133 -1.01769e-20)
(1.25652 0.0976015 -6.53121e-22)
(1.23526 0.0847726 7.45158e-21)
(1.21283 0.0734924 2.94283e-21)
(1.18861 0.063626 2.97808e-21)
(1.16175 0.0550919 -5.40443e-21)
(1.1312 0.0487741 -5.50474e-21)
(1.0961 0.0481552 5.79694e-21)
(1.05613 0.054153 -4.13755e-21)
(0.306169 0.167101 0)
(0.9694 0.490477 4.56196e-20)
(1.24603 0.54314 -2.70587e-20)
(1.35253 0.530634 -1.83764e-21)
(1.3944 0.491194 1.6442e-21)
(1.40738 0.443465 0)
(1.40528 0.395276 0)
(1.3949 0.349871 -3.38685e-22)
(1.38015 0.308527 8.16806e-23)
(1.36329 0.271666 0)
(1.34559 0.23922 0)
(1.32764 0.210846 0)
(1.30964 0.186085 1.04004e-21)
(1.2916 0.164451 2.97907e-21)
(1.27341 0.145481 5.12624e-21)
(1.2549 0.128757 -1.32449e-21)
(1.23586 0.113922 0)
(1.21597 0.10069 1.21067e-21)
(1.19488 0.0888531 1.02715e-21)
(1.17213 0.078243 -3.8645e-21)
(1.14703 0.0686796 1.22266e-21)
(1.11867 0.0605112 1.24268e-21)
(1.08598 0.056278 -1.30546e-21)
(1.04828 0.0650733 0)
(0.3951 0.263638 -1.45463e-20)
(1.02874 0.583839 -3.33123e-20)
(1.24814 0.606685 2.67207e-20)
(1.32716 0.573839 0)
(1.35864 0.523681 0)
(1.3677 0.469204 0)
(1.36472 0.416668 5.97469e-21)
(1.35516 0.368449 1.32431e-20)
(1.34222 0.325319 -1.49997e-20)
(1.32773 0.287349 1.24981e-20)
(1.31262 0.254218 0)
(1.29727 0.225404 1.24608e-20)
(1.28175 0.200333 -1.16799e-20)
(1.266 0.178452 -1.89451e-20)
(1.24988 0.159265 0)
(1.23324 0.14234 0)
(1.21586 0.127316 1.26777e-20)
(1.19753 0.113906 0)
(1.17794 0.101899 5.50374e-21)
(1.15679 0.0911208 0)
(1.13371 0.0812453 0)
(1.10822 0.0719883 -2.30167e-20)
(1.07877 0.0649714 4.76501e-20)
(1.03885 0.0794122 -2.44984e-20)
(0.475959 0.402663 0)
(1.0572 0.675972 -1.14432e-19)
(1.22788 0.666701 -8.25699e-20)
(1.28842 0.613077 1.59895e-20)
(1.31437 0.551718 -4.56916e-21)
(1.32253 0.490546 -6.7552e-21)
(1.32063 0.433848 1.18669e-20)
(1.31321 0.383022 -1.94172e-20)
(1.30299 0.338322 1.11933e-20)
(1.29147 0.299437 2.72603e-21)
(1.27934 0.265768 -4.71551e-20)
(1.26684 0.236605 -3.26423e-20)
(1.25396 0.211254 6.1945e-20)
(1.24063 0.189098 -4.42698e-20)
(1.22671 0.169602 2.76851e-20)
(1.21206 0.152315 -2.78385e-20)
(1.19652 0.136861 -1.45412e-20)
(1.17988 0.122934 0)
(1.16189 0.110281 0)
(1.14227 0.0985837 2.62572e-20)
(1.12072 0.0872411 0)
(1.09659 0.0761797 2.55607e-20)
(1.06728 0.0695272 2.70334e-20)
(1.02648 0.080559 2.80201e-20)
(0.553182 0.580282 -4.4637e-20)
(1.05377 0.762518 8.20349e-20)
(1.18577 0.71911 5.56635e-20)
(1.23737 0.646126 9.0268e-21)
(1.26264 0.573763 -2.52922e-20)
(1.27268 0.506393 0)
(1.27364 0.446031 -1.74009e-20)
(1.26955 0.393067 -6.18328e-20)
(1.26284 0.347202 -4.46264e-20)
(1.25479 0.307724 3.53265e-20)
(1.24594 0.273749 3.27472e-20)
(1.23646 0.244383 3.23594e-20)
(1.22632 0.218827 -6.63984e-20)
(1.21546 0.196402 3.26681e-20)
(1.20377 0.17654 -6.44929e-20)
(1.19115 0.158765 6.11604e-20)
(1.17744 0.142679 2.82936e-20)
(1.16247 0.127952 5.82277e-20)
(1.14602 0.114287 4.72411e-22)
(1.12783 0.101268 -5.48514e-20)
(1.10761 0.0882203 4.53295e-22)
(1.08457 0.0755023 -7.8804e-20)
(1.05588 0.0686746 -1.71515e-19)
(1.01848 0.0767107 1.52617e-19)
(0.62492 0.800848 -1.98314e-19)
(1.01176 0.838002 9.92614e-20)
(1.12178 0.759328 0)
(1.17517 0.669918 -8.86564e-21)
(1.20472 0.587937 9.17481e-20)
(1.21921 0.515533 -1.86759e-20)
(1.2246 0.452453 -4.75174e-20)
(1.22486 0.398128 8.46183e-20)
(1.22229 0.351707 8.75262e-20)
(1.21807 0.312086 -4.34578e-20)
(1.21269 0.278122 0)
(1.2063 0.248774 0)
(1.19892 0.22316 7.87193e-20)
(1.19052 0.200561 -3.45889e-20)
(1.18105 0.180388 3.77008e-20)
(1.17042 0.162154 6.88034e-20)
(1.15851 0.145452 -6.56579e-20)
(1.14516 0.129948 -6.38797e-20)
(1.1302 0.115339 6.16198e-20)
(1.11339 0.101192 -9.1375e-20)
(1.09451 0.0868709 1.17261e-19)
(1.07275 0.073038 9.04023e-20)
(1.0452 0.0658223 6.62662e-20)
(1.01119 0.0714531 -1.20577e-19)
(0.618725 1.05678 7.72262e-20)
(0.919711 0.892272 -6.21856e-20)
(1.03832 0.78099 -6.27352e-20)
(1.10454 0.680635 0)
(1.14263 0.592422 -1.56958e-20)
(1.16361 0.516951 1.00744e-19)
(1.17463 0.452551 -1.16658e-19)
(1.17996 0.397918 5.57759e-20)
(1.18194 0.35171 -5.50931e-20)
(1.18174 0.312496 1.0702e-19)
(1.17988 0.278933 5.2283e-20)
(1.17659 0.249883 9.29412e-20)
(1.17194 0.224423 -1.75164e-19)
(1.16596 0.20182 -3.97059e-20)
(1.15866 0.181484 4.12779e-20)
(1.14998 0.162932 0)
(1.13984 0.145766 3.77565e-20)
(1.12812 0.129662 1.39452e-19)
(1.11466 0.114331 -1.69815e-19)
(1.09932 0.0993547 0)
(1.08195 0.0841535 0)
(1.06179 0.0695662 6.34479e-20)
(1.03584 0.0618521 -1.30132e-19)
(1.00491 0.0655189 2.13526e-19)
(-0.0203883 -0.0680073 0)
(-0.0318402 -0.0426374 -4.2275e-18)
(-0.0717023 0.0574459 -1.06481e-19)
(-0.147715 0.217472 1.76443e-19)
(-0.126981 0.348627 -1.31863e-18)
(-0.278466 0.94991 7.38171e-19)
(-0.0252086 -0.0612299 0)
(-0.0369959 0.016132 1.98372e-18)
(-0.0664846 0.130582 -1.50534e-18)
(-0.117181 0.276466 0)
(-0.1073 0.43766 -2.34416e-19)
(-0.0824513 0.767769 -4.54845e-19)
(-0.0315095 -0.0440184 8.74266e-20)
(-0.035036 0.0594152 -5.4331e-20)
(-0.0530473 0.176889 1.32613e-18)
(-0.080513 0.313681 0)
(-0.0513609 0.47663 -8.37088e-19)
(0.02843 0.700413 0)
(-0.0368385 -0.0236384 -4.31178e-20)
(-0.0295081 0.09304 1.48735e-19)
(-0.0362141 0.209536 7.26691e-20)
(-0.0449024 0.335989 9.27402e-19)
(-0.00343099 0.483817 6.62495e-19)
(0.0951785 0.652276 0)
(-0.0401251 -0.0024834 0)
(-0.0220384 0.119021 -9.23892e-20)
(-0.0185523 0.231818 6.73584e-20)
(-0.0118712 0.346779 -8.63639e-19)
(0.0386269 0.474678 -1.63851e-19)
(0.140458 0.604061 2.04291e-20)
(-0.0403979 0.0148906 -4.19168e-20)
(-0.0132296 0.137634 0)
(-0.000950634 0.245294 0)
(0.0178824 0.348056 0)
(0.0744796 0.45531 1.54875e-19)
(0.174029 0.554023 -5.41371e-19)
(-0.0368987 0.0279449 2.8701e-18)
(-0.00321213 0.14957 1.26726e-18)
(0.0164051 0.251445 -1.07201e-18)
(0.0444849 0.341785 -6.61144e-19)
(0.104852 0.429389 0)
(0.200128 0.503238 5.10232e-19)
(-0.0300271 0.0365354 -2.56711e-18)
(0.00790189 0.156084 -1.35487e-18)
(0.0334473 0.25175 9.24638e-19)
(0.0682521 0.329802 7.35515e-19)
(0.130606 0.399333 0)
(0.221035 0.452689 -1.19719e-19)
(-0.0206622 0.0413303 4.11632e-20)
(0.01981 0.158424 0)
(0.0500231 0.247588 -1.107e-19)
(0.0894817 0.313687 9.05387e-20)
(0.152493 0.366805 0)
(0.238126 0.402983 1.19554e-19)
(-0.00990749 0.0431309 -2.62018e-18)
(0.0320738 0.157686 -1.2491e-18)
(0.0659015 0.240166 1.08711e-19)
(0.108396 0.294742 6.11015e-19)
(0.171127 0.332988 0)
(0.25233 0.354502 1.19714e-19)
(0.0011901 0.0426141 6.67133e-21)
(0.0441996 0.154736 1.23657e-18)
(0.0808344 0.23046 9.79505e-19)
(0.125163 0.273993 -7.85389e-19)
(0.187008 0.29871 5.7728e-19)
(0.264277 0.307437 0)
(0.0117715 0.0402628 2.61186e-18)
(0.0557151 0.150191 0)
(0.0946122 0.219211 -8.73591e-19)
(0.139929 0.252225 -6.93918e-19)
(0.200533 0.264548 -7.78696e-22)
(0.274387 0.261814 0)
(0.0211861 0.0363913 8.11374e-20)
(0.0662198 0.144435 -3.83164e-20)
(0.107091 0.206948 8.76879e-19)
(0.152846 0.230029 1.5553e-21)
(0.212033 0.230905 -6.52958e-19)
(0.282961 0.217612 5.65919e-19)
(0.0289625 0.0312066 -4.06713e-20)
(0.0753901 0.137661 6.14248e-19)
(0.118197 0.194029 -4.46848e-19)
(0.1641 0.207838 1.06405e-18)
(0.2218 0.198101 0)
(0.290202 0.174801 -5.06654e-19)
(0.0347574 0.0248524 0)
(0.0829446 0.12992 -6.25397e-19)
(0.127926 0.180656 -9.69281e-19)
(0.173921 0.185962 -3.16576e-19)
(0.230094 0.1664 0)
(0.296238 0.133364 0)
(0.0382831 0.017467 4.05945e-20)
(0.0886042 0.121131 -2.00716e-20)
(0.136341 0.166925 4.71795e-19)
(0.182587 0.16466 4.58018e-20)
(0.237167 0.136082 -1.66586e-21)
(0.301097 0.0933234 -3.35663e-20)
(0.0392101 0.00922081 6.53798e-19)
(0.0920917 0.111087 3.29956e-19)
(0.143556 0.152818 -3.03385e-20)
(0.190433 0.144155 2.18646e-19)
(0.243311 0.107502 -1.58848e-19)
(0.304748 0.05482 -3.23854e-20)
(0.0371278 0.000389015 -5.75733e-19)
(0.0931268 0.0994403 -3.33741e-19)
(0.149762 0.138184 -8.12554e-21)
(0.197878 0.124613 -2.03453e-19)
(0.248854 0.0810954 1.44537e-19)
(0.307069 0.0181781 0)
(0.0315593 -0.00857695 -8.7902e-20)
(0.0913952 0.0856551 2.84522e-21)
(0.155201 0.122726 -4.25211e-21)
(0.205462 0.106173 1.17959e-19)
(0.254237 0.0574497 1.62057e-20)
(0.307766 -0.0159463 0)
(0.0223227 -0.0201627 6.66623e-19)
(0.0864173 0.0690271 0)
(0.160143 0.105989 0)
(0.213909 0.0889247 -3.466e-19)
(0.260151 0.0373645 0)
(0.306238 -0.0461992 0)
(0.0122273 -0.0304731 -6.26607e-19)
(0.0777348 0.0488997 8.29215e-19)
(0.164785 0.0874186 0)
(0.224217 0.0729475 3.11633e-19)
(0.267875 0.0218068 -5.11062e-20)
(0.301321 -0.070853 0)
(0.0038357 -0.036823 0)
(0.0656867 0.0252506 -9.01249e-19)
(0.168833 0.0665821 -8.63438e-20)
(0.237539 0.058447 6.89335e-20)
(0.27945 0.0118918 1.09704e-19)
(0.287546 -0.0868858 -9.35171e-20)
(-0.00526739 -0.0434159 -8.10933e-20)
(0.0498194 -0.00198097 6.09057e-22)
(0.169699 0.0427018 1.41177e-19)
(0.25424 0.0449159 -7.47271e-20)
(0.2965 0.00824902 -1.23351e-19)
(0.247935 -0.0930994 1.29675e-20)
(-0.0139647 -0.0510867 -2.80717e-18)
(0.0233755 -0.0379369 -6.52538e-20)
(0.155091 -0.00194684 -1.71012e-18)
(0.271433 0.0158594 7.98329e-20)
(0.307294 -0.00433816 -1.36668e-19)
(0.163642 -0.128522 9.0838e-19)
(0.463345 1.19204 8.51321e-20)
(0.801746 0.906906 5.26083e-20)
(0.949853 0.778048 1.03074e-19)
(1.03172 0.675261 1.47475e-19)
(1.07951 0.585827 0)
(1.10785 0.510005 2.35328e-20)
(1.1251 0.446076 1.42681e-19)
(1.13582 0.392386 -6.69835e-20)
(1.14247 0.347256 0)
(1.14629 0.309042 -5.51792e-20)
(1.14789 0.276301 -5.18518e-20)
(1.14761 0.247863 1.08505e-19)
(1.1456 0.222809 1.01541e-19)
(1.14197 0.200419 0)
(1.13678 0.180121 0)
(1.13001 0.161449 -8.56918e-20)
(1.12162 0.144025 -3.77207e-20)
(1.11154 0.127544 -1.51402e-19)
(1.09966 0.11174 3.27866e-19)
(1.08589 0.096224 -1.42142e-19)
(1.0702 0.0804709 0)
(1.05184 0.0654213 -1.04091e-19)
(1.0277 0.0572354 1.07471e-19)
(0.999693 0.0592303 -1.8312e-20)
(0.424053 0.986279 -4.42104e-20)
(0.716385 0.856636 -1.05795e-19)
(0.871532 0.750889 5.93781e-20)
(0.962895 0.654024 -1.81986e-19)
(1.01869 0.568128 -2.12903e-19)
(1.05404 0.494861 -1.64636e-19)
(1.07739 0.433299 0)
(1.09338 0.381801 0)
(1.10453 0.338578 1.50497e-19)
(1.11219 0.30193 1.30788e-19)
(1.11709 0.270419 -1.22302e-19)
(1.11966 0.242911 -1.07758e-19)
(1.12016 0.218527 -1.00954e-19)
(1.11878 0.196586 0)
(1.11561 0.176549 1.87038e-19)
(1.1107 0.157979 -4.79723e-22)
(1.10405 0.140522 1.70002e-19)
(1.09562 0.1239 -2.48545e-19)
(1.08535 0.107873 0)
(1.07323 0.0920849 -1.52935e-19)
(1.05933 0.0760712 1.49337e-19)
(1.0429 0.06083 7.12898e-20)
(1.02071 0.0522775 7.77466e-20)
(0.995531 0.0528455 -4.24625e-21)
(0.39334 0.875226 -4.23632e-19)
(0.653813 0.799447 2.88824e-19)
(0.805194 0.709487 -7.07897e-20)
(0.900704 0.620928 4.65532e-19)
(0.962468 0.541183 9.4358e-20)
(1.00383 0.472662 0)
(1.03266 0.414993 2.00255e-19)
(1.05344 0.366702 -1.70706e-19)
(1.0687 0.326068 9.70169e-21)
(1.07988 0.291465 -1.50339e-19)
(1.08781 0.261546 2.69494e-19)
(1.09302 0.235261 -2.45355e-19)
(1.09587 0.211803 1.1486e-19)
(1.0966 0.190546 -1.10761e-19)
(1.09537 0.170995 0)
(1.09225 0.152748 -1.91313e-19)
(1.08731 0.135482 -9.44598e-20)
(1.08053 0.118947 8.49869e-20)
(1.07189 0.102934 -8.76352e-20)
(1.06149 0.0871262 -8.48857e-20)
(1.04943 0.0711231 0)
(1.035 0.0559495 3.23358e-19)
(1.01484 0.0471658 -1.53531e-19)
(0.992391 0.0465318 -2.30789e-19)
(0.373397 0.781617 5.06312e-19)
(0.603918 0.732398 -3.74922e-19)
(0.749337 0.657581 0)
(0.846292 0.579205 -1.28691e-19)
(0.912155 0.507272 -4.07188e-19)
(0.958268 0.444901 2.44518e-19)
(0.991676 0.392143 -9.55386e-20)
(1.01657 0.347757 -9.58741e-20)
(1.03542 0.310206 0)
(1.04971 0.278017 3.03107e-19)
(1.06036 0.249985 -2.81193e-19)
(1.06797 0.225178 1.30453e-19)
(1.07297 0.202877 -3.6587e-19)
(1.07566 0.182525 3.40627e-19)
(1.07624 0.163674 0)
(1.07485 0.145962 3.02867e-19)
(1.07155 0.1291 -2.96316e-19)
(1.06639 0.11287 1.88402e-19)
(1.0594 0.0970949 1.81473e-19)
(1.05071 0.0815052 8.53882e-20)
(1.04052 0.0657689 0)
(1.02808 0.0509108 3.43685e-19)
(1.01 0.0420413 8.838e-20)
(0.990204 0.0404186 -2.37981e-19)
(0.364169 0.698404 -5.08319e-19)
(0.566369 0.6626 -4.6937e-19)
(0.703689 0.600272 -3.9204e-19)
(0.800005 0.532127 -3.39268e-19)
(0.868277 0.468602 5.70348e-19)
(0.917857 0.413043 -3.82377e-19)
(0.954868 0.365733 -1.15837e-19)
(0.983132 0.325659 1.99823e-19)
(1.005 0.291504 -5.80679e-21)
(1.02195 0.261985 -3.32458e-19)
(1.03497 0.236067 1.53698e-19)
(1.04471 0.212949 0)
(1.05165 0.192008 0)
(1.05614 0.172756 1.24617e-19)
(1.05841 0.1548 2.27548e-19)
(1.05863 0.13782 -4.34512e-19)
(1.05691 0.12156 2.08433e-19)
(1.05332 0.105837 0)
(1.04794 0.0905124 5.03842e-21)
(1.04095 0.075367 0)
(1.03259 0.0601415 0)
(1.02212 0.0458325 3.63493e-19)
(1.00613 0.0370199 -3.49947e-19)
(0.98888 0.0346111 -8.13091e-20)
(0.360129 0.621429 6.33482e-19)
(0.538385 0.593004 3.33724e-19)
(0.667107 0.540642 8.0679e-19)
(0.76146 0.48207 6.99696e-19)
(0.830809 0.426914 -2.96224e-19)
(0.882717 0.378329 -1.86391e-20)
(0.922408 0.336651 -4.86011e-19)
(0.953307 0.301064 4.32266e-19)
(0.977616 0.270465 -1.97476e-19)
(0.996792 0.243776 7.02654e-21)
(1.01182 0.220135 4.16726e-21)
(1.02342 0.198871 8.34327e-21)
(1.03208 0.179457 5.00916e-21)
(1.03819 0.161477 2.64225e-19)
(1.042 0.144591 1.23411e-19)
(1.04373 0.128518 -2.28263e-19)
(1.04349 0.113041 2.2033e-19)
(1.0414 0.0980136 0)
(1.03756 0.0833372 -3.03338e-19)
(1.03222 0.0688507 1.98487e-19)
(1.02563 0.0543651 -3.84981e-19)
(1.01704 0.0408171 3.75817e-19)
(1.00313 0.0321931 9.49665e-20)
(0.98831 0.0291901 0)
(0.359108 0.549464 1.45391e-19)
(0.517843 0.525021 -1.33447e-19)
(0.638346 0.4806 -4.15547e-19)
(0.729997 0.430708 -3.60758e-19)
(0.799439 0.383534 0)
(0.852731 0.341762 2.79162e-19)
(0.894287 0.305658 2.47381e-19)
(0.927152 0.274563 -2.31835e-19)
(0.953366 0.247567 -1.99717e-19)
(0.974336 0.223789 7.85715e-21)
(0.991046 0.202531 1.65453e-19)
(1.00422 0.183244 -3.06632e-19)
(1.01437 0.165494 -4.29758e-19)
(1.02191 0.148929 2.68727e-19)
(1.02712 0.133261 -3.78403e-19)
(1.03022 0.118251 -3.62394e-19)
(1.03135 0.10372 1.14056e-19)
(1.03067 0.0895596 0)
(1.0283 0.0757181 0)
(1.02452 0.0620915 0)
(1.0196 0.0485536 0)
(1.01277 0.0359472 0)
(1.00091 0.027631 3.90487e-19)
(0.988372 0.0242155 -7.57696e-19)
(0.360041 0.481966 8.37505e-20)
(0.503151 0.459378 0)
(0.616222 0.421334 1.08375e-19)
(0.704857 0.379185 -4.98843e-19)
(0.773713 0.339432 0)
(0.827644 0.304125 0)
(0.870381 0.273386 0)
(0.904627 0.246672 2.30416e-19)
(0.932264 0.223244 -4.22521e-19)
(0.954636 0.2024 1.94353e-19)
(0.972703 0.183586 1.77227e-19)
(0.987183 0.166363 0)
(0.998614 0.150379 1.45935e-19)
(1.0074 0.135346 1.36818e-19)
(1.01384 0.121022 0)
(1.01816 0.10721 1.23295e-19)
(1.02055 0.0937693 6.45146e-22)
(1.02116 0.0806349 1.15177e-19)
(1.02016 0.0678006 0)
(1.01783 0.0552162 1.10822e-19)
(1.01443 0.0428036 -3.15473e-19)
(1.00923 0.0312818 5.1644e-19)
(0.999341 0.023382 3.02196e-19)
(0.988939 0.0197274 4.5932e-20)
(0.3623 0.418431 -8.39832e-20)
(0.493099 0.396387 4.14178e-19)
(0.599693 0.363528 5.90111e-19)
(0.685293 0.328241 5.91888e-19)
(0.75313 0.295289 -1.82373e-19)
(0.807136 0.26601 0)
(0.850501 0.240343 -2.67622e-19)
(0.885632 0.217833 2.49112e-19)
(0.914273 0.197886 4.28027e-19)
(0.937693 0.179956 -4.00589e-19)
(0.956819 0.163612 -3.59183e-19)
(0.972356 0.148508 1.68124e-19)
(0.984841 0.134368 -1.56363e-19)
(0.994679 0.120958 1.46767e-19)
(1.00218 0.108082 -1.38974e-19)
(1.00759 0.0955824 -3.92838e-19)
(1.0111 0.0833605 -1.21331e-19)
(1.01289 0.071395 3.62309e-19)
(1.01312 0.059723 -1.18896e-19)
(1.0121 0.0483376 -2.26551e-19)
(1.01006 0.0371895 -1.07902e-19)
(1.00632 0.0268551 2.17804e-19)
(0.998322 0.0194755 -9.28939e-19)
(0.989886 0.0157473 3.79592e-19)
(0.365467 0.358296 -5.73783e-19)
(0.48676 0.336061 -5.52402e-19)
(0.587894 0.307504 -5.91449e-19)
(0.670631 0.278317 -2.01038e-19)
(0.737199 0.251565 1.07297e-20)
(0.79087 0.227854 1.63791e-19)
(0.834428 0.206935 0)
(0.870036 0.188419 2.52141e-19)
(0.89932 0.171838 0)
(0.923472 0.156775 1.99234e-19)
(0.943382 0.142897 -2.46198e-22)
(0.959737 0.129944 -1.67657e-19)
(0.973064 0.117699 -1.58119e-19)
(0.983769 0.105981 3.06531e-21)
(0.992167 0.0946363 -3.75299e-21)
(0.998506 0.0835472 -3.60242e-21)
(1.003 0.0726567 2.59107e-19)
(1.00582 0.0619867 -2.51986e-19)
(1.00715 0.0516098 -3.24109e-21)
(1.00728 0.0415472 1.15658e-19)
(1.00643 0.031761 -1.14915e-19)
(1.00398 0.0226819 1.08785e-19)
(0.997742 0.0159248 5.29345e-19)
(0.991095 0.0122799 -3.87899e-19)
(0.369265 0.301037 6.4281e-19)
(0.483459 0.278213 0)
(0.580145 0.253345 4.8635e-19)
(0.660295 0.229642 -2.20154e-19)
(0.725475 0.208556 -3.70013e-19)
(0.778526 0.18997 8.80741e-21)
(0.821941 0.173479 1.4677e-19)
(0.857692 0.158743 -2.58357e-19)
(0.887308 0.145401 -4.62378e-19)
(0.911913 0.133138 2.08124e-19)
(0.932356 0.121708 0)
(0.949302 0.110913 -3.65263e-21)
(0.963268 0.100597 0)
(0.974655 0.0906208 1.51331e-19)
(0.983778 0.0808722 5.8009e-19)
(0.990892 0.0712738 -5.60559e-19)
(0.996209 0.0618105 4.04732e-19)
(0.999915 0.0525423 2.57986e-19)
(1.0022 0.0435653 1.22053e-19)
(1.00331 0.0349127 -2.42269e-19)
(1.00347 0.0265467 1.15278e-19)
(1.00213 0.0187641 1.14454e-19)
(0.997499 0.0127315 -1.09518e-19)
(0.992456 0.00931258 -9.94787e-20)
(0.373538 0.246164 7.88015e-20)
(0.482728 0.222564 -6.37395e-19)
(0.57593 0.200988 -4.86077e-19)
(0.653824 0.182308 -5.05469e-21)
(0.717583 0.166439 -3.75759e-19)
(0.769823 0.152585 -1.60042e-19)
(0.812833 0.140227 4.39776e-19)
(0.848453 0.129066 1.22425e-19)
(0.878134 0.118836 3.38029e-19)
(0.90294 0.109302 -6.31767e-19)
(0.923683 0.100284 -3.7187e-21)
(0.941006 0.0916429 -7.09151e-21)
(0.955414 0.0832683 -1.67704e-19)
(0.9673 0.0750665 -1.5769e-19)
(0.976979 0.0669623 2.59316e-21)
(0.984706 0.0589186 2.85306e-19)
(0.990694 0.0509597 1.3786e-19)
(0.995129 0.0431751 -3.97259e-19)
(0.998195 0.03567 1.4681e-21)
(1.00013 0.0284777 2.48081e-19)
(1.0011 0.0215578 0)
(1.00069 0.015096 -2.31357e-19)
(0.997493 0.00988825 -3.31914e-19)
(0.993861 0.00681235 4.99701e-19)
(0.3782 0.193179 -7.94759e-20)
(0.484269 0.168776 5.01637e-19)
(0.574887 0.150287 -1.19442e-19)
(0.650864 0.136326 5.33528e-19)
(0.713219 0.12531 2.77913e-19)
(0.764524 0.11586 1.65865e-19)
(0.806922 0.107383 -2.90239e-19)
(0.84218 0.0996178 3.88284e-19)
(0.871687 0.092378 0)
(0.896465 0.0854964 4.19003e-19)
(0.917291 0.0788462 1.87517e-19)
(0.934789 0.0723378 1.74567e-19)
(0.949447 0.0659048 -1.70307e-19)
(0.961654 0.059493 1.58111e-19)
(0.971719 0.0530656 -1.50712e-19)
(0.979894 0.0466233 1.45578e-19)
(0.986391 0.0402245 -2.82026e-19)
(0.991389 0.0339764 -1.34373e-19)
(0.99507 0.0279812 -2.60723e-19)
(0.997646 0.0222665 2.52777e-19)
(0.999271 0.0167942 0)
(0.99961 0.011674 1.16857e-19)
(0.99766 0.00742178 0)
(0.995181 0.00471642 -1.96043e-19)
(0.383221 0.141578 -3.30005e-19)
(0.48793 0.116482 0)
(0.576785 0.101056 2.47423e-19)
(0.651176 0.0916548 -3.21261e-19)
(0.712167 0.0852182 9.74246e-20)
(0.762437 0.0799199 5.1369e-22)
(0.804054 0.0751217 -1.43257e-19)
(0.838745 0.0705985 3.50925e-21)
(0.867862 0.0662385 1.17379e-19)
(0.892398 0.0619307 -1.05017e-19)
(0.913102 0.0575954 2.92778e-19)
(0.930578 0.0531871 -1.84044e-19)
(0.945303 0.0486806 0)
(0.957655 0.0440603 0)
(0.967935 0.0393267 0)
(0.976392 0.034515 0)
(0.983228 0.029709 -7.16026e-20)
(0.98862 0.0250218 -2.74309e-19)
(0.992744 0.0205449 6.80189e-20)
(0.995793 0.0163001 5.11626e-19)
(0.997902 0.012258 -5.09362e-22)
(0.998837 0.00848339 3.60114e-22)
(0.997949 0.00530004 -2.2955e-19)
(0.996406 0.00300211 0)
(0.388619 0.0908411 3.32871e-19)
(0.493697 0.0653024 2.16102e-19)
(0.581515 0.0530922 -1.8323e-19)
(0.654618 0.0482388 4.3204e-19)
(0.714288 0.0462023 -1.88706e-19)
(0.763428 0.0448777 -2.62573e-22)
(0.804101 0.0436041 -1.46191e-19)
(0.838031 0.0421968 1.30185e-19)
(0.866552 0.0406145 -1.17155e-19)
(0.890641 0.0388001 0)
(0.911026 0.0367176 0)
(0.928293 0.0343643 0)
(0.942906 0.0317551 8.59707e-20)
(0.955231 0.0289129 -2.43517e-19)
(0.965561 0.0258738 1.56798e-19)
(0.974134 0.0227025 1.49127e-19)
(0.981143 0.0194978 -1.45321e-19)
(0.98676 0.0163679 -6.9679e-20)
(0.991155 0.0133887 -6.67264e-20)
(0.994507 0.0105773 6.41889e-20)
(0.99694 0.00791255 -1.24714e-19)
(0.998323 0.00542976 -2.40922e-19)
(0.998295 0.00333219 2.33194e-19)
(0.997589 0.00170544 -2.06333e-19)
(0.394449 0.0404113 4.05312e-20)
(0.501693 0.014862 -3.24441e-19)
(0.589088 0.00621131 1.88139e-19)
(0.66115 0.00601272 -1.60623e-19)
(0.719521 0.00830722 9.70615e-20)
(0.767406 0.010852 1.15733e-23)
(0.80696 0.012993 1.42632e-19)
(0.839932 0.0145975 -1.96361e-19)
(0.867651 0.0156959 0)
(0.891093 0.0162887 1.05183e-19)
(0.910966 0.0163859 -9.967e-20)
(0.927844 0.0160282 9.07107e-20)
(0.942173 0.0152716 -2.58653e-19)
(0.954306 0.0141775 1.64313e-19)
(0.964525 0.0128151 0)
(0.973055 0.0112717 0)
(0.980079 0.00965062 7.24898e-20)
(0.985766 0.00804748 2.09399e-19)
(0.990277 0.00652228 -1.35177e-19)
(0.993777 0.00509016 6.47677e-20)
(0.996384 0.00373885 0)
(0.998063 0.00248613 -1.20958e-19)
(0.998652 0.00145924 8.9983e-24)
(0.99862 0.000760055 1.05034e-19)
(0.400808 -0.0103423 2.21273e-20)
(0.512175 -0.03521 0)
(0.599653 -0.0397404 6.11163e-20)
(0.670848 -0.0350576 0)
(0.727855 -0.0283883 -8.48966e-22)
(0.774316 -0.0220119 -1.22912e-19)
(0.812544 -0.0165329 7.24652e-20)
(0.84434 -0.0120093 -3.2917e-20)
(0.871046 -0.00832997 0)
(0.893641 -0.00542645 0)
(0.912817 -0.00323739 0)
(0.92913 -0.00167524 -2.27751e-20)
(0.94301 -0.000640952 0)
(0.954794 -3.54854e-05 -2.04603e-20)
(0.964747 0.000240265 0)
(0.973082 0.00028856 0)
(0.979973 0.000208685 0)
(0.985582 8.04572e-05 -6.99515e-20)
(0.990067 -4.74451e-05 5.08515e-20)
(0.993577 -0.000154938 4.86939e-20)
(0.996228 -0.000239136 -4.71247e-20)
(0.998047 -0.000286914 1.50599e-20)
(0.998973 -0.000231044 -1.45711e-20)
(0.999373 2.1174e-05 1.17731e-19)
(0.407883 -0.0621663 0)
(0.525577 -0.0852737 0)
(0.613497 -0.0848679 -6.15485e-20)
(0.683893 -0.0749213 0)
(0.739339 -0.0637406 4.66274e-20)
(0.784123 -0.053524 4.07969e-20)
(0.820764 -0.0447692 0)
(0.851142 -0.0374218 0)
(0.876613 -0.0312742 -2.11717e-20)
(0.898159 -0.026174 5.26185e-20)
(0.916456 -0.0219998 -2.4609e-20)
(0.932037 -0.0186122 2.27822e-20)
(0.945311 -0.0158676 -2.66572e-20)
(0.956595 -0.0136301 4.10876e-20)
(0.966135 -0.011775 0)
(0.97413 -0.0101922 -4.23196e-20)
(0.980746 -0.00879216 2.53355e-22)
(0.986139 -0.00751095 3.07599e-20)
(0.990459 -0.00630695 1.26702e-20)
(0.993846 -0.00515274 1.21991e-20)
(0.996405 -0.00402959 -1.95584e-20)
(0.998203 -0.0029198 -1.88829e-20)
(0.999287 -0.00178687 1.82641e-20)
(0.999825 -0.000570296 -1.30708e-20)
(0.415962 -0.115972 0)
(0.542597 -0.13565 -6.99894e-20)
(0.631094 -0.12922 5.95908e-20)
(0.700561 -0.113417 6.38318e-21)
(0.754054 -0.0975124 -5.86596e-21)
(0.796788 -0.0834327 0)
(0.831516 -0.0714768 0)
(0.860198 -0.0614241 -7.70033e-21)
(0.884202 -0.0529467 7.72926e-23)
(0.904501 -0.0457891 0)
(0.921744 -0.0397595 0)
(0.936436 -0.0346621 0)
(0.948958 -0.0303076 5.34641e-21)
(0.959601 -0.0265251 1.01031e-20)
(0.968593 -0.0231695 1.95176e-20)
(0.976116 -0.0201286 -4.71964e-21)
(0.982327 -0.0173259 0)
(0.987377 -0.0147118 4.36548e-21)
(0.99141 -0.012249 4.24262e-21)
(0.994553 -0.00990203 -1.21243e-20)
(0.996909 -0.00763611 3.89992e-21)
(0.998546 -0.00541965 3.76509e-21)
(0.999523 -0.00323094 -3.64101e-21)
(0.999965 -0.00106686 0)
(0.42548 -0.173 2.05451e-20)
(0.564338 -0.186615 5.28239e-20)
(0.653167 -0.172659 -6.02977e-20)
(0.721176 -0.150212 0)
(0.772072 -0.129343 0)
(0.812238 -0.111413 0)
(0.844651 -0.0963808 6.80024e-20)
(0.871331 -0.083789 9.09352e-20)
(0.893632 -0.0731602 -8.3289e-20)
(0.912493 -0.0641178 5.05258e-20)
(0.92852 -0.0563901 0)
(0.942181 -0.0497214 4.41142e-20)
(0.95382 -0.0438778 -4.24333e-20)
(0.963698 -0.038657 -6.01894e-20)
(0.972019 -0.0338985 0)
(0.978951 -0.0294928 0)
(0.984641 -0.0253773 3.56225e-20)
(0.989233 -0.021515 0)
(0.992863 -0.0178707 1.66827e-20)
(0.995652 -0.0144004 0)
(0.997696 -0.0110547 0)
(0.999042 -0.00779199 -5.95642e-20)
(0.999691 -0.00461492 1.15272e-19)
(0.999799 -0.00157353 -5.16521e-20)
(0.437194 -0.234881 0)
(0.592542 -0.238399 2.36764e-19)
(0.680722 -0.214687 3.14968e-19)
(0.746086 -0.184705 -1.00992e-19)
(0.793401 -0.158716 2.12416e-21)
(0.830317 -0.137061 -3.56714e-20)
(0.859948 -0.119178 6.65692e-20)
(0.884306 -0.104289 -1.21761e-19)
(0.904678 -0.0917411 5.49688e-20)
(0.921928 -0.081026 -9.94499e-22)
(0.936601 -0.0717867 -1.39068e-19)
(0.94911 -0.0637085 -8.66237e-20)
(0.959756 -0.0565163 1.64828e-19)
(0.968763 -0.0499816 -1.18891e-19)
(0.976309 -0.0439342 7.66422e-20)
(0.982546 -0.0382699 -7.32483e-20)
(0.987614 -0.0329402 -3.48464e-20)
(0.991646 -0.0279194 0)
(0.994771 -0.0231741 0)
(0.997105 -0.0186529 6.27666e-20)
(0.998741 -0.0142929 0)
(0.999675 -0.0100511 5.8483e-20)
(0.999788 -0.00597106 5.66544e-20)
(0.999333 -0.00214022 5.07981e-20)
(0.455104 -0.305732 8.13662e-20)
(0.630043 -0.290809 -8.54975e-20)
(0.715058 -0.254163 -2.31792e-19)
(0.775545 -0.215918 1.91178e-19)
(0.817884 -0.18494 -1.661e-19)
(0.850723 -0.159914 0)
(0.877081 -0.139559 -6.41326e-20)
(0.898813 -0.122716 -1.70575e-19)
(0.917064 -0.108546 -1.0185e-19)
(0.932566 -0.0964118 9.88425e-20)
(0.945779 -0.0858757 9.20098e-20)
(0.957047 -0.0765701 8.65957e-20)
(0.966616 -0.0681866 -1.63378e-19)
(0.974669 -0.0604774 7.84349e-20)
(0.981359 -0.0532673 -1.49561e-19)
(0.986819 -0.04646 1.45094e-19)
(0.991179 -0.0400202 7.01947e-20)
(0.994564 -0.0339329 1.33916e-19)
(0.997092 -0.0281682 -4.899e-22)
(0.998881 -0.022669 -1.24829e-19)
(1.00002 -0.0173617 -2.00305e-22)
(1.00043 -0.0122151 -1.74617e-19)
(0.999816 -0.00734197 -3.37527e-19)
(0.998589 -0.00284044 3.51049e-19)
(0.490667 -0.392173 3.59981e-19)
(0.682011 -0.341242 -5.1291e-19)
(0.757466 -0.288626 0)
(0.809411 -0.242398 -1.93417e-19)
(0.845024 -0.207189 4.06815e-19)
(0.87293 -0.179505 -7.27145e-20)
(0.89558 -0.157258 -1.24096e-19)
(0.914458 -0.13892 2.2943e-19)
(0.930461 -0.123485 2.064e-19)
(0.944135 -0.110222 -9.61449e-20)
(0.955829 -0.0986249 0)
(0.965805 -0.0882889 0)
(0.974245 -0.0788825 1.58906e-19)
(0.98129 -0.0701478 -7.80114e-20)
(0.987065 -0.0619096 7.27606e-20)
(0.991686 -0.0540801 1.41374e-19)
(0.995271 -0.0466361 -1.3703e-19)
(0.997936 -0.0395741 -1.31423e-19)
(0.99979 -0.0328702 1.27135e-19)
(1.00095 -0.0264636 -1.82622e-19)
(1.00151 -0.0202733 2.36273e-19)
(1.00129 -0.0142985 1.72073e-19)
(0.999786 -0.00876198 1.1097e-19)
(0.997597 -0.00373746 -1.99316e-19)
(0.58153 -0.485942 -2.11309e-19)
(0.755098 -0.378851 2.86155e-20)
(0.808056 -0.313695 -9.59526e-20)
(0.846545 -0.262357 -9.10471e-20)
(0.873782 -0.224682 -1.60206e-19)
(0.896134 -0.195493 -1.1217e-21)
(0.914838 -0.172132 3.38225e-21)
(0.930776 -0.152849 1.11291e-19)
(0.944508 -0.136551 -1.99717e-19)
(0.956348 -0.122466 1.84267e-19)
(0.966521 -0.110053 8.52967e-20)
(0.975195 -0.0988882 0)
(0.98249 -0.0886313 7.69047e-20)
(0.988503 -0.0790233 -2.24368e-19)
(0.99333 -0.0698943 2.14876e-19)
(0.997071 -0.0611648 -1.38963e-19)
(0.999833 -0.0528224 0)
(1.00172 -0.0448752 -2.57157e-19)
(1.00283 -0.0373081 -6.05464e-20)
(1.0033 -0.0300594 2.39867e-19)
(1.00321 -0.0230443 0)
(1.00227 -0.016317 5.64847e-20)
(0.999703 -0.0102628 -2.1853e-19)
(0.996394 -0.00489347 3.86386e-19)
(-0.0246063 -0.0426441 -1.42125e-20)
(-0.0409581 -0.0760581 -6.37578e-19)
(0.0294509 -0.0695837 5.6358e-20)
(0.0845295 -0.0813057 -4.60933e-20)
(0.227739 -0.116092 -1.96175e-19)
(0.749488 -0.120432 -3.02059e-20)
(-0.00792421 -0.0312506 0)
(0.0191557 -0.0635913 6.33304e-19)
(0.144324 -0.0443933 -4.7173e-19)
(0.258756 -0.0480557 0)
(0.456215 -0.0448343 -5.16373e-20)
(0.786359 -0.0438121 4.05294e-20)
(0.00756884 -0.0251504 2.31861e-20)
(0.078071 -0.0556473 -1.97201e-20)
(0.234748 -0.0348764 4.50934e-19)
(0.383375 -0.0422916 0)
(0.596687 -0.0555069 -2.74543e-19)
(0.848221 -0.105456 0)
(0.0218751 -0.0197884 -1.11663e-20)
(0.131877 -0.0516943 5.48825e-20)
(0.306436 -0.0357599 2.56222e-20)
(0.473795 -0.0480973 3.48042e-19)
(0.687267 -0.0765739 2.29766e-19)
(0.891896 -0.149607 0)
(0.0407593 -0.014575 0)
(0.181654 -0.0503164 -3.52319e-20)
(0.364135 -0.0429591 2.80746e-20)
(0.541147 -0.0604338 -3.41354e-19)
(0.743667 -0.0977837 -7.0236e-20)
(0.910946 -0.17191 -2.88473e-21)
(0.0688964 -0.0106149 -1.43333e-20)
(0.224064 -0.0515766 0)
(0.410251 -0.053539 0)
(0.590822 -0.0768949 0)
(0.778178 -0.119379 7.23238e-20)
(0.918613 -0.188575 -2.45392e-19)
(0.0922016 -0.00767342 9.93446e-19)
(0.25843 -0.0548737 5.1683e-19)
(0.446554 -0.0662422 -4.95119e-19)
(0.626143 -0.0957321 -3.15448e-19)
(0.798332 -0.141178 0)
(0.919804 -0.203762 2.4209e-19)
(0.111754 -0.0078604 -8.89488e-19)
(0.285476 -0.0597899 -5.53515e-19)
(0.474135 -0.0804847 4.31168e-19)
(0.649919 -0.115855 3.52472e-19)
(0.808705 -0.162999 0)
(0.91693 -0.219034 -6.27392e-20)
(0.128066 -0.0107544 1.44811e-20)
(0.305996 -0.0660435 0)
(0.493817 -0.0958534 -5.38307e-20)
(0.664558 -0.136729 4.52419e-20)
(0.812236 -0.184893 0)
(0.911589 -0.235337 6.25426e-20)
(0.141187 -0.0155011 -9.37445e-19)
(0.320594 -0.0733762 -5.37478e-19)
(0.506474 -0.112069 5.38002e-20)
(0.671953 -0.158101 3.16765e-19)
(0.810971 -0.206937 0)
(0.904835 -0.252843 6.21385e-20)
(0.151004 -0.0214023 -9.11143e-21)
(0.329776 -0.0815713 5.29064e-19)
(0.512943 -0.128858 4.89413e-19)
(0.673491 -0.179756 -3.99869e-19)
(0.806149 -0.229414 2.99329e-19)
(0.897283 -0.27186 0)
(0.157429 -0.0280013 9.43832e-19)
(0.334 -0.0904204 0)
(0.513952 -0.145967 -4.28006e-19)
(0.670224 -0.201617 -3.59568e-19)
(0.798648 -0.252558 2.54704e-21)
(0.889275 -0.292554 0)
(0.160414 -0.0350018 2.99023e-20)
(0.333727 -0.0996894 -1.68862e-20)
(0.510165 -0.163055 4.33426e-19)
(0.662857 -0.223441 -4.23173e-21)
(0.788918 -0.276258 -3.30431e-19)
(0.88087 -0.314941 2.77502e-19)
(0.159944 -0.0421891 -1.51138e-20)
(0.329387 -0.109112 2.75697e-19)
(0.502066 -0.179783 -2.1137e-19)
(0.651806 -0.24504 5.32522e-19)
(0.77711 -0.300591 0)
(0.871868 -0.339298 -2.44922e-19)
(0.156105 -0.0492728 0)
(0.321358 -0.11841 -2.76496e-19)
(0.489981 -0.195906 -4.59352e-19)
(0.63716 -0.266416 -1.54821e-19)
(0.763029 -0.325632 0)
(0.861946 -0.365818 0)
(0.149102 -0.0557146 1.55504e-20)
(0.309955 -0.127141 -8.83048e-21)
(0.474096 -0.211053 2.16913e-19)
(0.618826 -0.287413 2.17598e-20)
(0.74629 -0.351382 -1.22665e-21)
(0.850638 -0.394691 -1.55191e-20)
(0.139233 -0.0606351 2.50174e-19)
(0.295415 -0.13458 1.4736e-19)
(0.454486 -0.224644 -1.36412e-20)
(0.59654 -0.307661 1.01813e-19)
(0.726298 -0.377767 -7.26767e-20)
(0.837307 -0.426046 -1.38468e-20)
(0.12701 -0.0626841 -2.1941e-19)
(0.277792 -0.139634 -1.45433e-19)
(0.43104 -0.235867 -3.54523e-21)
(0.569848 -0.32649 -9.09845e-20)
(0.702198 -0.404461 6.41633e-20)
(0.821054 -0.459985 0)
(0.113165 -0.0599038 -3.37309e-20)
(0.256835 -0.140764 1.19965e-21)
(0.403378 -0.243579 -1.78086e-21)
(0.53808 -0.342933 5.09621e-20)
(0.672758 -0.430737 6.81892e-21)
(0.800499 -0.496868 0)
(0.0973237 -0.0499711 2.56851e-19)
(0.231849 -0.135994 0)
(0.370773 -0.246289 0)
(0.500146 -0.355971 -1.44484e-19)
(0.636302 -0.45553 0)
(0.773547 -0.537195 0)
(0.0739809 -0.0326018 -2.41699e-19)
(0.201919 -0.123026 3.4204e-19)
(0.332348 -0.24242 0)
(0.454777 -0.364445 1.2429e-19)
(0.590812 -0.47743 -2.04868e-20)
(0.73754 -0.580849 0)
(0.0609661 -0.0156917 0)
(0.167594 -0.100207 -3.62373e-19)
(0.287878 -0.230179 -3.40588e-20)
(0.401898 -0.36662 2.78269e-20)
(0.534707 -0.494028 3.68906e-20)
(0.690448 -0.627842 -3.22661e-20)
(0.0492367 0.0032353 -3.25674e-20)
(0.129254 -0.0683091 -9.8523e-22)
(0.237913 -0.205323 5.75955e-20)
(0.342819 -0.359111 -3.11653e-20)
(0.467195 -0.499049 -4.02681e-20)
(0.623181 -0.686301 1.40529e-20)
(0.0270493 0.0317363 1.14623e-18)
(0.0799949 -0.0122629 -8.94854e-19)
(0.169041 -0.149772 -7.33128e-19)
(0.262259 -0.329673 1.00871e-19)
(0.366519 -0.47104 -4.30424e-19)
(0.515543 -0.772474 -3.86897e-20)
(0.819499 -0.45938 1.74133e-20)
(0.847966 -0.384925 2.29525e-19)
(0.862461 -0.324682 2.00661e-19)
(0.884136 -0.274511 4.12729e-19)
(0.902521 -0.237089 -2.21473e-19)
(0.919305 -0.207846 1.24289e-19)
(0.93416 -0.18424 2.32197e-19)
(0.947277 -0.164591 8.06812e-22)
(0.958836 -0.147835 1.91287e-19)
(0.968922 -0.133229 -9.34761e-20)
(0.977632 -0.120235 -2.5436e-19)
(0.985041 -0.108434 1.56732e-19)
(0.991208 -0.097493 7.27181e-20)
(0.996193 -0.087161 1.44991e-19)
(1.00006 -0.0772764 1.38817e-19)
(1.0029 -0.0677681 -4.03962e-19)
(1.00481 -0.0586324 -2.59945e-19)
(1.00588 -0.0498887 9.35244e-22)
(1.0062 -0.0415329 5.4608e-19)
(1.00591 -0.0335039 -2.34167e-19)
(1.0051 -0.0257171 0)
(1.00335 -0.0183024 -1.08055e-19)
(0.999564 -0.0118562 -5.38194e-20)
(0.995043 -0.00636391 -9.50513e-20)
(0.91631 -0.375133 2.00859e-20)
(0.914224 -0.370862 -1.39535e-19)
(0.909857 -0.32353 8.59232e-20)
(0.918382 -0.279688 -3.29303e-19)
(0.929422 -0.244972 -2.72817e-19)
(0.941414 -0.216978 -2.53752e-19)
(0.952892 -0.193896 0)
(0.963516 -0.174388 0)
(0.973122 -0.157529 1.82516e-19)
(0.981614 -0.142665 1.72234e-19)
(0.98897 -0.129296 -1.63713e-19)
(0.995189 -0.11703 -1.5658e-19)
(1.00028 -0.105556 -1.49322e-19)
(1.00426 -0.0946383 0)
(1.00718 -0.0841269 2.71271e-19)
(1.00912 -0.0739574 -7.49615e-22)
(1.01015 -0.0641326 2.52662e-19)
(1.01035 -0.0546814 -3.65251e-19)
(1.00983 -0.04561 0)
(1.00872 -0.0368548 -2.27318e-19)
(1.00711 -0.0283194 2.20066e-19)
(1.00449 -0.0202003 1.0796e-19)
(0.999338 -0.0133605 1.01979e-19)
(0.993839 -0.00831816 2.14639e-21)
(0.957261 -0.31662 -2.38955e-19)
(0.954692 -0.345726 2.60503e-19)
(0.945377 -0.31588 -8.38504e-20)
(0.94713 -0.280273 5.13271e-19)
(0.953324 -0.249583 1.39327e-19)
(0.961751 -0.223644 0)
(0.970576 -0.201608 2.07106e-19)
(0.97917 -0.182595 -1.92347e-19)
(0.987128 -0.1659 -2.25895e-21)
(0.994237 -0.150977 -1.64239e-19)
(1.00039 -0.137396 3.11622e-19)
(1.00552 -0.124806 -2.98824e-19)
(1.00961 -0.112927 1.43055e-19)
(1.01263 -0.101545 -1.3464e-19)
(1.01463 -0.0905216 0)
(1.01566 -0.0797998 -2.53957e-19)
(1.0158 -0.0693853 -1.20785e-19)
(1.01511 -0.0593148 1.20117e-19)
(1.01369 -0.0496046 -1.12669e-19)
(1.01169 -0.0401872 -1.08776e-19)
(1.00922 -0.0309463 0)
(1.0057 -0.0221497 4.17066e-19)
(0.999201 -0.0150333 -1.96826e-19)
(0.992811 -0.0106849 -2.70992e-19)
(0.976997 -0.287439 3.27454e-19)
(0.978834 -0.323035 -3.3834e-19)
(0.970782 -0.306739 0)
(0.970257 -0.278807 -1.48415e-19)
(0.973903 -0.25231 -3.6796e-19)
(0.980029 -0.228695 2.17884e-19)
(0.986996 -0.207952 -1.06044e-19)
(0.994059 -0.189629 -9.32734e-20)
(1.00071 -0.173253 0)
(1.00668 -0.158401 3.24816e-19)
(1.0118 -0.144718 -3.07345e-19)
(1.01597 -0.131907 1.43904e-19)
(1.01914 -0.119722 -4.13056e-19)
(1.02127 -0.107973 3.99282e-19)
(1.02238 -0.0965357 0)
(1.02253 -0.0853569 3.6959e-19)
(1.02176 -0.0744432 -3.53685e-19)
(1.02017 -0.0638366 2.29342e-19)
(1.01783 -0.0535639 2.21178e-19)
(1.0149 -0.043556 1.08509e-19)
(1.01154 -0.0336859 0)
(1.0071 -0.0243432 4.0475e-19)
(0.999318 -0.0172455 1.00896e-19)
(0.991584 -0.0133357 -2.6706e-19)
(0.984709 -0.272745 -2.91244e-19)
(0.992874 -0.306553 -3.12497e-19)
(0.988886 -0.298833 -2.88859e-19)
(0.988618 -0.277087 -2.5862e-19)
(0.991388 -0.254313 4.72071e-19)
(0.996303 -0.232914 -3.18582e-19)
(1.00213 -0.213476 -9.68943e-20)
(1.00815 -0.195894 1.77368e-19)
(1.01384 -0.179894 -1.2207e-21)
(1.01891 -0.165171 -3.10728e-19)
(1.02317 -0.151448 1.47089e-19)
(1.02651 -0.138479 0)
(1.02885 -0.126057 0)
(1.03016 -0.114015 1.25152e-19)
(1.03044 -0.102244 2.4472e-19)
(1.02973 -0.0906899 -4.72919e-19)
(1.02809 -0.0793592 2.28738e-19)
(1.02558 -0.0682959 0)
(1.0223 -0.0575343 -3.60592e-21)
(1.01842 -0.0470024 0)
(1.01413 -0.036564 0)
(1.0087 -0.0267479 3.91885e-19)
(0.999549 -0.0197962 -3.72664e-19)
(0.990379 -0.0164096 -8.75415e-20)
(0.985534 -0.266483 3.70183e-19)
(1.00037 -0.296283 2.37295e-19)
(1.0018 -0.293341 5.61972e-19)
(1.00322 -0.276204 5.01607e-19)
(1.00626 -0.256432 -2.2885e-19)
(1.01083 -0.236931 9.00918e-21)
(1.01612 -0.218653 -3.64997e-19)
(1.02151 -0.201749 3.41663e-19)
(1.02655 -0.1861 -1.59778e-19)
(1.03095 -0.171504 -2.55624e-21)
(1.03453 -0.157755 7.38147e-22)
(1.03717 -0.144659 -1.64952e-21)
(1.03878 -0.132041 1.06915e-21)
(1.03933 -0.119759 2.41084e-19)
(1.03883 -0.107715 1.1567e-19)
(1.0373 -0.0958567 -2.26882e-19)
(1.03481 -0.0841853 2.19799e-19)
(1.0314 -0.072743 0)
(1.02718 -0.0615674 -3.09274e-19)
(1.02232 -0.0505807 1.98747e-19)
(1.01703 -0.0396344 -3.84444e-19)
(1.01054 -0.0294004 3.732e-19)
(1 -0.0226887 8.9743e-20)
(0.989334 -0.0199601 0)
(0.983035 -0.266204 8.19964e-20)
(1.00399 -0.291745 -7.25578e-20)
(1.01111 -0.290781 -2.72895e-19)
(1.01502 -0.276798 -2.43131e-19)
(1.01909 -0.259242 0)
(1.02395 -0.241213 1.97118e-19)
(1.02918 -0.223857 1.80846e-19)
(1.0343 -0.207488 -1.60509e-19)
(1.03896 -0.192102 -1.52717e-19)
(1.04289 -0.177585 -2.59587e-21)
(1.04594 -0.16379 1.35532e-19)
(1.04798 -0.150565 -2.60677e-19)
(1.04896 -0.137768 -3.65868e-19)
(1.04883 -0.12528 2.35459e-19)
(1.0476 -0.113009 -3.41793e-19)
(1.0453 -0.100905 -3.24387e-19)
(1.04198 -0.0889617 1.0755e-19)
(1.03769 -0.0772153 0)
(1.03252 -0.0657015 0)
(1.02665 -0.0543314 0)
(1.02031 -0.0429392 0)
(1.01271 -0.0323355 0)
(1.00078 -0.0259372 3.4923e-19)
(0.988553 -0.024018 -6.8302e-19)
(0.979047 -0.269959 4.0117e-20)
(1.00562 -0.292228 0)
(1.01807 -0.291352 6.43644e-20)
(1.02484 -0.279215 -2.79018e-19)
(1.03046 -0.263113 0)
(1.03607 -0.24609 0)
(1.04159 -0.229362 0)
(1.04673 -0.213332 1.60921e-19)
(1.05122 -0.198081 -2.90668e-19)
(1.05485 -0.183558 1.38527e-19)
(1.05749 -0.169666 1.27694e-19)
(1.05905 -0.156289 0)
(1.05946 -0.143313 1.20379e-19)
(1.05871 -0.130634 1.15125e-19)
(1.05681 -0.11817 0)
(1.05378 -0.105868 1.06364e-19)
(1.04966 -0.0937141 2.28136e-22)
(1.0445 -0.081735 9.95139e-20)
(1.03838 -0.0699592 0)
(1.03149 -0.058282 8.9173e-20)
(1.02404 -0.0465126 -2.67165e-19)
(1.01527 -0.0355892 4.28106e-19)
(1.00196 -0.0295569 2.53152e-19)
(0.988133 -0.0285998 2.32151e-20)
(0.974035 -0.278042 -4.09768e-20)
(1.00639 -0.295936 2.02118e-19)
(1.02367 -0.294904 3.04213e-19)
(1.03349 -0.283581 3.29896e-19)
(1.04094 -0.268251 -9.73961e-20)
(1.04759 -0.251774 0)
(1.05366 -0.23535 -1.6241e-19)
(1.05903 -0.219435 1.51506e-19)
(1.06351 -0.204161 2.85415e-19)
(1.06697 -0.189526 -2.62608e-19)
(1.06931 -0.175468 -2.50384e-19)
(1.07045 -0.161899 1.15994e-19)
(1.07037 -0.148727 -1.10413e-19)
(1.06906 -0.135861 1.05512e-19)
(1.06652 -0.123225 -1.0119e-19)
(1.0628 -0.110763 -2.9616e-19)
(1.05791 -0.0984526 -9.75698e-20)
(1.05191 -0.0863081 2.8056e-19)
(1.04485 -0.074347 -8.78417e-20)
(1.03692 -0.0624445 -1.73744e-19)
(1.02833 -0.0503776 -8.59138e-20)
(1.01833 -0.0391918 1.70901e-19)
(1.00367 -0.0335578 -7.29595e-19)
(0.988179 -0.0337135 3.06937e-19)
(0.969173 -0.289462 -2.82378e-19)
(1.00708 -0.303641 -2.77391e-19)
(1.02867 -0.30128 -3.01151e-19)
(1.04155 -0.289941 -1.03839e-19)
(1.05099 -0.274768 6.95169e-22)
(1.05888 -0.258378 8.51311e-20)
(1.06569 -0.241929 0)
(1.07143 -0.225889 1.41473e-19)
(1.07603 -0.210421 0)
(1.07941 -0.195551 1.30237e-19)
(1.08151 -0.181243 3.04508e-21)
(1.0823 -0.167431 -1.13354e-19)
(1.08177 -0.154036 -1.05174e-19)
(1.07994 -0.140978 3.08664e-22)
(1.07681 -0.128183 4.60572e-21)
(1.07242 -0.115591 4.39665e-21)
(1.0668 -0.103171 1.82623e-19)
(1.05998 -0.0909241 -1.76837e-19)
(1.052 -0.0788541 3.90288e-21)
(1.04302 -0.0668132 8.45846e-20)
(1.03326 -0.0545406 -7.82115e-20)
(1.022 -0.0431611 8.03577e-20)
(1.006 -0.0379402 3.94578e-19)
(0.988802 -0.0393585 -2.9657e-19)
(0.96474 -0.303735 3.19584e-19)
(1.0079 -0.314472 0)
(1.03361 -0.310342 2.25488e-19)
(1.04956 -0.298281 -9.65807e-20)
(1.06108 -0.282694 -1.79255e-19)
(1.07033 -0.265954 6.86621e-22)
(1.07797 -0.249149 7.51338e-20)
(1.08417 -0.232738 -1.39147e-19)
(1.08896 -0.216895 -2.563e-19)
(1.09231 -0.20166 1.18518e-19)
(1.09422 -0.187012 0)
(1.0947 -0.172896 5.52952e-21)
(1.09376 -0.159244 0)
(1.09143 -0.14598 1.00683e-19)
(1.08775 -0.133031 3.75762e-19)
(1.08273 -0.120334 -3.56498e-19)
(1.0764 -0.107846 2.58712e-19)
(1.06878 -0.095556 1.67596e-19)
(1.0599 -0.0834523 8.25824e-20)
(1.04989 -0.0713641 -1.57432e-19)
(1.03894 -0.0589884 7.78875e-20)
(1.02638 -0.0474969 7.29845e-20)
(1.0091 -0.0426894 -7.38355e-20)
(0.990121 -0.0455239 -6.98402e-20)
(0.960796 -0.320633 3.84163e-20)
(1.00923 -0.328119 -2.905e-19)
(1.03902 -0.321911 -2.25815e-19)
(1.05799 -0.308542 8.90662e-21)
(1.07161 -0.292016 -1.67357e-19)
(1.08225 -0.274505 -7.7603e-20)
(1.09077 -0.25702 2.11094e-19)
(1.09748 -0.239991 7.36733e-20)
(1.10248 -0.223586 1.88851e-19)
(1.10583 -0.20785 -3.48569e-19)
(1.10758 -0.192763 2.93403e-21)
(1.10776 -0.178278 5.43926e-21)
(1.10643 -0.164327 -9.82178e-20)
(1.10363 -0.150838 -9.09298e-20)
(1.0994 -0.137737 -4.73569e-21)
(1.09377 -0.124953 1.71329e-19)
(1.08676 -0.112435 8.01706e-20)
(1.07837 -0.100158 -2.40681e-19)
(1.06862 -0.0880948 4.76746e-22)
(1.05761 -0.0760535 1.49219e-19)
(1.04547 -0.0636869 0)
(1.03161 -0.0521768 -1.41965e-19)
(1.01307 -0.0477678 -2.1445e-19)
(0.992253 -0.0521832 3.45567e-19)
(0.957428 -0.340156 -3.74916e-20)
(1.01138 -0.344523 2.27921e-19)
(1.04526 -0.335863 -4.98826e-20)
(1.06725 -0.320658 2.35752e-19)
(1.08294 -0.302701 1.27421e-19)
(1.09495 -0.284013 7.21312e-20)
(1.10434 -0.265524 -1.40608e-19)
(1.11154 -0.247628 1.91475e-19)
(1.11677 -0.230473 0)
(1.12012 -0.214093 2.2414e-19)
(1.1217 -0.198464 1.06861e-19)
(1.12159 -0.183535 1.00988e-19)
(1.11987 -0.169238 -9.32419e-20)
(1.11661 -0.155499 9.12219e-20)
(1.11185 -0.142239 -8.71002e-20)
(1.10562 -0.129383 7.88504e-20)
(1.09795 -0.116868 -1.56215e-19)
(1.08882 -0.104657 -7.73522e-20)
(1.07824 -0.0927101 -1.45364e-19)
(1.06625 -0.0808144 1.41187e-19)
(1.05295 -0.068579 0)
(1.0378 -0.057152 6.90361e-20)
(1.01806 -0.0530994 0)
(0.995305 -0.0592847 -8.92037e-20)
(0.954604 -0.362474 -1.48922e-19)
(1.01455 -0.363671 0)
(1.05269 -0.35214 1.05426e-19)
(1.07767 -0.334583 -1.2957e-19)
(1.09538 -0.314716 3.97265e-20)
(1.10871 -0.294448 -4.76756e-21)
(1.11892 -0.274633 -6.45111e-20)
(1.12658 -0.255618 -1.79084e-21)
(1.13199 -0.237517 5.38888e-20)
(1.13532 -0.220342 -5.22766e-20)
(1.13671 -0.204057 1.47706e-19)
(1.1363 -0.188601 -9.30631e-20)
(1.13419 -0.173901 0)
(1.13045 -0.159876 0)
(1.12516 -0.146442 0)
(1.11834 -0.13352 0)
(1.11002 -0.121036 -3.58192e-20)
(1.10018 -0.108943 -1.42269e-19)
(1.08879 -0.0971871 3.3711e-20)
(1.07587 -0.0855427 2.66217e-19)
(1.06147 -0.0735761 2.96435e-22)
(1.04508 -0.0623393 4.36115e-21)
(1.0242 -0.0585379 -1.27398e-19)
(0.99936 -0.0667294 0)
(0.952299 -0.387818 1.49323e-19)
(1.01898 -0.385654 8.67738e-20)
(1.06163 -0.370742 -6.96934e-20)
(1.08961 -0.35029 1.68015e-19)
(1.10926 -0.328026 -7.11759e-20)
(1.1238 -0.305773 -5.15706e-21)
(1.13474 -0.284307 -5.85092e-20)
(1.14278 -0.263913 5.41325e-20)
(1.14831 -0.244662 -5.45038e-20)
(1.15157 -0.226533 0)
(1.15275 -0.209467 0)
(1.15201 -0.193387 0)
(1.14947 -0.17821 4.01362e-20)
(1.14525 -0.163848 -1.17468e-19)
(1.13941 -0.15021 7.55348e-20)
(1.132 -0.137211 7.2473e-20)
(1.12303 -0.124771 -6.74192e-20)
(1.11249 -0.112834 -3.25645e-20)
(1.10032 -0.101339 -3.34364e-20)
(1.08652 -0.0900615 3.2173e-20)
(1.07107 -0.07853 -6.10725e-20)
(1.05355 -0.0675997 -1.23805e-19)
(1.03166 -0.0637919 1.20772e-19)
(1.00444 -0.0743137 -7.45368e-20)
(0.950499 -0.416462 1.69836e-20)
(1.02496 -0.410586 -1.31558e-19)
(1.07244 -0.39168 7.36984e-20)
(1.10342 -0.36775 -6.18496e-20)
(1.1249 -0.342592 3.79584e-20)
(1.14051 -0.317947 -2.53365e-21)
(1.15204 -0.294499 5.90429e-20)
(1.16036 -0.272461 -8.12066e-20)
(1.16592 -0.251846 0)
(1.16904 -0.232589 4.60859e-20)
(1.16995 -0.214601 -4.33553e-20)
(1.16883 -0.197783 4.11579e-20)
(1.16584 -0.182034 -1.18517e-19)
(1.1611 -0.167256 7.56247e-20)
(1.15469 -0.153352 0)
(1.14666 -0.140231 0)
(1.13704 -0.12781 3.38461e-20)
(1.12579 -0.116029 9.59481e-20)
(1.11286 -0.104832 -6.11521e-20)
(1.09819 -0.0940291 3.05608e-20)
(1.08177 -0.0831506 0)
(1.06327 -0.0726765 -5.82864e-20)
(1.04059 -0.0682308 -2.87941e-21)
(1.01049 -0.0815445 5.83943e-20)
(0.949194 -0.448687 9.34553e-21)
(1.03282 -0.438537 0)
(1.08551 -0.414907 2.05698e-20)
(1.11948 -0.386891 0)
(1.14261 -0.358347 7.07163e-22)
(1.15912 -0.330906 -4.219e-20)
(1.17107 -0.305151 2.61914e-20)
(1.17951 -0.281201 -1.21307e-20)
(1.185 -0.258999 0)
(1.18789 -0.238429 0)
(1.18846 -0.219359 0)
(1.18691 -0.201662 -9.12165e-21)
(1.18343 -0.185217 0)
(1.17814 -0.169909 -8.325e-21)
(1.17113 -0.15563 0)
(1.16247 -0.142281 0)
(1.15217 -0.129777 0)
(1.14019 -0.118055 -2.98068e-20)
(1.12646 -0.107079 2.17627e-20)
(1.11089 -0.0967541 2.12047e-20)
(1.09342 -0.0867206 -2.06063e-20)
(1.07384 -0.0768725 6.51941e-21)
(1.05061 -0.0704918 -6.66198e-21)
(1.0186 -0.0870856 3.87461e-20)
(0.948379 -0.484736 0)
(1.04293 -0.46944 0)
(1.10123 -0.44023 -2.08572e-20)
(1.13814 -0.407538 0)
(1.16274 -0.375154 1.52892e-20)
(1.17991 -0.344552 1.37009e-20)
(1.19208 -0.316184 0)
(1.20047 -0.290063 0)
(1.20575 -0.266051 -7.91899e-21)
(1.20831 -0.243969 1.94565e-20)
(1.20845 -0.223641 -9.18284e-21)
(1.20642 -0.204904 9.22854e-21)
(1.20239 -0.187608 -1.04472e-20)
(1.19653 -0.171613 1.64067e-20)
(1.18892 -0.156793 0)
(1.17963 -0.143032 -1.6749e-20)
(1.16866 -0.130229 -1.49884e-22)
(1.15596 -0.11831 1.21786e-20)
(1.14143 -0.107247 5.35677e-21)
(1.12493 -0.0970237 5.20165e-21)
(1.10621 -0.0874368 -8.18496e-21)
(1.08486 -0.0782134 -8.0276e-21)
(1.06023 -0.0707758 8.18215e-21)
(1.03123 -0.087911 -7.12908e-21)
(0.948092 -0.524591 0)
(1.05566 -0.502936 -2.02425e-20)
(1.11996 -0.467182 1.58304e-20)
(1.15971 -0.42932 1.76645e-21)
(1.18558 -0.392757 -1.6081e-21)
(1.20316 -0.358713 0)
(1.21532 -0.327482 0)
(1.22347 -0.298963 -2.44084e-21)
(1.22837 -0.272929 -1.72529e-22)
(1.23048 -0.249138 0)
(1.23011 -0.227366 0)
(1.22752 -0.20741 0)
(1.22292 -0.189088 2.02148e-21)
(1.21647 -0.17223 3.27173e-21)
(1.20829 -0.15668 7.12341e-21)
(1.19843 -0.142295 -1.61689e-21)
(1.18689 -0.128949 0)
(1.1736 -0.11655 1.68381e-21)
(1.1584 -0.105048 1.9339e-21)
(1.14101 -0.0943697 -4.53039e-21)
(1.12097 -0.0843142 1.5534e-21)
(1.09762 -0.0754744 1.52644e-21)
(1.07088 -0.0722493 -1.55643e-21)
(1.0428 -0.084745 0)
(0.948351 -0.567744 6.05048e-21)
(1.07129 -0.538187 1.51613e-20)
(1.14183 -0.494872 -1.60651e-20)
(1.18435 -0.451564 0)
(1.21129 -0.410699 0)
(1.22906 -0.373092 0)
(1.24099 -0.338861 1.56987e-20)
(1.24871 -0.307785 2.33709e-20)
(1.25308 -0.279555 -2.22591e-20)
(1.25461 -0.253873 1.39705e-20)
(1.25363 -0.230475 0)
(1.25042 -0.209123 1.44255e-20)
(1.24519 -0.189606 -1.36055e-20)
(1.23815 -0.171727 -1.96156e-20)
(1.2294 -0.15531 0)
(1.21903 -0.140195 0)
(1.20701 -0.126254 1.16196e-20)
(1.19326 -0.113411 0)
(1.17753 -0.101637 6.0678e-21)
(1.15944 -0.0908524 0)
(1.13838 -0.0809176 0)
(1.1137 -0.0730193 -2.28618e-20)
(1.08538 -0.0726509 4.46381e-20)
(1.05401 -0.082996 -2.20349e-20)
(0.949395 -0.613828 0)
(1.08983 -0.5737 4.04478e-20)
(1.16658 -0.52186 5.21515e-20)
(1.21186 -0.473178 -1.85337e-20)
(1.23978 -0.428229 1.25356e-22)
(1.25762 -0.387204 -7.59771e-21)
(1.26918 -0.350023 1.21971e-20)
(1.27634 -0.316353 -2.84345e-20)
(1.28007 -0.285827 1.46155e-20)
(1.2809 -0.258115 -1.02193e-21)
(1.27921 -0.232929 -3.50897e-20)
(1.27529 -0.210015 -2.25264e-20)
(1.26938 -0.189142 4.69165e-20)
(1.26168 -0.1701 -3.47094e-20)
(1.25233 -0.152699 2.2819e-20)
(1.2414 -0.136779 -2.3003e-20)
(1.22887 -0.122223 -1.06865e-20)
(1.21459 -0.108983 0)
(1.19825 -0.0970651 0)
(1.17935 -0.0864181 1.94768e-20)
(1.15718 -0.0769572 0)
(1.13112 -0.0700751 1.90479e-20)
(1.10123 -0.071401 2.01107e-20)
(1.06693 -0.0815202 1.84358e-20)
(0.953103 -0.662681 1.45764e-20)
(1.11069 -0.607083 -3.70774e-20)
(1.19323 -0.54593 -3.62095e-20)
(1.24144 -0.492491 1.5495e-20)
(1.27051 -0.444182 -1.48971e-20)
(1.28851 -0.400282 0)
(1.29976 -0.360487 -1.04557e-20)
(1.30638 -0.324383 -2.75871e-20)
(1.30943 -0.291586 -1.84829e-20)
(1.30952 -0.261779 1.97377e-20)
(1.30705 -0.234689 2.30589e-20)
(1.30234 -0.21007 2.28294e-20)
(1.29565 -0.187693 -4.36736e-20)
(1.2872 -0.167351 1.99402e-20)
(1.27715 -0.148855 -4.13794e-20)
(1.26557 -0.132052 3.91865e-20)
(1.2524 -0.116844 2.10251e-20)
(1.23747 -0.103208 3.91487e-20)
(1.2204 -0.0911786 9.61582e-22)
(1.2006 -0.0807424 -3.60131e-20)
(1.1773 -0.0718359 1.16127e-21)
(1.14989 -0.0659293 -5.42517e-20)
(1.11852 -0.0685327 -1.11704e-19)
(1.08183 -0.0793399 7.99644e-20)
(0.963475 -0.714722 3.24115e-20)
(1.13195 -0.633992 -2.03119e-20)
(1.21911 -0.563295 0)
(1.27101 -0.5069 -1.5776e-20)
(1.30197 -0.456796 2.20694e-20)
(1.32076 -0.41116 -4.51516e-21)
(1.33216 -0.369505 -1.2499e-20)
(1.33853 -0.331411 2.81356e-20)
(1.34109 -0.29656 3.19076e-20)
(1.34052 -0.264717 -1.3801e-20)
(1.33729 -0.235681 0)
(1.33174 -0.209257 0)
(1.3242 -0.185253 3.4529e-20)
(1.31489 -0.163483 -1.7687e-20)
(1.304 -0.143779 1.52934e-20)
(1.29161 -0.126005 3.51256e-20)
(1.27765 -0.110082 -3.32691e-20)
(1.26192 -0.096009 -3.43198e-20)
(1.24401 -0.0838464 3.25723e-20)
(1.2233 -0.0735971 -4.84259e-20)
(1.1989 -0.0652241 6.27917e-20)
(1.17025 -0.0602276 5.26724e-20)
(1.13754 -0.0639385 3.49639e-20)
(1.09874 -0.0759586 -6.5041e-20)
(0.977071 -0.732739 3.06382e-20)
(1.14632 -0.62915 4.14611e-20)
(1.24015 -0.559839 1.67263e-20)
(1.29689 -0.51128 3.61712e-21)
(1.33125 -0.463362 6.50652e-21)
(1.35237 -0.41815 -7.09432e-21)
(1.36505 -0.375972 -3.3252e-21)
(1.37198 -0.336714 8.85449e-21)
(1.3746 -0.300287 -1.32127e-20)
(1.37372 -0.266647 2.25214e-21)
(1.36992 -0.235742 -2.19886e-20)
(1.36362 -0.207488 4.5026e-20)
(1.35519 -0.181773 3.20841e-21)
(1.34494 -0.158468 -1.33856e-21)
(1.33307 -0.137444 -4.15595e-20)
(1.3197 -0.118595 -2.91078e-20)
(1.30476 -0.10187 -1.84431e-20)
(1.28806 -0.0872824 5.5573e-20)
(1.2692 -0.0749149 -7.08022e-20)
(1.24754 -0.0647788 4.21739e-20)
(1.22213 -0.056875 0)
(1.19236 -0.0526914 2.80171e-20)
(1.15845 -0.0574013 -6.01875e-20)
(1.11779 -0.0709843 7.47542e-20)
(0.0397846 0.0112998 -7.66684e-19)
(0.0561932 -0.017827 5.32532e-19)
(0.100567 -0.0991868 3.52992e-19)
(0.125671 -0.150815 4.19382e-20)
(0.185664 -0.273038 0)
(0.155044 -0.254605 -5.21733e-19)
(0.0395807 -0.0112366 0)
(0.0552494 -0.0545241 -4.87839e-19)
(0.0948966 -0.132784 3.8918e-19)
(0.115634 -0.186054 0)
(0.153622 -0.263406 7.7093e-20)
(0.148886 -0.250816 1.49434e-19)
(0.0370844 -0.0230477 -1.79544e-20)
(0.0486567 -0.0741873 1.45357e-20)
(0.0812394 -0.145892 -3.60172e-19)
(0.0974983 -0.193367 0)
(0.120843 -0.239947 2.78647e-19)
(0.124398 -0.229416 0)
(0.0330794 -0.0337483 8.28534e-21)
(0.0408016 -0.088752 -4.14294e-20)
(0.0660481 -0.152587 -2.29099e-20)
(0.0785124 -0.19168 -3.01787e-19)
(0.0956188 -0.21886 -2.32489e-19)
(0.108649 -0.20625 0)
(0.0287911 -0.0451009 0)
(0.0326933 -0.0998031 2.67494e-20)
(0.0510015 -0.154974 -2.05163e-20)
(0.0603246 -0.185071 2.87172e-19)
(0.0736153 -0.199388 6.57988e-20)
(0.0903651 -0.185178 2.94038e-22)
(0.0243836 -0.0553413 9.958e-21)
(0.0246365 -0.107261 0)
(0.0363863 -0.153703 0)
(0.0428236 -0.175299 0)
(0.052917 -0.180454 -6.4122e-20)
(0.0696111 -0.164649 2.32595e-19)
(0.0150029 -0.0630474 -7.36719e-19)
(0.0155197 -0.110716 -3.81468e-19)
(0.0219027 -0.149382 3.5952e-19)
(0.0256607 -0.163394 2.41664e-19)
(0.0325146 -0.161558 0)
(0.046768 -0.143979 -2.28219e-19)
(0.00152679 -0.0652873 6.59837e-19)
(0.00489677 -0.110725 4.10745e-19)
(0.00731687 -0.142809 -3.11809e-19)
(0.00850658 -0.150058 -2.69423e-19)
(0.0120885 -0.142509 0)
(0.0223866 -0.122859 5.65558e-20)
(-0.00855255 -0.0655664 -1.06686e-20)
(-0.00660298 -0.108731 0)
(-0.00730312 -0.134824 3.93861e-20)
(-0.00856508 -0.135889 -3.27135e-20)
(-0.00847442 -0.123148 0)
(-0.00307778 -0.101178 -5.59991e-20)
(-0.0178005 -0.0657845 6.84547e-19)
(-0.0183073 -0.105597 3.92063e-19)
(-0.0217625 -0.126042 -3.89718e-20)
(-0.0253977 -0.121295 -2.32938e-19)
(-0.0290315 -0.103471 0)
(-0.0290544 -0.0789426 -5.5537e-20)
(-0.0259272 -0.065108 1.82928e-21)
(-0.0297679 -0.101685 -3.86724e-19)
(-0.0358268 -0.1169 -3.43439e-19)
(-0.0418493 -0.106475 2.95234e-19)
(-0.0492677 -0.0836632 -2.37674e-19)
(-0.0549104 -0.0561848 0)
(-0.0328607 -0.0631663 -6.84361e-19)
(-0.0406821 -0.0972458 0)
(-0.049331 -0.107663 3.03145e-19)
(-0.0577199 -0.0916783 2.62873e-19)
(-0.0688103 -0.0638783 -6.20481e-22)
(-0.0800132 -0.0329966 0)
(-0.0386471 -0.0599212 -2.16643e-20)
(-0.0508372 -0.0924175 1.19253e-20)
(-0.062157 -0.0984916 -3.0369e-19)
(-0.0727947 -0.0771583 3.75271e-22)
(-0.0873014 -0.0442943 2.65031e-19)
(-0.103728 -0.00952308 -2.43999e-19)
(-0.043328 -0.0553538 1.07275e-20)
(-0.0600282 -0.0872494 -1.94134e-19)
(-0.0742356 -0.0895392 1.52508e-19)
(-0.086926 -0.0631233 -3.94152e-19)
(-0.104415 -0.025144 0)
(-0.125436 0.0140167 2.16436e-19)
(-0.0469189 -0.0495022 0)
(-0.0681317 -0.0817616 1.95451e-19)
(-0.085504 -0.0808813 3.26994e-19)
(-0.100035 -0.0497938 1.1596e-19)
(-0.119899 -0.00671343 0)
(-0.144599 0.0373629 0)
(-0.0493988 -0.0425614 -1.08901e-20)
(-0.0750208 -0.0758875 6.11447e-21)
(-0.0959817 -0.0725668 -1.55838e-19)
(-0.112122 -0.0374043 -1.70049e-20)
(-0.133595 0.0106429 -5.87599e-22)
(-0.160751 0.0601909 1.33869e-20)
(-0.0506906 -0.0350271 -1.72901e-19)
(-0.080582 -0.0694947 -1.00851e-19)
(-0.105755 -0.0645962 1.01116e-20)
(-0.123295 -0.0262074 -7.5718e-20)
(-0.145467 0.0264783 5.98272e-20)
(-0.173489 0.0820676 1.41141e-20)
(-0.0504986 -0.0272657 1.51859e-19)
(-0.0846579 -0.0623571 1.00329e-19)
(-0.114973 -0.056906 2.51367e-21)
(-0.133784 -0.0164691 6.90168e-20)
(-0.155641 0.0402297 -5.3261e-20)
(-0.182511 0.102358 0)
(-0.0485621 -0.0151423 2.14224e-20)
(-0.0868495 -0.0540553 -8.25808e-22)
(-0.123839 -0.0493336 1.33497e-21)
(-0.143973 -0.00844582 -3.85625e-20)
(-0.164463 0.0511819 -5.8684e-21)
(-0.187611 0.120115 0)
(-0.0432999 -0.00475061 -1.39625e-19)
(-0.0869552 -0.044043 0)
(-0.132585 -0.0416023 0)
(-0.154433 -0.00235088 1.09498e-19)
(-0.172647 0.058455 0)
(-0.1886 0.134065 0)
(-0.0375646 0.00465855 1.33687e-19)
(-0.0862529 -0.0319093 -2.35323e-19)
(-0.141417 -0.0334627 0)
(-0.165938 0.00158082 -9.60001e-20)
(-0.181463 0.0609175 1.61383e-20)
(-0.18467 0.142217 0)
(-0.0325441 0.0137101 0)
(-0.0847847 -0.0178307 2.50771e-19)
(-0.150327 -0.024874 2.4737e-20)
(-0.179286 0.00300721 -1.98572e-20)
(-0.192868 0.0571667 -3.43924e-20)
(-0.173467 0.142381 2.92824e-20)
(-0.0264685 0.0232963 2.16997e-20)
(-0.0802434 -0.000998742 2.70758e-22)
(-0.15759 -0.0153146 -3.94679e-20)
(-0.194532 0.00254624 2.11684e-20)
(-0.208487 0.0459706 3.47615e-20)
(-0.146556 0.133295 4.97049e-21)
(-0.0144295 0.038037 1.21245e-20)
(-0.0598539 0.0278808 5.48683e-19)
(-0.153689 0.0106612 4.6774e-19)
(-0.207641 0.0157386 -2.23748e-20)
(-0.224243 0.0443941 2.93262e-19)
(-0.107273 0.137126 0)
(0.817319 -0.50124 -8.54327e-20)
(1.1108 -0.561105 -1.34379e-20)
(1.23649 -0.5347 -4.55094e-20)
(1.30813 -0.496325 -5.80169e-20)
(1.35254 -0.458021 -2.25176e-20)
(1.37934 -0.418625 -3.10712e-20)
(1.3958 -0.378286 0)
(1.40502 -0.3392 0)
(1.40887 -0.302012 7.09489e-22)
(1.40849 -0.267057 4.47211e-21)
(1.40464 -0.234532 0)
(1.39789 -0.20454 6.27179e-21)
(1.38872 -0.177105 1.01364e-20)
(1.37752 -0.152197 -1.11025e-20)
(1.36458 -0.129757 0)
(1.35007 -0.109727 -1.78454e-20)
(1.33397 -0.0920897 -1.28766e-20)
(1.31611 -0.0768821 0)
(1.29615 -0.0641999 1.3068e-20)
(1.27347 -0.0540684 1.29594e-20)
(1.24709 -0.0465286 0)
(1.21632 -0.0430184 -3.49391e-20)
(1.18137 -0.0486013 -1.41882e-20)
(1.13915 -0.0639588 -2.2354e-20)
(0.523222 -0.273137 1.16075e-20)
(0.959087 -0.419021 6.54216e-20)
(1.18248 -0.467877 -3.48303e-20)
(1.29181 -0.463448 7.04709e-20)
(1.35385 -0.439358 7.9454e-20)
(1.39384 -0.406901 3.82453e-20)
(1.41919 -0.373591 0)
(1.43405 -0.337083 0)
(1.44152 -0.300456 -2.73306e-20)
(1.44325 -0.265014 -8.21783e-21)
(1.44046 -0.231381 7.72083e-21)
(1.434 -0.19993 -6.33654e-21)
(1.42453 -0.170896 -1.02476e-20)
(1.41262 -0.144401 0)
(1.39867 -0.120497 2.70917e-20)
(1.38295 -0.0992008 2.93154e-21)
(1.36554 -0.0805447 3.47575e-20)
(1.34633 -0.0645985 -4.74101e-20)
(1.32508 -0.051468 0)
(1.30128 -0.0412121 -3.89803e-20)
(1.27395 -0.0338894 3.69991e-20)
(1.24228 -0.0308662 2.21397e-20)
(1.20643 -0.0371387 2.0166e-20)
(1.16294 -0.0543444 3.58003e-21)
(0.338847 -0.184623 2.39494e-19)
(0.733134 -0.277415 -1.74889e-19)
(1.02692 -0.354033 3.80676e-20)
(1.21737 -0.396946 -2.31265e-19)
(1.3234 -0.400647 -2.94222e-20)
(1.38587 -0.384112 0)
(1.42579 -0.356465 -7.00047e-20)
(1.45238 -0.325955 4.27455e-20)
(1.46768 -0.293355 -1.24859e-20)
(1.47462 -0.25896 3.49566e-20)
(1.47507 -0.225092 -4.18289e-20)
(1.47041 -0.192736 2.38874e-20)
(1.46168 -0.162431 -8.58332e-21)
(1.4497 -0.134518 6.12488e-21)
(1.43511 -0.109206 0)
(1.41835 -0.0866261 -1.33005e-20)
(1.39964 -0.0668842 -5.86946e-21)
(1.379 -0.0500999 1.47145e-20)
(1.35629 -0.0363995 -1.02853e-20)
(1.33118 -0.0258881 -1.16231e-20)
(1.30285 -0.0186083 0)
(1.27037 -0.0158616 7.02365e-20)
(1.23377 -0.0225455 -3.1857e-20)
(1.18934 -0.0415475 -5.1981e-20)
(0.242823 -0.153547 -2.98473e-19)
(0.536358 -0.184605 2.30906e-19)
(0.822956 -0.243934 0)
(1.05431 -0.297214 6.66576e-20)
(1.22502 -0.330789 2.0329e-19)
(1.33666 -0.339174 -1.12343e-19)
(1.40516 -0.327344 3.22109e-20)
(1.44899 -0.304829 3.52312e-20)
(1.47805 -0.275873 0)
(1.49582 -0.246031 -7.48557e-20)
(1.50352 -0.213783 6.36274e-20)
(1.50361 -0.181449 -2.20586e-20)
(1.49769 -0.150472 5.07982e-20)
(1.48709 -0.121534 -3.45615e-20)
(1.47283 -0.0950488 0)
(1.45566 -0.0712986 3.56207e-21)
(1.43601 -0.0504984 -2.71481e-21)
(1.41409 -0.0328419 7.43003e-21)
(1.38992 -0.0185065 1.51834e-20)
(1.36336 -0.00762435 1.18405e-20)
(1.33389 -0.000237452 0)
(1.30067 0.00245201 5.41762e-20)
(1.26344 -0.0042598 2.25119e-20)
(1.21845 -0.0248663 -4.43281e-20)
(0.182293 -0.138281 2.80103e-19)
(0.389442 -0.133355 2.69871e-19)
(0.631563 -0.16331 2.23923e-19)
(0.85815 -0.204961 1.87324e-19)
(1.05375 -0.242393 -2.94986e-19)
(1.21104 -0.266741 1.88209e-19)
(1.32978 -0.275631 5.48926e-20)
(1.40969 -0.267873 -8.23621e-20)
(1.4617 -0.248945 8.52133e-21)
(1.49531 -0.222394 1.19718e-19)
(1.51645 -0.193351 -5.26316e-20)
(1.52656 -0.163821 0)
(1.52732 -0.133327 0)
(1.52096 -0.103969 -2.88374e-20)
(1.50906 -0.0767323 -2.69538e-20)
(1.49289 -0.0521024 4.16789e-20)
(1.4733 -0.0304187 -1.52681e-20)
(1.45078 -0.0119711 0)
(1.42555 0.00298141 -5.89523e-21)
(1.39766 0.0142757 0)
(1.36698 0.021819 0)
(1.33303 0.024646 3.86481e-20)
(1.29539 0.0183316 -3.68502e-20)
(1.25042 -0.00352009 -1.28442e-20)
(0.135845 -0.124637 -3.49402e-19)
(0.283145 -0.104064 -1.9365e-19)
(0.471307 -0.111367 -4.5586e-19)
(0.668889 -0.135249 -3.86276e-19)
(0.857636 -0.163779 1.56336e-19)
(1.02945 -0.188802 1.77536e-20)
(1.17838 -0.205143 2.52302e-19)
(1.30132 -0.21051 -2.14362e-19)
(1.39549 -0.204857 9.58644e-20)
(1.45945 -0.187982 -1.26399e-20)
(1.5013 -0.164529 -7.83465e-21)
(1.52715 -0.136513 -1.84441e-20)
(1.54101 -0.108274 -1.40713e-20)
(1.54394 -0.0801121 -8.91135e-20)
(1.53815 -0.052726 -3.25037e-20)
(1.52576 -0.0276006 3.41286e-20)
(1.50825 -0.00533888 -3.25483e-20)
(1.48663 0.0136858 0)
(1.46147 0.0291385 5.925e-21)
(1.43302 0.040767 -4.58662e-21)
(1.40145 0.0484489 -1.37541e-20)
(1.36686 0.0514901 1.30932e-20)
(1.32906 0.0459686 5.58832e-21)
(1.28483 0.0234334 0)
(0.0950999 -0.10892 -7.73934e-20)
(0.200695 -0.0834017 6.99685e-20)
(0.342065 -0.077778 2.31448e-19)
(0.502147 -0.08735 1.98523e-19)
(0.667654 -0.104501 0)
(0.8307 -0.122869 -1.49456e-19)
(0.985747 -0.137725 -1.31e-19)
(1.12816 -0.146277 1.29553e-19)
(1.25301 -0.146503 1.04926e-19)
(1.35749 -0.138706 -1.20984e-20)
(1.43707 -0.123169 -7.74111e-20)
(1.49082 -0.100935 1.34414e-19)
(1.52462 -0.0748754 1.72155e-19)
(1.54338 -0.047476 -9.49374e-20)
(1.55013 -0.0214361 1.16274e-19)
(1.54634 0.00346677 8.84273e-20)
(1.53456 0.0260163 -2.40967e-20)
(1.51661 0.0453777 0)
(1.49368 0.0611471 0)
(1.46643 0.0729898 0)
(1.43518 0.0807374 0)
(1.40056 0.0838811 0)
(1.36307 0.0794309 1.75461e-20)
(1.32077 0.0569692 -2.87692e-20)
(0.0564094 -0.0907619 -3.87411e-20)
(0.131328 -0.0646413 0)
(0.235568 -0.0533116 -5.97574e-20)
(0.359743 -0.0542973 2.73099e-19)
(0.496012 -0.0627021 0)
(0.638518 -0.0738757 0)
(0.782797 -0.0839439 0)
(0.924908 -0.0903017 -1.28149e-19)
(1.06084 -0.091116 2.44123e-19)
(1.18667 -0.0856543 -1.11321e-19)
(1.29693 -0.073319 -1.01798e-19)
(1.38868 -0.0555931 0)
(1.45748 -0.0334306 -6.49366e-20)
(1.50298 -0.00846037 -5.40083e-20)
(1.5295 0.0176491 0)
(1.54157 0.042259 -3.51496e-20)
(1.54173 0.0643311 -6.60257e-21)
(1.5321 0.0838228 -2.63692e-20)
(1.51504 0.0998094 0)
(1.49193 0.111815 -1.38411e-20)
(1.46352 0.119593 8.7972e-21)
(1.43061 0.122724 -2.01516e-20)
(1.39442 0.119453 8.3834e-21)
(1.35564 0.0979865 -3.42742e-21)
(0.0184047 -0.0705231 3.83502e-20)
(0.0692051 -0.0452476 -2.10732e-19)
(0.143876 -0.0322575 -3.11926e-19)
(0.237075 -0.0293694 -3.2271e-19)
(0.34433 -0.0329039 9.93107e-20)
(0.462042 -0.0391619 0)
(0.587183 -0.0451151 1.54772e-19)
(0.716888 -0.0483917 -1.44918e-19)
(0.847885 -0.0472931 -2.51904e-19)
(0.9775 -0.0409351 2.41428e-19)
(1.10169 -0.0287995 2.11405e-19)
(1.21583 -0.0113224 -9.94833e-20)
(1.31491 0.0106795 8.85341e-20)
(1.39573 0.0352269 -7.73811e-20)
(1.45506 0.0606964 6.62043e-20)
(1.49324 0.0855745 1.48566e-19)
(1.51328 0.10886 2.09664e-20)
(1.51948 0.128718 -9.86056e-20)
(1.51424 0.144926 2.69359e-20)
(1.49991 0.157208 3.32368e-20)
(1.47825 0.165164 8.44252e-21)
(1.4504 0.168319 -2.20268e-21)
(1.4177 0.166257 1.11731e-20)
(1.385 0.146898 3.0975e-21)
(-0.0190775 -0.0484741 2.70014e-19)
(0.0115011 -0.0243611 2.76014e-19)
(0.0617573 -0.0117406 3.0868e-19)
(0.128609 -0.0080182 1.09585e-19)
(0.2096 -0.00987424 -3.01178e-21)
(0.302516 -0.014104 -9.10107e-20)
(0.405502 -0.0179743 0)
(0.51684 -0.0194046 -1.49664e-19)
(0.634272 -0.0168391 0)
(0.755358 -0.00918998 -1.20079e-19)
(0.877949 0.00395348 1.23589e-21)
(0.99878 0.0225294 9.84474e-20)
(1.11333 0.0458631 9.00314e-20)
(1.21719 0.0724438 -8.37245e-21)
(1.30589 0.100601 7.67466e-21)
(1.37631 0.128362 7.81593e-21)
(1.42708 0.153793 -9.07291e-20)
(1.4586 0.175876 8.69498e-20)
(1.47373 0.193869 6.00499e-21)
(1.47554 0.207204 -1.94032e-20)
(1.46656 0.215975 1.66744e-20)
(1.44916 0.219785 -6.94018e-21)
(1.42389 0.219013 -5.65529e-21)
(1.4009 0.202866 3.44544e-21)
(-0.0557477 -0.0248675 -3.05466e-19)
(-0.0428925 -0.00179971 0)
(-0.0135797 0.00952218 -2.5151e-19)
(0.0305083 0.0123234 1.15606e-19)
(0.0881332 0.00995614 2.01924e-19)
(0.157938 0.00550074 -2.62443e-21)
(0.238788 0.00151153 -8.37833e-20)
(0.329588 3.12763e-05 1.51641e-19)
(0.429178 0.00256764 2.78088e-19)
(0.535778 0.0102317 -1.26842e-19)
(0.64741 0.0236217 0)
(0.762423 0.0427335 2.47664e-21)
(0.877978 0.0671176 0)
(0.990309 0.0957472 -8.38267e-20)
(1.09538 0.126968 -2.96254e-19)
(1.18907 0.158771 2.68135e-19)
(1.26776 0.189109 -1.76585e-19)
(1.32906 0.216176 -8.31346e-20)
(1.37237 0.238612 -1.72706e-20)
(1.399 0.255601 6.15274e-20)
(1.41022 0.267331 -1.67577e-20)
(1.40883 0.272499 -1.236e-20)
(1.39932 0.273548 5.86655e-21)
(1.39192 0.263414 -2.01328e-22)
(-0.0910657 0.000113239 -3.83177e-20)
(-0.0941514 0.0223408 3.13301e-19)
(-0.0832347 0.0320108 2.49385e-19)
(-0.0591874 0.0329178 3.69911e-21)
(-0.022379 0.0286498 2.06124e-19)
(0.0263504 0.0223486 9.08977e-20)
(0.0862717 0.0164988 -2.53179e-19)
(0.156701 0.0131566 -7.26081e-20)
(0.236934 0.0138995 -2.03508e-19)
(0.326115 0.0198507 3.81218e-19)
(0.42274 0.0317099 1.68677e-21)
(0.525208 0.049745 4.02144e-21)
(0.632094 0.0736649 9.87661e-20)
(0.740946 0.102648 8.60331e-20)
(0.848693 0.13544 9.75344e-23)
(0.952003 0.17027 -1.34175e-19)
(1.04728 0.205106 -5.21603e-20)
(1.1311 0.237864 1.46003e-19)
(1.20076 0.266695 -1.55775e-20)
(1.25489 0.290257 -6.80412e-20)
(1.293 0.307823 0)
(1.3162 0.31827 2.69078e-20)
(1.32447 0.322645 7.86929e-21)
(1.33884 0.320508 -1.31744e-20)
(-0.124358 0.0262485 3.83545e-20)
(-0.141971 0.0480296 -2.40951e-19)
(-0.147293 0.0557765 6.38698e-20)
(-0.140999 0.0542869 -2.8372e-19)
(-0.122654 0.0472284 -1.52758e-19)
(-0.0928571 0.0379113 -9.43607e-20)
(-0.0520822 0.0288148 1.67538e-19)
(-0.00074703 0.0220075 -2.28875e-19)
(0.0607395 0.0192053 0)
(0.131844 0.0216208 -2.49045e-19)
(0.211751 0.030098 -1.09678e-19)
(0.299193 0.0449809 -9.94008e-20)
(0.392887 0.0662072 9.62775e-20)
(0.491435 0.0932996 -8.54182e-20)
(0.592672 0.12526 7.60987e-20)
(0.694162 0.160582 -5.8531e-20)
(0.793272 0.197526 1.20418e-19)
(0.887071 0.234217 4.82165e-20)
(0.972629 0.268717 7.1082e-20)
(1.04747 0.299284 -6.8548e-20)
(1.10946 0.324657 0)
(1.15851 0.34345 -1.42159e-20)
(1.19074 0.35575 0)
(1.22899 0.362441 1.32814e-22)
(-0.15477 0.0533325 1.54126e-19)
(-0.185799 0.075054 0)
(-0.205459 0.0809326 -1.2636e-19)
(-0.214475 0.0766195 1.74426e-19)
(-0.212244 0.0660549 -5.31273e-20)
(-0.199022 0.0527945 -2.19817e-21)
(-0.175092 0.0392875 8.40551e-20)
(-0.140627 0.0276138 -2.0675e-21)
(-0.0959328 0.0195802 -6.9931e-20)
(-0.0414557 0.0165503 6.07753e-20)
(0.0222405 0.0195468 -1.6633e-19)
(0.0944011 0.0291944 1.03307e-19)
(0.173909 0.0455661 0)
(0.259583 0.0683795 0)
(0.350062 0.0968691 0)
(0.443471 0.129975 0)
(0.53778 0.166186 2.46405e-20)
(0.630962 0.203762 8.13098e-20)
(0.720796 0.241041 -2.97488e-20)
(0.805033 0.276463 -1.12991e-19)
(0.881357 0.308622 1.29257e-20)
(0.948686 0.336103 1.26944e-20)
(1.00309 0.357914 2.07677e-20)
(1.06035 0.37195 0)
(-0.181784 0.0814101 -1.5368e-19)
(-0.224703 0.103289 -1.0722e-19)
(-0.256877 0.107293 9.89058e-20)
(-0.278961 0.0996905 -2.37272e-19)
(-0.29011 0.0851189 1.09409e-19)
(-0.290678 0.067066 -2.98226e-21)
(-0.280678 0.0480323 8.94277e-20)
(-0.260123 0.0301363 -8.01393e-20)
(-0.229238 0.0152469 6.98014e-20)
(-0.188431 0.00497724 0)
(-0.138195 0.000555996 0)
(-0.0792753 0.00287067 0)
(-0.0126385 0.0122705 -4.18366e-20)
(0.0605794 0.0286572 1.06466e-19)
(0.139355 0.0515795 -6.74429e-20)
(0.222471 0.0800548 -5.12447e-20)
(0.308334 0.112844 4.6106e-20)
(0.39527 0.148573 1.73982e-20)
(0.481626 0.185767 1.65486e-20)
(0.565798 0.222932 -1.03241e-20)
(0.646152 0.258718 2.01434e-20)
(0.721462 0.291859 1.77671e-20)
(0.789664 0.32057 -1.71897e-20)
(0.857248 0.336851 1.6674e-22)
(-0.204853 0.110372 -1.97191e-20)
(-0.258347 0.132634 1.60314e-19)
(-0.300707 0.134582 -9.81052e-20)
(-0.333249 0.123409 8.96534e-20)
(-0.354979 0.10432 -5.45159e-20)
(-0.366235 0.0807014 -1.5005e-21)
(-0.366855 0.0550103 -8.7774e-20)
(-0.356618 0.0294368 1.21959e-19)
(-0.335594 0.00608191 0)
(-0.304312 -0.0131463 -6.12768e-20)
(-0.263486 -0.026701 5.79191e-20)
(-0.213994 -0.0333934 -4.55505e-20)
(-0.156913 -0.0325615 1.23697e-19)
(-0.093343 -0.0241269 -7.26728e-20)
(-0.0244453 -0.00845989 0)
(0.0487132 0.0136859 0)
(0.12514 0.0413151 -2.12465e-20)
(0.203711 0.0731462 -4.57275e-20)
(0.28322 0.107789 2.7386e-20)
(0.362429 0.143884 -1.04504e-20)
(0.440154 0.180069 0)
(0.515539 0.214678 6.0618e-21)
(0.587902 0.244553 -3.66412e-21)
(0.659774 0.259593 -2.14855e-21)
(-0.223514 0.140187 -9.57786e-21)
(-0.286268 0.162931 0)
(-0.336349 0.162653 -3.46577e-20)
(-0.376504 0.14762 0)
(-0.405661 0.123602 9.42726e-22)
(-0.424256 0.0937964 8.01718e-20)
(-0.432074 0.0604142 -4.78569e-20)
(-0.428438 0.0255942 2.19703e-20)
(-0.413013 -0.00799278 0)
(-0.386447 -0.0377138 0)
(-0.349981 -0.0617308 0)
(-0.30487 -0.0785718 1.2411e-20)
(-0.252508 -0.087209 0)
(-0.194325 -0.0873824 8.34376e-21)
(-0.131631 -0.0795276 0)
(-0.0655389 -0.0643564 0)
(0.00304672 -0.0428397 0)
(0.0733277 -0.0161234 1.12498e-20)
(0.144564 0.0145413 -8.78405e-21)
(0.216041 0.0477914 -4.03156e-21)
(0.287005 0.0819977 4.41423e-21)
(0.356891 0.11487 -2.97387e-22)
(0.425973 0.142533 -1.3548e-22)
(0.499013 0.158144 5.3612e-22)
(-0.23749 0.170875 0)
(-0.308291 0.194022 0)
(-0.363404 0.191283 3.47763e-20)
(-0.408019 0.172149 0)
(-0.441117 0.142948 -2.989e-20)
(-0.463381 0.106529 -2.73779e-20)
(-0.474032 0.0644554 0)
(-0.472466 0.019131 0)
(-0.458437 -0.0257901 1.43468e-20)
(-0.432627 -0.0673511 -3.56126e-20)
(-0.395947 -0.10346 1.60673e-20)
(-0.350061 -0.131502 -1.24927e-20)
(-0.297183 -0.15015 1.22962e-20)
(-0.239254 -0.159016 -1.75312e-20)
(-0.177941 -0.158516 0)
(-0.114653 -0.149554 1.0085e-20)
(-0.0503838 -0.133308 -2.05624e-21)
(0.0141756 -0.11106 -5.56321e-21)
(0.0784834 -0.0841266 -1.65707e-21)
(0.142037 -0.0538689 -1.12304e-21)
(0.204203 -0.0218691 8.46156e-22)
(0.264589 0.00962977 2.7686e-22)
(0.325024 0.0372085 2.47681e-22)
(0.393171 0.0558845 -4.62944e-22)
(-0.246743 0.202515 0)
(-0.324574 0.225712 3.95105e-20)
(-0.381705 0.220141 -3.75358e-20)
(-0.427278 0.196717 -4.35743e-21)
(-0.460402 0.162102 4.04357e-21)
(-0.481711 0.11848 0)
(-0.490824 0.0677044 0)
(-0.487437 0.0122662 6.11985e-21)
(-0.471043 -0.0453637 -3.77193e-22)
(-0.440842 -0.101354 0)
(-0.398249 -0.150834 0)
(-0.346157 -0.190971 0)
(-0.28743 -0.219848 -2.70319e-21)
(-0.224766 -0.236948 -5.03765e-21)
(-0.160345 -0.24278 -6.62806e-21)
(-0.0958337 -0.238571 1.54748e-21)
(-0.0322576 -0.22587 0)
(0.0298113 -0.206223 -6.05073e-22)
(0.0900271 -0.181087 -2.00472e-22)
(0.148103 -0.151836 7.34339e-22)
(0.203615 -0.119829 -8.14597e-23)
(0.256535 -0.0866614 1.90388e-23)
(0.309306 -0.0550258 -1.13053e-22)
(0.367642 -0.0315389 0)
(-0.251456 0.235136 -1.10696e-20)
(-0.335637 0.25768 -2.98892e-20)
(-0.391413 0.248735 3.77908e-20)
(-0.434061 0.220974 0)
(-0.463146 0.18111 0)
(-0.480038 0.130794 0)
(-0.484063 0.0710571 -6.37053e-20)
(-0.473537 0.00374548 -8.60875e-20)
(-0.447193 -0.0676939 7.85864e-20)
(-0.405538 -0.138177 -4.62717e-20)
(-0.350846 -0.202077 0)
(-0.286514 -0.254776 -2.80892e-20)
(-0.216472 -0.293551 2.66191e-20)
(-0.144346 -0.317656 2.84612e-20)
(-0.0729353 -0.32798 0)
(-0.00404908 -0.326408 0)
(0.0614367 -0.315128 -6.50808e-21)
(0.123256 -0.296167 0)
(0.181517 -0.271242 -1.17409e-21)
(0.23651 -0.241794 0)
(0.288531 -0.209065 0)
(0.338236 -0.174266 -1.44092e-21)
(0.387281 -0.139676 2.72622e-21)
(0.436828 -0.11267 -1.31562e-21)
(-0.252531 0.269099 0)
(-0.342429 0.289398 -1.5011e-19)
(-0.392979 0.276279 -2.26024e-19)
(-0.427978 0.244276 7.75321e-20)
(-0.447846 0.199755 9.6434e-22)
(-0.454406 0.143345 3.62087e-20)
(-0.446473 0.0749311 -6.9031e-20)
(-0.42162 -0.00426539 1.22169e-19)
(-0.378623 -0.0901614 -5.3627e-20)
(-0.318618 -0.176141 7.61524e-24)
(-0.244995 -0.254671 1.32934e-19)
(-0.162649 -0.319353 7.24903e-20)
(-0.0769858 -0.36638 -1.05538e-19)
(0.00745212 -0.395016 6.2592e-20)
(0.0875861 -0.407008 -3.43669e-20)
(0.161796 -0.405183 1.7209e-20)
(0.229598 -0.392619 3.98424e-21)
(0.291259 -0.372114 0)
(0.347521 -0.345936 0)
(0.399371 -0.31581 -1.01936e-21)
(0.447839 -0.283089 0)
(0.494129 -0.248927 1.45167e-21)
(0.538988 -0.214885 1.38636e-21)
(0.583442 -0.18522 7.36797e-22)
(-0.252618 0.305805 -4.90534e-20)
(-0.346566 0.319961 3.62664e-20)
(-0.387211 0.30142 1.66649e-19)
(-0.408726 0.265328 -1.67516e-19)
(-0.412962 0.216909 1.62748e-19)
(-0.401802 0.155285 0)
(-0.373401 0.0789253 7.32838e-20)
(-0.325093 -0.0115701 2.09691e-19)
(-0.256615 -0.11143 1.25397e-19)
(-0.170754 -0.212355 -1.14674e-19)
(-0.0724971 -0.304493 -8.97098e-20)
(0.0312382 -0.379153 -7.34204e-20)
(0.133728 -0.431969 1.1215e-19)
(0.230057 -0.462116 -5.17259e-20)
(0.317042 -0.472446 5.69731e-20)
(0.393731 -0.46713 -5.43084e-20)
(0.460561 -0.450399 -1.40158e-20)
(0.518692 -0.425986 -1.28651e-20)
(0.569663 -0.396823 6.96201e-21)
(0.615103 -0.365061 7.7968e-21)
(0.656513 -0.332279 2.61766e-21)
(0.695625 -0.299677 -3.49691e-21)
(0.732437 -0.268216 -7.06954e-21)
(0.773338 -0.237846 4.02674e-21)
(-0.259 0.347731 -2.32626e-19)
(-0.351681 0.34729 3.72283e-19)
(-0.375257 0.321867 0)
(-0.376277 0.282102 1.68973e-19)
(-0.35759 0.230664 -4.21261e-19)
(-0.320334 0.164881 8.02205e-20)
(-0.262054 0.0819979 1.58746e-19)
(-0.180867 -0.0176891 -2.92926e-19)
(-0.0786719 -0.128999 -2.65942e-19)
(0.0382845 -0.242116 1.26116e-19)
(0.162844 -0.345017 0)
(0.287294 -0.427026 0)
(0.403042 -0.482613 -1.22296e-19)
(0.504578 -0.511466 6.20524e-20)
(0.590498 -0.517759 -3.99563e-20)
(0.661767 -0.507101 -4.50856e-20)
(0.720387 -0.484826 4.30454e-20)
(0.768769 -0.455484 1.792e-20)
(0.809248 -0.422565 -1.71764e-20)
(0.843994 -0.388598 6.31826e-21)
(0.874698 -0.355423 -8.15785e-21)
(0.903557 -0.324288 2.16154e-21)
(0.929131 -0.296994 1.94168e-21)
(0.966928 -0.270727 -2.15794e-21)
(-0.29416 0.384741 2.15578e-19)
(-0.362695 0.364608 -3.90271e-19)
(-0.358048 0.333885 -1.8784e-19)
(-0.331027 0.291967 0)
(-0.28261 0.238581 8.24427e-20)
(-0.211983 0.169656 8.32039e-20)
(-0.116844 0.081908 1.63939e-19)
(0.00223259 -0.0243223 0)
(0.140006 -0.14249 1.4324e-19)
(0.287378 -0.261672 -1.20946e-21)
(0.43406 -0.369334 0)
(0.570562 -0.45459 -2.66528e-19)
(0.687191 -0.509627 1.62492e-19)
(0.780299 -0.534776 5.41715e-20)
(0.852027 -0.536233 3.99706e-20)
(0.906463 -0.521047 0)
(0.947651 -0.495068 2.3334e-20)
(0.979158 -0.463154 -5.04013e-20)
(1.00389 -0.428777 6.96709e-20)
(1.02404 -0.394328 -3.15234e-20)
(1.041 -0.361641 0)
(1.05609 -0.331928 7.13407e-21)
(1.06931 -0.306427 -4.38398e-21)
(1.08471 -0.281374 8.46035e-22)
)
;

boundaryField
{
    rotor
    {
        type            movingWallVelocity;
        value           nonuniform List<vector> 
144
(
(-0.0144333 0.0365213 0)
(-0.0202066 0.0511298 -7.25868e-33)
(-0.0259799 0.0657384 -8.99253e-33)
(-0.0317532 0.0803469 0)
(-0.0375265 0.0949554 6.70032e-33)
(-0.0432998 0.109564 0)
(-0.0125078 0.0288003 -9.97531e-24)
(-0.0143646 0.0279206 0)
(-0.01616 0.0269213 0)
(-0.0178861 0.0258068 -9.97531e-24)
(-0.0195357 0.0245817 0)
(-0.0211016 0.0232514 9.97531e-24)
(-0.0225771 0.0218215 -9.97531e-24)
(-0.023956 0.0202982 0)
(-0.0252322 0.0186879 -9.97531e-24)
(-0.0264005 0.0169976 0)
(-0.0274556 0.0152346 0)
(-0.0283932 0.0134063 0)
(-0.0292092 0.0115206 0)
(-0.0299002 0.00958551 9.97531e-24)
(-0.0304631 0.00760942 0)
(-0.0308955 0.00560075 0)
(-0.0311957 0.00356809 0)
(-0.0313623 0.00152015 0)
(-0.0313946 -0.000534291 0)
(-0.0312924 -0.00258645 0)
(-0.0310562 -0.00462753 0)
(-0.0306871 -0.0066488 0)
(-0.0301865 -0.00864159 0)
(-0.0295567 -0.0105974 0)
(-0.0365213 -0.0144333 0)
(-0.0511298 -0.0202066 0)
(-0.0657384 -0.0259799 0)
(-0.0803469 -0.0317532 0)
(-0.0949554 -0.0375265 -1.12847e-32)
(-0.109564 -0.0432998 5.87747e-34)
(-0.0365213 -0.0144333 0)
(-0.0511298 -0.0202066 5.1134e-33)
(-0.0657384 -0.0259799 0)
(-0.0803469 -0.0317532 0)
(-0.0949554 -0.0375265 4.6432e-33)
(-0.109564 -0.0432998 0)
(-0.0288003 -0.0125078 0)
(-0.0279206 -0.0143646 0)
(-0.0269213 -0.01616 0)
(-0.0258068 -0.0178861 -9.97531e-24)
(-0.0245817 -0.0195357 0)
(-0.0232514 -0.0211016 9.97531e-24)
(-0.0218215 -0.0225771 -9.97531e-24)
(-0.0202982 -0.023956 0)
(-0.0186879 -0.0252322 -9.97531e-24)
(-0.0169976 -0.0264005 0)
(-0.0152346 -0.0274556 0)
(-0.0134063 -0.0283932 0)
(-0.0115206 -0.0292092 0)
(-0.00958551 -0.0299002 9.97531e-24)
(-0.00760942 -0.0304631 0)
(-0.00560075 -0.0308955 0)
(-0.00356809 -0.0311957 0)
(-0.00152015 -0.0313623 0)
(0.000534291 -0.0313946 0)
(0.00258645 -0.0312924 0)
(0.00462753 -0.0310562 0)
(0.0066488 -0.0306871 0)
(0.00864159 -0.0301865 0)
(0.0105974 -0.0295567 0)
(0.0144333 -0.0365213 -3.87913e-33)
(0.0202066 -0.0511298 0)
(0.0259799 -0.0657384 1.14023e-32)
(0.0317532 -0.0803469 0)
(0.0375265 -0.0949554 0)
(0.0432998 -0.109564 -1.73973e-32)
(0.0144333 -0.0365213 0)
(0.0202066 -0.0511298 0)
(0.0259799 -0.0657384 0)
(0.0317532 -0.0803469 0)
(0.0375265 -0.0949554 8.93376e-33)
(0.0432998 -0.109564 -5.40727e-33)
(0.0125078 -0.0288003 -9.97531e-24)
(0.0143646 -0.0279206 0)
(0.01616 -0.0269213 0)
(0.0178861 -0.0258068 -9.97531e-24)
(0.0195357 -0.0245817 0)
(0.0211016 -0.0232514 9.97531e-24)
(0.0225771 -0.0218215 -9.97531e-24)
(0.023956 -0.0202982 0)
(0.0252322 -0.0186879 -9.97531e-24)
(0.0264005 -0.0169976 0)
(0.0274556 -0.0152346 0)
(0.0283932 -0.0134063 0)
(0.0292092 -0.0115206 0)
(0.0299002 -0.00958551 9.97531e-24)
(0.0304631 -0.00760942 0)
(0.0308955 -0.00560075 0)
(0.0311957 -0.00356809 0)
(0.0313623 -0.00152015 0)
(0.0313946 0.000534291 0)
(0.0312924 0.00258645 0)
(0.0310562 0.00462753 0)
(0.0306871 0.0066488 0)
(0.0301865 0.00864159 0)
(0.0295567 0.0105974 9.97531e-24)
(0.0365213 0.0144333 9.60967e-33)
(0.0511298 0.0202066 -1.97777e-32)
(0.0657384 0.0259799 -1.14023e-32)
(0.0803469 0.0317532 0)
(0.0949554 0.0375265 0)
(0.109564 0.0432998 0)
(0.0365213 0.0144333 1.20488e-32)
(0.0511298 0.0202066 0)
(0.0657384 0.0259799 -8.99253e-33)
(0.0803469 0.0317532 0)
(0.0949554 0.0375265 0)
(0.109564 0.0432998 1.0697e-32)
(0.0288003 0.0125078 -9.97531e-24)
(0.0279206 0.0143646 0)
(0.0269213 0.01616 0)
(0.0258068 0.0178861 -9.97531e-24)
(0.0245817 0.0195357 0)
(0.0232514 0.0211016 9.97531e-24)
(0.0218215 0.0225771 -9.97531e-24)
(0.0202982 0.023956 0)
(0.0186879 0.0252322 -9.97531e-24)
(0.0169976 0.0264005 0)
(0.0152346 0.0274556 0)
(0.0134063 0.0283932 0)
(0.0115206 0.0292092 0)
(0.00958551 0.0299002 9.97531e-24)
(0.00760942 0.0304631 0)
(0.00560075 0.0308955 0)
(0.00356809 0.0311957 0)
(0.00152015 0.0313623 0)
(-0.000534291 0.0313946 0)
(-0.00258645 0.0312924 0)
(-0.00462753 0.0310562 0)
(-0.0066488 0.0306871 0)
(-0.00864159 0.0301865 0)
(-0.0105974 0.0295567 -9.97531e-24)
(-0.0144333 0.0365213 0)
(-0.0202066 0.0511298 -8.43417e-33)
(-0.0259799 0.0657384 0)
(-0.0317532 0.0803469 0)
(-0.0375265 0.0949554 -1.12847e-32)
(-0.0432998 0.109564 0)
)
;
    }
    freestream
    {
        type            freestreamVelocity;
        freestreamValue uniform (1 0 0);
        value           nonuniform List<vector> 
96
(
(1.11845 -0.249772 1.81588e-21)
(1.13608 -0.231173 9.91431e-22)
(1.14475 -0.203324 1.68365e-20)
(1.14471 -0.172099 1.79654e-20)
(1.1397 -0.142392 3.31385e-21)
(1.13317 -0.114323 0)
(1.12528 -0.0886416 1.54322e-20)
(1.11625 -0.0661207 5.38136e-21)
(1.10668 -0.0466898 3.35606e-22)
(1.09686 -0.0301218 -8.40019e-21)
(1.08704 -0.0162515 -5.6277e-21)
(1.0774 -0.00483014 3.13607e-20)
(1.0681 0.00442573 -5.31459e-21)
(1.05928 0.0118168 0)
(1.05104 0.0176549 -9.32784e-21)
(1.04346 0.0222606 1.55326e-20)
(1.03662 0.0260148 9.63147e-21)
(1.03055 0.0294693 -2.2516e-21)
(1.02488 0.0335292 0)
(1.01894 0.0387085 -1.19415e-20)
(1.01204 0.0366396 1.2744e-20)
(1.00777 0.0322583 6.41783e-20)
(1.00432 0.0275916 -4.6561e-20)
(1.00173 0.0230738 7.51974e-20)
(0.999902 0.0188874 -5.83934e-21)
(0.99872 0.0151423 -1.21671e-21)
(0.998057 0.0118821 -5.8933e-20)
(0.997791 0.00911461 -5.36659e-20)
(0.997808 0.00682334 -1.60295e-20)
(0.998008 0.00497385 0)
(0.99831 0.00352014 -1.10144e-19)
(0.998649 0.00240966 5.61051e-21)
(0.99898 0.00158749 3.82667e-20)
(0.999275 0.000999757 -3.15803e-20)
(0.999517 0.000596081 -6.36744e-21)
(0.999701 0.000331308 2.43022e-20)
(0.99983 0.000166592 -6.92457e-21)
(0.999913 7.23638e-05 0)
(0.999964 2.55989e-05 -3.09708e-21)
(0.999989 6.12053e-06 8.45812e-22)
(0.999998 6.85913e-08 3.81381e-22)
(1 -3.30449e-07 -7.57365e-24)
(1 -8.21512e-08 0)
(1 -2.72511e-06 -8.94536e-23)
(0.999996 -1.18557e-05 2.81394e-22)
(0.999984 -3.26392e-05 4.03388e-21)
(0.999953 -7.31512e-05 -3.9011e-21)
(0.999893 -0.000145658 1.15011e-20)
(0.999792 -0.000267587 -3.99668e-21)
(0.999652 -0.000469179 1.21066e-22)
(0.999477 -0.000777773 -1.97259e-20)
(0.999233 -0.00121548 -2.43412e-20)
(0.998928 -0.0018285 -9.75462e-21)
(0.998575 -0.00266652 0)
(0.998196 -0.00378472 -1.07629e-19)
(0.997825 -0.00524287 4.25575e-21)
(0.997509 -0.00710457 6.46821e-20)
(0.997316 -0.00943565 -7.10986e-20)
(0.997331 -0.0123016 -1.88724e-20)
(0.99766 -0.0157631 1.04386e-19)
(0.998427 -0.0198688 -2.9896e-20)
(0.999764 -0.0246404 0)
(1.00179 -0.0300367 -3.01269e-20)
(1.00461 -0.035845 2.56688e-20)
(1.00883 -0.0413394 1.83927e-20)
(1.01587 -0.0446694 -3.62243e-21)
(1.02311 -0.0457631 0)
(1.03091 -0.047493 -1.26091e-20)
(1.04044 -0.0492526 1.11385e-20)
(1.05199 -0.0504077 5.08044e-20)
(1.0657 -0.0505444 -4.32796e-20)
(1.08177 -0.0492769 5.1894e-20)
(1.10039 -0.0461432 -1.61273e-20)
(1.12172 -0.0405955 2.6743e-21)
(1.14592 -0.0320207 -4.00618e-20)
(1.17311 -0.0197047 -3.51267e-20)
(1.20337 -0.00285867 -1.04308e-20)
(1.23632 0.0194421 0)
(1.27109 0.0481469 -2.4314e-20)
(1.30532 0.0841228 -2.94249e-21)
(1.33489 0.127781 2.6944e-21)
(1.35251 0.178381 3.02959e-21)
(1.34759 0.233614 -1.78553e-22)
(1.30254 0.286172 -1.1763e-20)
(1.20557 0.325374 1.19231e-22)
(1.0545 0.335895 0)
(0.869787 0.307264 1.52094e-22)
(0.683658 0.24137 -1.99773e-21)
(0.519689 0.151618 5.13994e-22)
(0.398518 0.055392 -4.58864e-22)
(0.369299 -0.0314563 0)
(0.451802 -0.109674 -1.28064e-21)
(0.603588 -0.176262 7.01162e-22)
(0.787246 -0.223252 3.77966e-21)
(0.9693 -0.251315 -2.00321e-21)
(1.07758 -0.2577 7.74852e-22)
)
;
    }
    frontAndBack
    {
        type            empty;
    }
}


// ************************************************************************* //
